id,label
41937,agreed
117063,agreed
306750,unrelated
5069,agreed
218992,unrelated
11569,unrelated
319706,agreed
106194,agreed
212572,agreed
25238,unrelated
197559,unrelated
150201,agreed
308268,agreed
184546,unrelated
189459,unrelated
222176,unrelated
59898,unrelated
182649,unrelated
37649,unrelated
80201,unrelated
198449,agreed
232173,unrelated
84431,unrelated
32877,unrelated
179366,agreed
171745,unrelated
4352,unrelated
238881,unrelated
93581,unrelated
295716,unrelated
317994,unrelated
145123,unrelated
141097,unrelated
162240,agreed
127053,unrelated
86344,unrelated
283947,unrelated
315078,agreed
284394,unrelated
72479,unrelated
37233,agreed
26559,unrelated
154420,unrelated
302422,unrelated
118764,agreed
41313,agreed
274185,agreed
226046,agreed
70863,unrelated
272049,unrelated
280669,agreed
94434,unrelated
285928,agreed
120922,unrelated
188686,unrelated
61534,unrelated
314527,agreed
126917,unrelated
92393,agreed
48566,agreed
7546,unrelated
62835,unrelated
4570,unrelated
22788,unrelated
258476,agreed
57491,unrelated
310432,unrelated
56041,unrelated
20768,unrelated
222642,agreed
49677,agreed
92347,agreed
281021,unrelated
119876,unrelated
317761,unrelated
152059,unrelated
102968,unrelated
75541,unrelated
270216,unrelated
173529,unrelated
263490,unrelated
235428,unrelated
75373,agreed
231900,agreed
58551,unrelated
80250,unrelated
203164,agreed
175016,agreed
75314,agreed
135504,unrelated
111268,unrelated
224238,agreed
13987,agreed
44888,unrelated
256663,unrelated
213479,unrelated
49263,unrelated
144801,unrelated
253513,unrelated
169655,unrelated
199588,unrelated
304402,agreed
159427,unrelated
121328,unrelated
169925,unrelated
161560,unrelated
29262,unrelated
191725,unrelated
213452,unrelated
319730,unrelated
135029,unrelated
20057,unrelated
55593,agreed
165215,unrelated
279449,unrelated
157519,unrelated
224976,unrelated
291484,unrelated
247363,unrelated
148565,unrelated
172756,unrelated
218084,unrelated
94388,unrelated
80782,agreed
145460,unrelated
144397,unrelated
240791,unrelated
171355,unrelated
128345,unrelated
159825,agreed
37577,unrelated
172605,agreed
124367,unrelated
246385,unrelated
155780,agreed
63538,unrelated
208783,agreed
76031,unrelated
9118,unrelated
187024,unrelated
229717,unrelated
275155,unrelated
314328,unrelated
186303,unrelated
191065,unrelated
289815,unrelated
265359,unrelated
155992,unrelated
144358,agreed
96883,agreed
172503,unrelated
118688,unrelated
103771,agreed
151101,unrelated
87135,unrelated
112586,unrelated
236990,agreed
79125,unrelated
259602,agreed
5784,unrelated
242716,unrelated
315406,agreed
263582,unrelated
152426,unrelated
294909,unrelated
277421,agreed
257342,unrelated
200365,agreed
46782,unrelated
135423,agreed
200043,unrelated
99795,unrelated
295168,unrelated
61511,unrelated
103389,agreed
312211,unrelated
47649,agreed
45675,agreed
276967,agreed
50668,unrelated
193978,agreed
248919,unrelated
193469,unrelated
95959,agreed
177144,agreed
153406,unrelated
20582,unrelated
164381,disagreed
225217,agreed
281312,unrelated
16069,unrelated
115608,unrelated
202546,unrelated
103506,agreed
159026,unrelated
195579,unrelated
296275,unrelated
124057,unrelated
235119,agreed
240697,unrelated
28470,unrelated
118613,unrelated
125733,agreed
140496,unrelated
267932,unrelated
194045,unrelated
193677,unrelated
241234,unrelated
230715,agreed
269130,unrelated
130697,unrelated
87429,agreed
40878,agreed
19383,unrelated
192850,unrelated
302960,unrelated
11926,unrelated
44681,unrelated
192009,unrelated
209829,unrelated
21385,unrelated
287960,unrelated
823,agreed
320770,unrelated
313827,agreed
93069,unrelated
305872,unrelated
315804,unrelated
310466,agreed
126593,unrelated
159098,agreed
132525,unrelated
186511,unrelated
110895,unrelated
110313,unrelated
283094,unrelated
66083,unrelated
80737,agreed
108908,unrelated
17394,unrelated
104873,unrelated
144777,agreed
318471,unrelated
32820,unrelated
62956,unrelated
297149,unrelated
188562,agreed
183299,unrelated
308289,unrelated
277832,unrelated
138404,unrelated
162465,unrelated
226638,agreed
83722,unrelated
266661,agreed
302811,unrelated
25622,unrelated
144753,unrelated
268433,unrelated
171673,unrelated
184983,unrelated
31178,agreed
223965,agreed
135176,unrelated
29566,agreed
43728,unrelated
86961,unrelated
232963,agreed
181452,unrelated
105422,unrelated
114419,unrelated
235683,agreed
178836,agreed
121520,unrelated
193827,agreed
313463,unrelated
190952,unrelated
307810,unrelated
74841,unrelated
87180,agreed
165736,unrelated
81464,unrelated
54994,unrelated
273403,unrelated
45517,agreed
151190,unrelated
320048,agreed
70963,unrelated
291556,unrelated
106450,unrelated
246247,agreed
12735,unrelated
224683,unrelated
124757,unrelated
305512,unrelated
309976,agreed
9921,disagreed
133085,unrelated
161535,agreed
105746,unrelated
18699,agreed
301249,unrelated
256041,agreed
139873,agreed
111562,unrelated
55755,agreed
90514,unrelated
188364,unrelated
55653,unrelated
55636,unrelated
139691,unrelated
58854,unrelated
312500,agreed
226604,agreed
300456,unrelated
126911,agreed
32791,unrelated
257571,unrelated
51758,agreed
75330,unrelated
151757,unrelated
175353,unrelated
119945,unrelated
9266,unrelated
174843,agreed
145474,unrelated
224294,agreed
220257,unrelated
146358,agreed
195442,unrelated
123895,unrelated
149185,unrelated
79039,agreed
66233,unrelated
20944,unrelated
72700,unrelated
61829,agreed
272045,unrelated
129633,agreed
4211,unrelated
120180,unrelated
159429,unrelated
106899,unrelated
172707,unrelated
78938,unrelated
298495,unrelated
297358,unrelated
302557,unrelated
222084,agreed
289295,unrelated
64831,agreed
91610,unrelated
312139,unrelated
265629,agreed
181656,unrelated
242227,unrelated
108343,unrelated
67870,unrelated
205087,unrelated
216868,unrelated
314438,unrelated
239027,unrelated
310504,agreed
161436,agreed
251304,unrelated
30048,unrelated
87431,agreed
283487,unrelated
82902,agreed
241145,unrelated
217995,agreed
292840,unrelated
120003,unrelated
24681,agreed
117305,unrelated
301003,agreed
95605,agreed
93415,unrelated
19723,unrelated
141099,unrelated
41198,unrelated
198331,unrelated
118109,unrelated
32755,agreed
183588,unrelated
302185,unrelated
232766,unrelated
27551,unrelated
46241,agreed
290561,unrelated
90506,unrelated
235895,unrelated
265728,agreed
60418,unrelated
211258,unrelated
100062,unrelated
6464,unrelated
160754,unrelated
197548,unrelated
303761,agreed
203709,unrelated
141449,unrelated
292240,unrelated
117163,agreed
207252,unrelated
78071,agreed
278097,unrelated
212109,unrelated
111940,unrelated
70667,unrelated
177959,unrelated
75842,unrelated
142023,unrelated
40057,unrelated
254098,unrelated
148864,unrelated
320745,agreed
26577,agreed
248890,unrelated
115013,agreed
157337,unrelated
41447,unrelated
118875,unrelated
207994,unrelated
106138,agreed
202472,agreed
108664,unrelated
86302,unrelated
214395,unrelated
301767,agreed
82654,agreed
9622,unrelated
199618,unrelated
10159,agreed
114530,unrelated
250486,agreed
297462,unrelated
279363,unrelated
78732,unrelated
34800,unrelated
307287,unrelated
36307,unrelated
183326,agreed
189293,unrelated
120664,unrelated
293838,unrelated
316817,agreed
198021,agreed
236131,unrelated
68254,agreed
137039,unrelated
217000,agreed
241913,unrelated
231875,unrelated
234205,agreed
60622,unrelated
123478,unrelated
105864,unrelated
105326,unrelated
310622,agreed
216391,agreed
154842,unrelated
282522,unrelated
155649,unrelated
295083,unrelated
140680,unrelated
225831,unrelated
283640,unrelated
156802,agreed
244139,unrelated
276902,agreed
149830,unrelated
127986,unrelated
233041,unrelated
193382,unrelated
102053,unrelated
45296,unrelated
151849,unrelated
9215,agreed
180368,agreed
272323,unrelated
84591,unrelated
298530,unrelated
290563,unrelated
264889,unrelated
188215,agreed
293296,unrelated
307858,agreed
92529,agreed
5873,unrelated
36945,agreed
92168,agreed
155643,unrelated
69946,unrelated
60553,unrelated
79227,unrelated
96925,unrelated
267240,unrelated
216687,unrelated
178558,agreed
310410,unrelated
42301,agreed
52405,unrelated
127888,unrelated
125215,unrelated
57549,unrelated
88128,unrelated
182110,unrelated
94068,unrelated
224024,unrelated
244460,unrelated
3168,unrelated
306083,unrelated
86599,unrelated
156596,agreed
160155,unrelated
51486,unrelated
141754,unrelated
271217,agreed
269249,agreed
155379,agreed
79585,unrelated
99528,unrelated
220985,agreed
34953,agreed
242327,unrelated
16791,agreed
55990,agreed
311416,agreed
35251,unrelated
263799,unrelated
117601,unrelated
49827,unrelated
251437,unrelated
180038,agreed
199997,unrelated
49636,agreed
285080,unrelated
239204,unrelated
215838,unrelated
242939,agreed
229217,agreed
282318,unrelated
62325,unrelated
240663,agreed
140044,unrelated
220374,agreed
246433,unrelated
1804,unrelated
303958,unrelated
280746,agreed
10241,unrelated
216738,unrelated
109139,unrelated
3436,agreed
164682,unrelated
50823,unrelated
265250,agreed
189624,unrelated
230855,agreed
184114,unrelated
199583,unrelated
226234,unrelated
73173,agreed
80183,unrelated
184119,agreed
86594,agreed
193189,agreed
158988,unrelated
11244,agreed
296443,unrelated
45923,unrelated
62352,agreed
27748,agreed
5646,unrelated
130176,unrelated
306056,agreed
199257,disagreed
57967,unrelated
73609,unrelated
66381,unrelated
27920,agreed
254629,unrelated
137452,agreed
64347,agreed
64268,agreed
155520,agreed
204254,unrelated
50783,unrelated
60212,agreed
35967,disagreed
260388,agreed
302906,unrelated
84824,unrelated
258611,unrelated
35219,unrelated
250956,unrelated
313344,unrelated
148323,unrelated
72923,unrelated
262038,unrelated
248856,unrelated
104720,unrelated
104055,unrelated
105306,unrelated
60957,unrelated
241391,unrelated
246776,agreed
43481,agreed
117969,unrelated
64340,agreed
186386,unrelated
249264,unrelated
217178,unrelated
81851,agreed
39253,unrelated
198555,unrelated
43615,unrelated
277630,agreed
14798,unrelated
22464,unrelated
94120,unrelated
159212,agreed
154410,unrelated
199161,unrelated
307098,unrelated
276460,agreed
139138,agreed
97614,unrelated
310124,unrelated
166859,unrelated
281957,agreed
10076,unrelated
256272,agreed
52462,unrelated
242203,unrelated
295622,unrelated
104865,unrelated
203899,agreed
113523,unrelated
189456,unrelated
158529,unrelated
279787,unrelated
39954,unrelated
300530,unrelated
246143,unrelated
48081,unrelated
211446,unrelated
74453,unrelated
121626,unrelated
77729,agreed
107626,agreed
158492,agreed
6530,unrelated
137772,unrelated
144099,unrelated
197594,unrelated
246466,agreed
158708,unrelated
295317,unrelated
312038,unrelated
143302,unrelated
246751,unrelated
87316,agreed
291637,unrelated
263370,unrelated
86053,unrelated
79752,unrelated
4031,agreed
313608,agreed
275447,unrelated
106121,agreed
143074,unrelated
263413,unrelated
113821,unrelated
182957,unrelated
65592,agreed
114186,unrelated
7964,agreed
138981,agreed
125557,unrelated
310194,unrelated
13207,unrelated
243441,unrelated
304237,unrelated
104881,agreed
37620,unrelated
176744,unrelated
310650,unrelated
73380,unrelated
117715,unrelated
306374,unrelated
85939,agreed
187096,unrelated
237904,unrelated
106934,unrelated
140372,agreed
152153,agreed
160300,unrelated
165619,agreed
228244,unrelated
215611,unrelated
306915,unrelated
287847,disagreed
237369,agreed
191057,unrelated
18401,unrelated
224840,unrelated
164329,unrelated
302897,unrelated
151078,unrelated
68206,agreed
146634,agreed
55210,agreed
316327,unrelated
209223,agreed
194798,agreed
103456,agreed
218067,unrelated
20531,unrelated
123323,unrelated
306912,agreed
129155,agreed
159459,unrelated
204307,agreed
24525,unrelated
14263,unrelated
267134,unrelated
291566,unrelated
277568,agreed
7468,unrelated
138410,unrelated
39624,unrelated
231158,unrelated
121169,unrelated
56736,unrelated
215317,unrelated
29614,unrelated
178804,unrelated
146436,unrelated
308944,unrelated
122737,unrelated
119440,agreed
41082,unrelated
318557,unrelated
204454,unrelated
247594,unrelated
253341,unrelated
270905,agreed
28751,unrelated
197709,unrelated
64716,agreed
172842,agreed
18999,unrelated
50520,unrelated
52050,unrelated
50930,agreed
295369,unrelated
159452,unrelated
39310,unrelated
113478,unrelated
244031,unrelated
212695,unrelated
120334,agreed
11121,agreed
202513,agreed
271367,agreed
93115,agreed
1397,unrelated
315464,unrelated
261258,agreed
95504,agreed
7161,unrelated
230846,unrelated
254418,unrelated
152055,unrelated
61978,unrelated
167416,unrelated
303915,unrelated
203237,agreed
74375,unrelated
50539,unrelated
225491,agreed
198446,agreed
222201,unrelated
145161,unrelated
313704,unrelated
27941,unrelated
309428,unrelated
579,unrelated
172996,unrelated
36455,unrelated
232106,unrelated
302751,unrelated
281492,unrelated
257223,unrelated
320024,unrelated
236929,unrelated
218237,agreed
147283,agreed
10765,agreed
314170,agreed
319053,unrelated
256017,unrelated
155199,agreed
124511,agreed
18135,unrelated
20078,unrelated
14741,unrelated
288410,unrelated
186576,unrelated
210570,unrelated
227224,unrelated
171987,unrelated
19034,unrelated
174153,unrelated
25215,agreed
185768,unrelated
80031,unrelated
286578,unrelated
8058,unrelated
221201,unrelated
172303,unrelated
114498,agreed
121553,unrelated
153565,agreed
185854,unrelated
180418,unrelated
237476,unrelated
144677,unrelated
30010,agreed
89323,unrelated
278877,unrelated
80040,unrelated
290615,disagreed
2533,unrelated
74996,disagreed
104347,agreed
266078,agreed
208237,unrelated
141533,unrelated
207696,unrelated
108015,agreed
48926,agreed
63590,unrelated
240770,unrelated
314920,unrelated
264278,agreed
235000,unrelated
305030,agreed
122039,unrelated
207083,agreed
22758,unrelated
156581,agreed
139330,unrelated
133490,agreed
234501,agreed
269229,agreed
311677,agreed
69548,unrelated
14844,agreed
14368,unrelated
10620,unrelated
220610,agreed
86110,unrelated
37131,unrelated
234682,unrelated
207298,unrelated
196531,unrelated
309320,agreed
275743,unrelated
174114,unrelated
11585,unrelated
260481,unrelated
99584,unrelated
217080,agreed
290968,agreed
243743,agreed
238171,agreed
119091,unrelated
23576,agreed
90811,unrelated
3835,agreed
271061,unrelated
1082,unrelated
159217,agreed
123487,unrelated
161813,unrelated
291842,unrelated
276266,agreed
90828,unrelated
82980,unrelated
55122,unrelated
82815,unrelated
42277,agreed
33366,unrelated
248900,unrelated
29091,unrelated
6041,unrelated
55430,unrelated
6862,unrelated
235756,unrelated
168919,agreed
198561,agreed
81583,unrelated
23911,unrelated
209238,unrelated
103030,unrelated
77663,unrelated
91000,unrelated
214137,unrelated
139495,unrelated
53020,agreed
79159,unrelated
305614,agreed
94980,unrelated
14934,unrelated
146411,unrelated
64127,unrelated
148844,unrelated
28945,unrelated
273284,unrelated
161087,unrelated
206986,unrelated
90761,unrelated
32187,unrelated
204338,unrelated
306377,agreed
224711,unrelated
73853,unrelated
286013,agreed
252133,disagreed
71274,unrelated
301784,agreed
59035,unrelated
93318,agreed
103638,unrelated
217987,agreed
152681,agreed
88854,unrelated
63906,unrelated
65916,unrelated
137371,unrelated
304326,unrelated
39856,unrelated
159838,agreed
266057,agreed
113739,unrelated
179037,agreed
297957,unrelated
297880,unrelated
48863,unrelated
148611,unrelated
315593,agreed
320488,unrelated
246635,unrelated
61034,unrelated
11046,unrelated
253351,agreed
231563,unrelated
37837,unrelated
280079,unrelated
131904,agreed
199920,unrelated
256919,unrelated
61782,unrelated
121486,unrelated
115389,unrelated
232089,unrelated
127865,unrelated
310974,unrelated
83235,agreed
287280,unrelated
55298,unrelated
313494,unrelated
311434,agreed
303478,unrelated
171147,unrelated
158569,unrelated
302279,agreed
6393,unrelated
171256,unrelated
313922,agreed
88708,unrelated
176307,unrelated
162921,unrelated
68765,unrelated
320184,unrelated
13531,agreed
145466,unrelated
156518,unrelated
210983,unrelated
122135,unrelated
21049,agreed
225080,agreed
179905,unrelated
125582,unrelated
114048,unrelated
80711,agreed
67895,disagreed
208688,unrelated
31117,unrelated
297597,unrelated
255175,unrelated
170542,unrelated
50443,unrelated
93516,unrelated
187532,agreed
40709,unrelated
296743,unrelated
122613,unrelated
138196,unrelated
240834,unrelated
257137,unrelated
64092,agreed
101521,unrelated
134859,agreed
240483,agreed
99607,disagreed
22566,unrelated
246960,unrelated
218446,agreed
298077,unrelated
216630,unrelated
85733,unrelated
30821,agreed
287351,unrelated
119829,agreed
141572,unrelated
104207,agreed
67180,agreed
210806,unrelated
1054,unrelated
305978,unrelated
126921,agreed
284111,unrelated
95242,agreed
98711,agreed
18259,agreed
5427,unrelated
209867,unrelated
232046,unrelated
278794,unrelated
221,unrelated
112598,unrelated
4795,unrelated
148105,agreed
170926,unrelated
159081,unrelated
219313,unrelated
170231,unrelated
310946,unrelated
14873,unrelated
3476,unrelated
156251,unrelated
288283,agreed
293181,agreed
308117,unrelated
174438,agreed
18775,agreed
140170,unrelated
81869,unrelated
175563,unrelated
152553,unrelated
40532,unrelated
233936,unrelated
300090,unrelated
419,unrelated
109155,agreed
249431,agreed
264210,unrelated
116181,agreed
174001,agreed
160901,unrelated
277121,agreed
23350,unrelated
28288,unrelated
184011,unrelated
214817,unrelated
9761,unrelated
63856,unrelated
144105,unrelated
23002,agreed
295977,unrelated
261983,unrelated
271857,unrelated
279467,unrelated
137188,agreed
75197,unrelated
41784,agreed
191250,unrelated
120164,unrelated
210951,agreed
205273,unrelated
14331,unrelated
88014,unrelated
168380,unrelated
91405,agreed
289935,unrelated
3585,unrelated
69546,unrelated
307649,unrelated
206466,unrelated
193790,agreed
142267,unrelated
245448,agreed
241593,unrelated
34685,unrelated
61857,agreed
240091,unrelated
288774,unrelated
169712,unrelated
157495,unrelated
202165,unrelated
276739,unrelated
77384,unrelated
226198,agreed
117245,unrelated
88776,unrelated
252142,unrelated
180540,agreed
163051,unrelated
39579,unrelated
258067,agreed
192815,unrelated
320345,agreed
51894,unrelated
124701,unrelated
41310,agreed
152977,unrelated
158159,unrelated
285267,unrelated
172991,unrelated
47023,unrelated
150786,agreed
191001,unrelated
7514,unrelated
20364,unrelated
258902,unrelated
69023,unrelated
313380,unrelated
214388,unrelated
204577,unrelated
300708,unrelated
195662,unrelated
151284,unrelated
60136,agreed
261710,agreed
250295,unrelated
38491,unrelated
252657,unrelated
201416,unrelated
315879,agreed
157046,disagreed
130647,unrelated
184735,unrelated
316581,unrelated
134051,unrelated
212628,unrelated
83783,unrelated
254199,unrelated
155423,unrelated
250897,agreed
111913,unrelated
42641,agreed
110888,unrelated
22706,unrelated
26900,unrelated
85331,unrelated
190040,unrelated
257404,agreed
223546,disagreed
53706,unrelated
136483,unrelated
40290,unrelated
277470,agreed
237409,unrelated
138635,unrelated
289382,agreed
212610,unrelated
171019,agreed
223199,disagreed
182118,unrelated
31093,unrelated
178560,unrelated
11127,unrelated
117279,unrelated
204021,unrelated
97195,unrelated
315477,agreed
14341,agreed
242312,agreed
139771,unrelated
78287,unrelated
228804,agreed
187663,unrelated
274234,unrelated
249287,unrelated
151007,agreed
29350,agreed
258027,agreed
126369,unrelated
137610,unrelated
228155,unrelated
27773,unrelated
169816,unrelated
291833,unrelated
110525,unrelated
283862,unrelated
56178,unrelated
137462,agreed
226486,agreed
87944,unrelated
180376,agreed
267366,agreed
156797,unrelated
142446,unrelated
264471,agreed
50433,unrelated
196243,unrelated
175402,unrelated
161060,unrelated
117243,unrelated
289232,unrelated
304982,unrelated
215214,unrelated
238622,unrelated
253866,unrelated
128008,unrelated
72861,unrelated
214517,unrelated
236848,unrelated
149342,agreed
4584,unrelated
14719,agreed
195291,unrelated
90816,unrelated
252358,unrelated
219728,unrelated
143563,unrelated
180733,agreed
196986,unrelated
35997,agreed
11497,unrelated
274119,unrelated
297432,unrelated
162853,unrelated
94540,unrelated
246027,unrelated
265381,agreed
28327,unrelated
18209,unrelated
131419,agreed
317536,unrelated
93636,unrelated
42739,unrelated
133327,unrelated
63758,agreed
241198,unrelated
243769,agreed
216960,unrelated
131915,unrelated
96101,unrelated
283080,unrelated
27080,agreed
126424,unrelated
318703,unrelated
118644,unrelated
83383,unrelated
141850,unrelated
301663,agreed
98186,unrelated
273314,unrelated
65626,agreed
145052,agreed
290180,agreed
94113,unrelated
320863,unrelated
259623,agreed
316729,unrelated
309531,unrelated
198250,unrelated
101225,unrelated
821,unrelated
237813,unrelated
172,unrelated
141519,unrelated
215229,unrelated
259380,unrelated
261486,unrelated
233598,unrelated
236894,agreed
103539,agreed
270396,unrelated
286489,unrelated
177337,unrelated
24512,unrelated
252952,agreed
21816,unrelated
318613,unrelated
310493,agreed
65434,unrelated
167581,unrelated
185490,unrelated
144126,unrelated
38627,unrelated
35661,unrelated
67026,unrelated
39816,agreed
308886,agreed
50612,unrelated
315575,unrelated
299506,unrelated
262308,agreed
32154,unrelated
196896,unrelated
26902,unrelated
189783,agreed
80315,unrelated
59158,unrelated
52224,unrelated
109372,unrelated
268431,agreed
193690,agreed
133988,agreed
110674,unrelated
1820,unrelated
44501,unrelated
251314,agreed
134064,agreed
121768,agreed
297815,unrelated
4189,unrelated
79283,unrelated
293006,unrelated
69580,agreed
232267,unrelated
18371,unrelated
185355,agreed
84263,unrelated
194210,unrelated
191835,agreed
149039,unrelated
219887,unrelated
147787,unrelated
154533,agreed
120193,agreed
226620,unrelated
205033,agreed
297429,unrelated
237284,unrelated
127406,agreed
60404,unrelated
72775,unrelated
90540,unrelated
217707,unrelated
4604,unrelated
83654,unrelated
157278,agreed
276199,unrelated
81206,unrelated
278013,disagreed
30948,unrelated
229206,unrelated
106143,agreed
286425,unrelated
141984,unrelated
86938,unrelated
178810,unrelated
137567,agreed
13101,unrelated
234069,unrelated
134072,unrelated
129961,unrelated
244630,unrelated
23071,unrelated
26993,unrelated
165966,agreed
164253,agreed
43535,unrelated
137458,unrelated
66907,unrelated
73706,unrelated
23047,unrelated
228593,agreed
39828,unrelated
200887,unrelated
68319,unrelated
263079,agreed
246913,agreed
5448,agreed
187394,unrelated
314000,unrelated
32739,agreed
100530,unrelated
246334,unrelated
199785,unrelated
300158,agreed
280163,unrelated
224079,unrelated
213737,unrelated
128608,unrelated
173081,unrelated
112031,agreed
74920,agreed
289577,unrelated
172346,agreed
11840,agreed
278334,unrelated
212681,unrelated
70022,agreed
105129,unrelated
11456,unrelated
237607,unrelated
86183,unrelated
112985,unrelated
89228,agreed
130574,unrelated
74183,unrelated
76797,unrelated
102219,agreed
52170,agreed
243948,unrelated
310716,agreed
58967,unrelated
95799,agreed
261777,disagreed
286047,agreed
290727,unrelated
269340,agreed
192126,agreed
319034,unrelated
190177,unrelated
21579,unrelated
39766,unrelated
205726,agreed
6587,unrelated
147268,agreed
106439,unrelated
217397,unrelated
160025,unrelated
32925,unrelated
257926,unrelated
248946,unrelated
129896,agreed
175351,unrelated
293082,unrelated
142830,unrelated
97711,unrelated
221724,unrelated
71584,unrelated
74802,unrelated
267517,agreed
234097,unrelated
153114,unrelated
214832,unrelated
5721,unrelated
247375,agreed
81355,unrelated
104492,agreed
143853,unrelated
112574,unrelated
150903,agreed
40024,unrelated
191619,unrelated
50165,agreed
176429,unrelated
208156,unrelated
70124,unrelated
153150,unrelated
206088,agreed
247475,unrelated
127383,agreed
48794,unrelated
161079,unrelated
241029,unrelated
172560,unrelated
32097,unrelated
319421,unrelated
216939,unrelated
304577,unrelated
231125,agreed
172171,unrelated
237048,agreed
152962,unrelated
168540,agreed
167537,unrelated
257712,agreed
101174,agreed
59668,agreed
310858,agreed
78622,agreed
78196,unrelated
18954,agreed
46766,unrelated
279385,unrelated
252239,agreed
197274,agreed
45600,agreed
33501,unrelated
70485,unrelated
318156,unrelated
283587,unrelated
91028,unrelated
61076,unrelated
217277,unrelated
312033,unrelated
52066,unrelated
212374,unrelated
36476,unrelated
43935,unrelated
271977,unrelated
276000,agreed
241171,unrelated
257295,unrelated
195250,agreed
44748,unrelated
113315,unrelated
69475,unrelated
50318,unrelated
92997,agreed
180989,unrelated
90266,unrelated
114532,unrelated
213763,unrelated
235336,unrelated
241997,unrelated
304210,agreed
175485,unrelated
159152,agreed
283579,unrelated
24963,unrelated
116741,unrelated
19469,agreed
228811,unrelated
146855,unrelated
198341,agreed
301659,agreed
296578,unrelated
91257,unrelated
187168,unrelated
99096,unrelated
200660,unrelated
46366,agreed
107734,agreed
51843,unrelated
113992,unrelated
35593,unrelated
111804,unrelated
154268,unrelated
256395,agreed
165942,agreed
315404,unrelated
166571,unrelated
299586,unrelated
221839,agreed
243564,agreed
213103,unrelated
311175,unrelated
150078,agreed
264990,unrelated
166390,agreed
95976,agreed
256383,unrelated
126438,unrelated
92682,agreed
175999,unrelated
86737,unrelated
49678,unrelated
45347,unrelated
51696,unrelated
297648,unrelated
239618,unrelated
262627,unrelated
303221,unrelated
99367,unrelated
319243,unrelated
132067,unrelated
134708,unrelated
203500,unrelated
271281,agreed
29998,unrelated
205190,agreed
121614,unrelated
259799,unrelated
48732,unrelated
48771,unrelated
123760,unrelated
91801,unrelated
106101,unrelated
174563,agreed
145159,unrelated
260259,unrelated
166465,agreed
130783,agreed
140124,agreed
152712,unrelated
7601,agreed
214323,unrelated
193343,unrelated
247843,unrelated
175203,unrelated
168894,unrelated
79132,unrelated
81088,unrelated
217759,agreed
58012,unrelated
41681,unrelated
122634,unrelated
119934,unrelated
49524,unrelated
15478,unrelated
91794,unrelated
217635,unrelated
158850,agreed
102998,unrelated
251030,agreed
259933,unrelated
113253,unrelated
309860,unrelated
218786,agreed
261708,unrelated
66752,unrelated
125664,unrelated
1674,unrelated
131839,unrelated
52669,unrelated
41544,unrelated
146770,unrelated
152633,unrelated
300387,unrelated
299438,unrelated
68468,unrelated
252625,unrelated
269302,agreed
21894,agreed
235290,unrelated
40168,unrelated
137748,unrelated
69984,agreed
318941,unrelated
63320,unrelated
148270,unrelated
159651,unrelated
11248,agreed
46686,unrelated
163491,agreed
22435,unrelated
165455,unrelated
228385,agreed
234719,agreed
153817,unrelated
165216,unrelated
187601,unrelated
253244,unrelated
131864,unrelated
210368,agreed
18176,unrelated
250864,agreed
13513,unrelated
156073,unrelated
3736,agreed
27776,unrelated
246161,unrelated
143610,agreed
125243,unrelated
158721,unrelated
71934,unrelated
128554,disagreed
268804,agreed
13014,agreed
42461,unrelated
274504,unrelated
60113,unrelated
236714,unrelated
128055,unrelated
310597,agreed
194383,unrelated
149033,unrelated
171856,unrelated
133478,agreed
175035,agreed
274085,unrelated
42299,agreed
275890,agreed
158812,unrelated
160985,unrelated
298548,unrelated
90606,agreed
151300,unrelated
51302,unrelated
116097,agreed
11830,unrelated
198668,unrelated
27993,unrelated
224296,agreed
121253,agreed
9978,unrelated
118391,unrelated
267304,unrelated
196729,unrelated
151432,unrelated
156189,unrelated
36239,unrelated
233510,unrelated
39987,unrelated
21479,unrelated
114251,agreed
187616,unrelated
183189,unrelated
120711,unrelated
213252,agreed
177693,unrelated
226452,agreed
72039,unrelated
94278,unrelated
214518,unrelated
113878,agreed
216922,unrelated
19796,unrelated
2484,agreed
140580,agreed
285383,unrelated
109141,agreed
33199,agreed
105582,agreed
109584,unrelated
210295,agreed
136006,unrelated
287670,unrelated
81324,unrelated
9278,unrelated
234642,unrelated
317549,unrelated
125847,unrelated
102613,agreed
105872,agreed
189594,unrelated
18248,disagreed
212940,unrelated
270883,unrelated
145187,unrelated
225095,agreed
253957,unrelated
89836,agreed
63949,agreed
292600,unrelated
128876,unrelated
42322,unrelated
162270,unrelated
253992,unrelated
102210,unrelated
218927,unrelated
265018,unrelated
302707,unrelated
163390,unrelated
38785,unrelated
55391,unrelated
121780,agreed
20462,unrelated
253415,unrelated
74872,unrelated
94350,unrelated
311664,agreed
313531,agreed
4755,agreed
152547,unrelated
200161,unrelated
213859,unrelated
223181,unrelated
5559,unrelated
137397,unrelated
228801,unrelated
96425,unrelated
253042,unrelated
263988,unrelated
40437,agreed
197898,agreed
269488,unrelated
162596,unrelated
198411,unrelated
40193,unrelated
241948,unrelated
315581,unrelated
275797,unrelated
15656,agreed
69253,agreed
50674,unrelated
67074,unrelated
110805,unrelated
225941,unrelated
93265,agreed
96641,agreed
245791,agreed
168876,unrelated
49389,unrelated
17360,unrelated
24050,unrelated
317649,agreed
275093,unrelated
215962,unrelated
230339,agreed
100095,unrelated
41441,unrelated
43550,unrelated
191068,unrelated
205607,unrelated
302039,unrelated
134563,unrelated
264590,unrelated
81202,unrelated
133035,unrelated
52820,unrelated
319255,unrelated
53390,unrelated
291051,agreed
160124,unrelated
95684,unrelated
80241,unrelated
145138,unrelated
221625,unrelated
172139,unrelated
165144,unrelated
95393,unrelated
66911,unrelated
183003,agreed
154653,unrelated
143783,unrelated
245664,agreed
30549,unrelated
192871,unrelated
248133,agreed
154016,unrelated
87757,unrelated
15132,unrelated
255338,unrelated
234927,unrelated
110512,unrelated
279269,unrelated
310358,unrelated
38293,unrelated
24784,agreed
77773,agreed
317072,agreed
174793,unrelated
207283,unrelated
69497,unrelated
259590,unrelated
279667,unrelated
12337,unrelated
267554,agreed
230156,unrelated
143796,unrelated
52025,unrelated
127088,unrelated
164429,unrelated
275736,unrelated
195340,agreed
254691,agreed
34466,unrelated
180146,unrelated
254369,unrelated
157959,agreed
162543,unrelated
163074,unrelated
104120,unrelated
66486,unrelated
237190,agreed
151397,unrelated
101012,unrelated
225070,agreed
297117,unrelated
247210,disagreed
254284,agreed
53438,agreed
211895,agreed
66492,unrelated
263330,unrelated
120867,unrelated
229591,unrelated
86274,unrelated
91074,unrelated
129566,unrelated
2610,unrelated
234146,unrelated
9524,unrelated
44536,agreed
255902,unrelated
13788,agreed
174632,agreed
118427,unrelated
247500,unrelated
255618,unrelated
308481,unrelated
275801,unrelated
45478,unrelated
204213,unrelated
138285,unrelated
162355,unrelated
317038,unrelated
98886,agreed
123379,agreed
204652,unrelated
123935,agreed
22398,unrelated
184764,unrelated
213459,unrelated
57436,unrelated
263628,unrelated
93783,unrelated
134776,unrelated
170167,unrelated
4412,unrelated
1065,unrelated
279122,unrelated
300263,unrelated
270152,unrelated
242614,unrelated
69431,unrelated
303397,unrelated
89399,unrelated
293574,unrelated
258905,unrelated
116915,unrelated
253576,unrelated
196731,unrelated
307677,unrelated
262029,unrelated
19993,unrelated
193300,unrelated
137917,unrelated
37877,unrelated
197317,agreed
228393,unrelated
188603,disagreed
91245,unrelated
228160,unrelated
88652,agreed
179845,unrelated
210541,agreed
151658,unrelated
146898,unrelated
256610,agreed
51525,unrelated
30880,unrelated
233497,unrelated
216626,unrelated
187026,unrelated
32901,agreed
186414,unrelated
31927,unrelated
279737,agreed
168173,unrelated
130807,unrelated
179347,agreed
85558,unrelated
73551,agreed
142939,unrelated
112402,unrelated
320145,unrelated
40029,unrelated
7673,unrelated
30770,unrelated
132511,agreed
19522,unrelated
107364,unrelated
169127,unrelated
245881,agreed
203313,unrelated
123759,agreed
99249,unrelated
229721,unrelated
88481,agreed
50103,unrelated
6719,unrelated
26147,unrelated
45729,agreed
309744,unrelated
258826,unrelated
209623,unrelated
316820,agreed
23084,unrelated
256194,unrelated
67902,unrelated
199891,agreed
66234,unrelated
15356,agreed
148808,agreed
118615,unrelated
313525,unrelated
167107,unrelated
233827,unrelated
233187,unrelated
321067,unrelated
12938,agreed
62777,agreed
291994,agreed
237970,agreed
181913,unrelated
186907,unrelated
232736,unrelated
108604,unrelated
107705,agreed
316364,unrelated
95649,unrelated
127143,unrelated
227834,unrelated
182668,unrelated
303401,unrelated
191448,unrelated
139637,unrelated
37095,agreed
72655,agreed
112648,unrelated
53533,agreed
120133,unrelated
251609,unrelated
220749,unrelated
114989,unrelated
45800,agreed
130365,unrelated
162133,unrelated
198066,agreed
256163,unrelated
100899,unrelated
303622,unrelated
35597,unrelated
33516,unrelated
9545,unrelated
100596,agreed
23180,unrelated
114086,unrelated
62074,unrelated
86405,unrelated
22196,unrelated
116876,unrelated
100084,unrelated
184859,unrelated
273741,unrelated
61662,unrelated
163117,unrelated
107436,unrelated
74217,unrelated
203910,unrelated
5868,unrelated
27221,unrelated
117438,unrelated
163744,unrelated
64968,unrelated
2751,agreed
26762,agreed
238513,unrelated
135463,unrelated
20657,agreed
115073,agreed
127013,unrelated
265647,agreed
33051,unrelated
87627,agreed
160013,unrelated
260597,unrelated
145859,unrelated
84619,unrelated
307697,agreed
133010,unrelated
116784,unrelated
85542,unrelated
250558,unrelated
31944,agreed
284769,unrelated
288251,agreed
107184,unrelated
129865,agreed
3415,unrelated
212525,unrelated
176107,agreed
60477,unrelated
1678,agreed
315244,agreed
18212,disagreed
314590,agreed
213989,agreed
94524,unrelated
3543,unrelated
140224,unrelated
31577,agreed
309873,agreed
86869,agreed
252900,agreed
184167,unrelated
87775,unrelated
31842,unrelated
237055,agreed
144483,unrelated
277567,unrelated
76584,unrelated
215546,unrelated
78632,agreed
286261,unrelated
43289,unrelated
268211,unrelated
17356,agreed
1524,unrelated
265403,unrelated
197150,unrelated
132521,agreed
195153,agreed
255925,unrelated
84212,unrelated
47288,unrelated
165569,unrelated
160150,unrelated
220485,unrelated
40053,agreed
157809,agreed
632,agreed
40382,unrelated
71095,unrelated
162561,unrelated
160809,unrelated
168015,unrelated
75917,agreed
62254,unrelated
105593,unrelated
103372,unrelated
315632,unrelated
51368,agreed
268542,unrelated
276163,unrelated
214935,unrelated
42379,unrelated
263675,unrelated
193578,agreed
121624,unrelated
44285,agreed
58881,unrelated
260327,unrelated
292643,unrelated
126356,unrelated
192377,agreed
197855,unrelated
282035,agreed
19830,unrelated
93755,agreed
33809,unrelated
42328,unrelated
18279,agreed
106825,agreed
43075,unrelated
211768,agreed
65748,unrelated
212106,agreed
205227,unrelated
142760,agreed
204961,agreed
269676,agreed
255669,unrelated
188586,unrelated
213585,unrelated
159363,unrelated
17358,agreed
209845,unrelated
198628,agreed
204738,agreed
285767,unrelated
22433,unrelated
41732,agreed
112835,agreed
283532,unrelated
125831,unrelated
186281,agreed
35949,unrelated
48437,unrelated
283858,unrelated
33420,unrelated
182734,agreed
91550,unrelated
39410,unrelated
61450,unrelated
297178,unrelated
313943,unrelated
225595,agreed
176995,agreed
177587,unrelated
162441,agreed
282178,unrelated
218475,agreed
96279,unrelated
241150,unrelated
69164,unrelated
32397,unrelated
39874,unrelated
46016,unrelated
194611,unrelated
236772,agreed
113614,unrelated
6204,unrelated
203907,unrelated
216422,unrelated
85740,agreed
90853,agreed
115016,agreed
171412,unrelated
251081,agreed
62826,unrelated
89245,unrelated
98683,agreed
229405,unrelated
143735,agreed
45529,agreed
113372,unrelated
176968,unrelated
13768,agreed
63413,agreed
242056,unrelated
163279,unrelated
270711,agreed
13023,unrelated
85955,agreed
175350,unrelated
122650,unrelated
64724,agreed
73247,agreed
308108,unrelated
191861,unrelated
265304,unrelated
242791,unrelated
108099,unrelated
37957,agreed
58988,unrelated
161386,agreed
89885,unrelated
164866,agreed
138680,unrelated
244937,unrelated
96360,unrelated
202839,unrelated
233201,unrelated
182230,unrelated
276970,agreed
292909,agreed
278027,disagreed
316825,agreed
87940,unrelated
103385,unrelated
123787,unrelated
99017,unrelated
200809,unrelated
51238,unrelated
90177,unrelated
77892,agreed
262805,agreed
273274,disagreed
212729,unrelated
239824,agreed
58623,unrelated
153158,unrelated
214493,unrelated
228777,unrelated
303906,agreed
130982,unrelated
140828,unrelated
156333,agreed
225563,unrelated
190263,agreed
77302,unrelated
57314,unrelated
318827,agreed
5271,agreed
158814,unrelated
89572,unrelated
130216,unrelated
242076,agreed
114215,unrelated
265050,unrelated
92359,agreed
57964,unrelated
199540,unrelated
48662,unrelated
65903,unrelated
82729,unrelated
208453,unrelated
231119,agreed
245939,unrelated
278726,agreed
208289,unrelated
243681,agreed
55164,unrelated
9282,unrelated
72934,agreed
157398,unrelated
185559,unrelated
29395,unrelated
151822,unrelated
16599,unrelated
278968,agreed
239209,unrelated
318518,unrelated
127238,unrelated
182584,unrelated
301158,unrelated
114886,unrelated
132478,unrelated
93988,unrelated
207380,unrelated
148504,unrelated
28807,agreed
303950,unrelated
136406,unrelated
105948,unrelated
131708,unrelated
222054,unrelated
314259,unrelated
73929,unrelated
79490,unrelated
116404,agreed
206035,agreed
198572,unrelated
18055,unrelated
65212,agreed
220614,agreed
24967,agreed
188423,disagreed
223627,unrelated
115370,unrelated
170353,unrelated
149231,unrelated
124018,disagreed
210697,unrelated
14117,unrelated
176613,agreed
37100,agreed
276494,agreed
263135,unrelated
1690,unrelated
164784,agreed
65862,unrelated
296819,unrelated
68294,unrelated
241088,unrelated
168198,unrelated
242526,agreed
32471,unrelated
85850,unrelated
134516,agreed
302073,agreed
70854,unrelated
310866,agreed
37645,unrelated
88605,unrelated
85788,unrelated
217860,unrelated
94126,unrelated
303536,agreed
187801,agreed
239286,unrelated
289933,unrelated
270772,unrelated
36209,unrelated
121682,unrelated
2201,unrelated
156656,agreed
114970,agreed
190290,agreed
218744,agreed
46307,agreed
283010,unrelated
303140,unrelated
267311,agreed
320739,agreed
82272,unrelated
169290,unrelated
215347,unrelated
41028,unrelated
83974,unrelated
18753,unrelated
292740,unrelated
99552,unrelated
51899,unrelated
230040,agreed
316499,unrelated
248538,unrelated
233427,unrelated
1753,unrelated
232657,unrelated
126394,unrelated
52301,unrelated
89574,unrelated
7657,unrelated
38768,unrelated
117895,unrelated
175272,unrelated
250322,unrelated
53982,agreed
202020,unrelated
172276,unrelated
201570,unrelated
65925,agreed
160819,unrelated
178987,unrelated
288574,unrelated
31355,unrelated
77,unrelated
241108,unrelated
44224,agreed
165797,unrelated
64837,agreed
205356,unrelated
69900,agreed
62917,unrelated
196427,agreed
307495,agreed
45018,unrelated
235019,agreed
175774,disagreed
27004,unrelated
282055,agreed
187876,unrelated
271885,unrelated
141059,agreed
72109,agreed
180911,unrelated
235390,unrelated
82173,unrelated
281695,unrelated
31135,unrelated
151194,agreed
3524,unrelated
292544,unrelated
317335,unrelated
301608,unrelated
315499,unrelated
320123,unrelated
117040,unrelated
139760,unrelated
13781,agreed
163345,unrelated
141682,unrelated
75437,unrelated
228481,unrelated
59765,agreed
196262,unrelated
53697,agreed
7721,unrelated
189235,unrelated
294864,unrelated
197812,unrelated
177279,agreed
78864,unrelated
14712,agreed
38989,unrelated
47575,unrelated
184682,unrelated
86923,unrelated
97478,agreed
19525,agreed
113702,unrelated
280523,agreed
33073,unrelated
40146,agreed
116220,unrelated
169135,unrelated
108772,unrelated
281543,agreed
234539,agreed
136262,unrelated
291411,unrelated
48434,unrelated
261743,agreed
80371,agreed
91226,unrelated
296498,unrelated
208924,agreed
157971,agreed
231342,unrelated
273312,unrelated
216304,unrelated
123552,agreed
301789,agreed
217509,agreed
56344,agreed
228469,unrelated
115186,unrelated
197123,unrelated
111920,agreed
56307,unrelated
139778,unrelated
125586,unrelated
113832,unrelated
319763,agreed
250248,unrelated
34166,unrelated
277549,unrelated
185925,agreed
283473,unrelated
48154,unrelated
267477,unrelated
281582,unrelated
112826,agreed
243980,unrelated
204930,unrelated
173401,unrelated
219288,unrelated
62430,unrelated
272881,unrelated
82153,unrelated
267832,unrelated
30915,unrelated
307025,unrelated
79663,unrelated
205182,agreed
154481,unrelated
277191,unrelated
114910,agreed
86628,unrelated
18655,agreed
221559,unrelated
202723,agreed
210543,agreed
25210,unrelated
274353,unrelated
196488,unrelated
276071,unrelated
96366,agreed
26388,unrelated
65924,agreed
94886,unrelated
25563,unrelated
18766,unrelated
162579,unrelated
18192,unrelated
301439,unrelated
67559,unrelated
10206,agreed
157599,unrelated
181496,agreed
18000,unrelated
248391,unrelated
135506,agreed
184077,unrelated
258018,agreed
112471,agreed
295343,unrelated
206765,unrelated
79467,unrelated
254250,unrelated
192874,unrelated
25356,unrelated
313530,agreed
54678,unrelated
49102,agreed
72499,unrelated
177210,unrelated
174740,agreed
186046,unrelated
87039,unrelated
123881,unrelated
80213,unrelated
50563,agreed
191733,unrelated
186403,unrelated
128486,disagreed
108829,agreed
196568,agreed
216897,unrelated
230785,agreed
298165,agreed
20070,agreed
240082,unrelated
235154,agreed
191847,unrelated
286008,agreed
11424,unrelated
285989,agreed
192880,agreed
112780,unrelated
24029,unrelated
93776,agreed
240974,unrelated
78315,unrelated
187471,agreed
194941,unrelated
190458,unrelated
200993,agreed
144820,agreed
190983,unrelated
57531,unrelated
296937,unrelated
140583,agreed
257260,unrelated
172634,unrelated
107726,unrelated
194221,unrelated
148983,unrelated
142605,unrelated
295738,unrelated
240852,unrelated
193377,unrelated
100605,unrelated
289953,unrelated
313347,unrelated
73656,agreed
191519,unrelated
273655,unrelated
307084,unrelated
172469,unrelated
115363,unrelated
128035,unrelated
274561,unrelated
44160,agreed
227171,unrelated
190953,unrelated
227040,agreed
195684,agreed
54600,unrelated
102151,disagreed
256442,unrelated
29859,unrelated
6235,unrelated
129597,unrelated
184938,unrelated
256955,unrelated
225299,agreed
106625,unrelated
1957,unrelated
2543,unrelated
86837,unrelated
44134,agreed
199040,agreed
1658,agreed
307542,unrelated
200562,agreed
246017,unrelated
308141,unrelated
75715,unrelated
278120,unrelated
94117,unrelated
178118,disagreed
4147,unrelated
201125,unrelated
205565,unrelated
21582,unrelated
85626,agreed
228413,unrelated
192625,unrelated
308615,agreed
154446,unrelated
207840,agreed
307461,agreed
240518,unrelated
145972,unrelated
123841,unrelated
84480,unrelated
101256,agreed
47454,unrelated
318938,agreed
71373,unrelated
122352,agreed
200263,agreed
236417,agreed
264481,agreed
285336,unrelated
91073,unrelated
30884,unrelated
143200,agreed
90762,agreed
156848,unrelated
119935,unrelated
305502,unrelated
109898,unrelated
78509,unrelated
229191,unrelated
286413,unrelated
80543,unrelated
85048,unrelated
207869,unrelated
289114,unrelated
104285,agreed
23299,unrelated
140363,agreed
85197,unrelated
55280,unrelated
44068,agreed
122795,unrelated
91276,agreed
222381,unrelated
39372,agreed
231513,agreed
202251,unrelated
121166,unrelated
104569,unrelated
264884,unrelated
117148,agreed
54650,unrelated
17375,unrelated
300362,unrelated
285744,unrelated
39993,unrelated
306804,agreed
311097,unrelated
127808,unrelated
243993,agreed
49830,unrelated
298250,unrelated
287621,unrelated
243631,unrelated
159423,unrelated
261826,agreed
104099,unrelated
134820,agreed
251896,agreed
131706,unrelated
177313,agreed
114051,unrelated
317875,agreed
126313,unrelated
122117,unrelated
118289,unrelated
138967,unrelated
175087,agreed
163362,unrelated
281316,unrelated
10628,unrelated
161758,unrelated
269953,agreed
273985,unrelated
255323,unrelated
213131,unrelated
122541,unrelated
227903,unrelated
111405,unrelated
127172,unrelated
1695,unrelated
221521,agreed
174424,agreed
284686,agreed
260306,agreed
266480,unrelated
273381,disagreed
276518,agreed
55516,unrelated
208730,unrelated
270295,unrelated
221405,agreed
159627,agreed
316215,agreed
274832,unrelated
188411,unrelated
93849,unrelated
317157,unrelated
163283,unrelated
86992,unrelated
147471,agreed
64749,unrelated
111494,unrelated
99176,unrelated
299354,unrelated
28233,unrelated
163902,unrelated
202204,unrelated
107167,agreed
7615,agreed
28434,unrelated
145134,unrelated
138083,agreed
307073,disagreed
267407,unrelated
96898,unrelated
47109,unrelated
313888,agreed
65479,agreed
222007,unrelated
147233,unrelated
189444,unrelated
224103,agreed
265963,unrelated
295356,unrelated
24971,agreed
267793,unrelated
275884,agreed
16666,unrelated
168433,unrelated
202187,unrelated
277672,unrelated
256035,agreed
27588,unrelated
248960,unrelated
295779,unrelated
130746,unrelated
124257,unrelated
106356,agreed
125731,unrelated
57909,unrelated
276414,agreed
55734,unrelated
216958,unrelated
302459,unrelated
91119,unrelated
81406,unrelated
310828,unrelated
125868,unrelated
309648,agreed
14419,agreed
305679,agreed
10024,agreed
270474,unrelated
232223,unrelated
143393,agreed
157287,unrelated
173982,unrelated
186003,agreed
128614,unrelated
287169,agreed
224561,unrelated
88989,unrelated
54310,agreed
219848,unrelated
288632,unrelated
99684,disagreed
85594,unrelated
6918,agreed
124943,unrelated
283023,disagreed
87196,unrelated
50212,unrelated
233286,unrelated
261402,disagreed
124076,unrelated
255818,unrelated
135743,agreed
150712,unrelated
296611,unrelated
42903,agreed
234350,agreed
198541,unrelated
238894,unrelated
168816,unrelated
178667,agreed
26160,unrelated
233975,unrelated
115319,agreed
16486,unrelated
149497,unrelated
236876,unrelated
149965,unrelated
55590,unrelated
258999,unrelated
104537,unrelated
178633,agreed
81779,agreed
299260,unrelated
187071,agreed
315802,unrelated
225755,agreed
183959,unrelated
167690,unrelated
296090,agreed
172990,unrelated
210725,unrelated
4200,agreed
203158,agreed
102264,agreed
46691,unrelated
139932,unrelated
48817,unrelated
170658,unrelated
303163,unrelated
8785,agreed
42908,unrelated
41265,agreed
104054,unrelated
256956,unrelated
201405,unrelated
78693,unrelated
237984,agreed
318997,agreed
116031,agreed
19579,agreed
73769,unrelated
313416,unrelated
81637,agreed
136247,unrelated
217773,unrelated
261147,unrelated
55514,unrelated
314984,unrelated
215658,unrelated
59988,unrelated
41775,disagreed
19223,unrelated
108127,unrelated
320470,unrelated
86937,unrelated
276929,unrelated
45381,agreed
179187,agreed
250324,unrelated
197644,unrelated
19329,unrelated
114089,unrelated
170602,unrelated
127047,unrelated
270058,unrelated
158000,unrelated
143585,agreed
258619,unrelated
146910,unrelated
225223,agreed
243306,unrelated
177612,unrelated
317064,agreed
125400,unrelated
94150,unrelated
124058,unrelated
158379,agreed
130198,unrelated
160932,unrelated
239876,unrelated
150186,unrelated
163084,agreed
95896,unrelated
29636,unrelated
301668,agreed
100197,disagreed
24830,unrelated
66078,unrelated
273528,unrelated
161516,agreed
126162,agreed
166590,unrelated
279744,agreed
157798,unrelated
165494,agreed
65701,unrelated
217837,unrelated
262312,unrelated
206261,agreed
111186,unrelated
194277,agreed
130744,unrelated
167915,unrelated
232463,agreed
110810,unrelated
131054,unrelated
58223,unrelated
197281,unrelated
119827,agreed
55756,agreed
278969,agreed
120178,unrelated
168374,unrelated
258303,unrelated
316039,unrelated
261207,agreed
265242,unrelated
269630,unrelated
178353,unrelated
124177,unrelated
19342,unrelated
319569,unrelated
320989,unrelated
135998,unrelated
17831,unrelated
160893,unrelated
32548,unrelated
189237,agreed
48620,unrelated
128770,unrelated
290171,agreed
133351,agreed
141014,agreed
266060,agreed
159110,unrelated
257615,unrelated
13741,agreed
20984,agreed
130388,unrelated
296153,unrelated
181409,agreed
279711,agreed
3080,unrelated
131116,unrelated
125762,agreed
152868,unrelated
154460,unrelated
49481,unrelated
294648,unrelated
94119,unrelated
294576,agreed
67506,unrelated
205646,unrelated
262719,unrelated
273572,agreed
2605,unrelated
9035,unrelated
185902,unrelated
159000,agreed
315757,unrelated
216091,agreed
162700,unrelated
130983,unrelated
257932,unrelated
171029,unrelated
152444,unrelated
126626,unrelated
255335,agreed
92406,unrelated
22887,unrelated
264958,agreed
294092,unrelated
160369,unrelated
138552,unrelated
211915,unrelated
114156,agreed
241148,unrelated
204572,unrelated
260677,agreed
139368,unrelated
125378,unrelated
215865,unrelated
170519,agreed
300887,unrelated
234157,unrelated
309852,unrelated
270273,unrelated
150685,unrelated
291013,unrelated
89646,unrelated
175879,unrelated
38446,unrelated
163836,unrelated
164759,agreed
153986,agreed
101976,unrelated
164525,unrelated
182675,unrelated
252676,unrelated
9534,unrelated
252090,agreed
64627,agreed
143509,unrelated
44884,unrelated
116703,unrelated
16142,unrelated
217340,agreed
292998,unrelated
34577,agreed
211311,disagreed
295511,unrelated
281581,unrelated
23236,unrelated
25852,agreed
30759,unrelated
196295,agreed
192849,unrelated
22399,unrelated
84727,unrelated
188769,unrelated
38625,unrelated
132626,unrelated
40636,agreed
82756,unrelated
89964,unrelated
253264,agreed
264068,agreed
241919,agreed
196913,unrelated
230522,unrelated
136490,agreed
161589,unrelated
105962,unrelated
90082,agreed
85112,unrelated
1989,unrelated
278811,unrelated
146562,unrelated
278686,unrelated
283152,unrelated
13403,unrelated
220522,unrelated
35690,agreed
290458,unrelated
202811,unrelated
95739,agreed
129613,unrelated
133479,agreed
222272,unrelated
146583,agreed
180625,unrelated
142655,unrelated
234594,unrelated
114437,unrelated
204242,unrelated
168275,unrelated
35929,unrelated
58105,unrelated
288860,unrelated
236984,agreed
161703,unrelated
83981,unrelated
174536,agreed
256324,unrelated
299605,unrelated
136174,unrelated
128059,unrelated
81483,unrelated
51030,agreed
85077,agreed
252464,agreed
312510,unrelated
173881,unrelated
135609,agreed
146095,agreed
133668,unrelated
6045,unrelated
280120,unrelated
231617,agreed
124754,agreed
33577,unrelated
243581,agreed
46977,unrelated
5350,unrelated
320490,unrelated
311742,unrelated
89695,unrelated
36894,unrelated
74950,unrelated
15555,agreed
45718,agreed
227587,agreed
141346,unrelated
79832,unrelated
248291,agreed
247763,agreed
17555,unrelated
106971,unrelated
54697,unrelated
165782,unrelated
255377,unrelated
103559,agreed
212189,agreed
248445,unrelated
79628,unrelated
163450,agreed
292589,unrelated
256129,unrelated
40232,agreed
84562,unrelated
116613,unrelated
223267,disagreed
103332,agreed
238671,agreed
181203,agreed
281748,agreed
222453,unrelated
25201,unrelated
183605,unrelated
239851,agreed
175897,unrelated
94500,agreed
9328,agreed
125993,unrelated
174891,agreed
147729,agreed
156307,unrelated
162086,unrelated
111739,unrelated
199086,unrelated
48780,unrelated
296596,unrelated
29724,unrelated
199109,unrelated
253140,unrelated
187697,unrelated
90957,unrelated
222342,unrelated
32974,unrelated
100297,unrelated
39688,unrelated
230137,unrelated
30600,unrelated
103637,agreed
249290,unrelated
118123,unrelated
133530,agreed
39794,unrelated
184664,unrelated
113241,unrelated
29445,unrelated
298712,unrelated
133394,unrelated
228519,unrelated
131973,unrelated
29665,unrelated
292092,unrelated
182393,agreed
242681,unrelated
266014,unrelated
105259,disagreed
282877,unrelated
57797,unrelated
278336,unrelated
287393,unrelated
29031,unrelated
1780,unrelated
199252,unrelated
169198,unrelated
161257,agreed
272479,unrelated
191423,unrelated
207349,unrelated
94729,unrelated
100601,unrelated
302868,unrelated
51737,unrelated
318235,agreed
206725,unrelated
92478,agreed
299877,unrelated
229018,agreed
230217,unrelated
306785,unrelated
95947,unrelated
242806,unrelated
100366,unrelated
211719,unrelated
61186,unrelated
75126,unrelated
203840,unrelated
282725,unrelated
51823,unrelated
77151,unrelated
283501,agreed
16545,unrelated
261827,agreed
122852,agreed
255349,unrelated
122628,unrelated
67608,unrelated
50785,unrelated
231946,unrelated
11836,agreed
180750,disagreed
145927,unrelated
121263,agreed
124925,unrelated
150061,agreed
1884,unrelated
16127,unrelated
227327,agreed
268741,unrelated
239147,unrelated
206198,agreed
182069,agreed
32409,agreed
198943,agreed
109171,agreed
320468,unrelated
320784,unrelated
14994,agreed
174066,agreed
132122,unrelated
50706,unrelated
170835,agreed
64947,agreed
74885,agreed
101129,agreed
146888,agreed
232359,unrelated
106628,unrelated
77009,agreed
317973,agreed
249225,unrelated
38658,unrelated
113814,unrelated
6166,unrelated
196728,agreed
195557,unrelated
87544,unrelated
162385,unrelated
268259,unrelated
207774,agreed
271356,unrelated
31643,unrelated
21478,unrelated
72646,unrelated
304211,agreed
98740,unrelated
35682,agreed
151097,unrelated
159077,unrelated
115091,agreed
28140,unrelated
15082,unrelated
188204,unrelated
210621,agreed
187037,unrelated
35159,unrelated
231041,unrelated
221374,agreed
120403,unrelated
239755,unrelated
206774,agreed
22636,agreed
203558,unrelated
56141,unrelated
47058,unrelated
33815,unrelated
81515,unrelated
40064,unrelated
131280,unrelated
24434,agreed
180285,unrelated
7087,unrelated
147238,unrelated
79056,unrelated
300904,agreed
289506,unrelated
37760,unrelated
138818,agreed
55447,unrelated
116228,unrelated
56766,unrelated
284363,unrelated
246882,agreed
103683,unrelated
158402,unrelated
305914,agreed
211824,unrelated
258659,unrelated
25031,agreed
127815,unrelated
268541,unrelated
182753,agreed
2228,unrelated
25935,unrelated
248968,unrelated
310114,agreed
236684,unrelated
301732,unrelated
153140,agreed
204290,unrelated
120021,unrelated
60767,unrelated
267532,unrelated
21958,unrelated
316161,unrelated
109887,unrelated
14367,unrelated
259024,agreed
79423,unrelated
226615,unrelated
140152,unrelated
16327,unrelated
286918,unrelated
77369,agreed
195319,unrelated
170938,unrelated
291508,unrelated
101532,unrelated
183478,agreed
25320,unrelated
170927,unrelated
155713,unrelated
320821,unrelated
155550,unrelated
40251,unrelated
101544,unrelated
184563,unrelated
58620,unrelated
8051,unrelated
62511,unrelated
38213,unrelated
11029,unrelated
182910,unrelated
183238,unrelated
105083,agreed
129185,agreed
285002,unrelated
61947,unrelated
236340,unrelated
298786,unrelated
203583,unrelated
34991,agreed
204990,unrelated
154516,unrelated
259214,unrelated
162812,agreed
18752,unrelated
50673,unrelated
128822,agreed
76852,unrelated
273668,unrelated
283378,agreed
133609,unrelated
150009,unrelated
247255,disagreed
96203,agreed
256867,agreed
204892,agreed
11333,agreed
101138,agreed
151302,unrelated
119909,unrelated
106814,unrelated
193829,agreed
63570,unrelated
299106,unrelated
263029,unrelated
320919,unrelated
231230,unrelated
61687,agreed
317288,unrelated
264531,unrelated
135844,agreed
292670,unrelated
31435,unrelated
138081,agreed
12010,agreed
95304,unrelated
261200,agreed
302197,agreed
166615,unrelated
56221,unrelated
292609,unrelated
75204,agreed
53859,unrelated
246432,unrelated
97922,agreed
137872,unrelated
186373,unrelated
166382,unrelated
225473,unrelated
295502,unrelated
104990,unrelated
186325,unrelated
207142,unrelated
318521,unrelated
113162,agreed
284835,unrelated
225466,unrelated
257971,unrelated
197963,unrelated
69073,unrelated
92037,agreed
222267,unrelated
274881,unrelated
312514,agreed
62553,agreed
121710,unrelated
132997,unrelated
227188,unrelated
120129,unrelated
120335,unrelated
172825,unrelated
53976,unrelated
222593,agreed
288328,unrelated
248379,unrelated
317717,unrelated
148811,agreed
126740,unrelated
19267,unrelated
255305,disagreed
226703,unrelated
157058,agreed
32676,unrelated
205977,agreed
276664,unrelated
31494,unrelated
42445,agreed
49664,unrelated
264034,unrelated
44137,agreed
57149,unrelated
221123,unrelated
226558,unrelated
278972,agreed
209088,unrelated
29070,unrelated
170710,unrelated
286355,unrelated
191337,unrelated
95300,agreed
133274,unrelated
321006,unrelated
223034,disagreed
318778,unrelated
131446,unrelated
184223,unrelated
76197,agreed
84256,agreed
166520,unrelated
46929,unrelated
230464,unrelated
268588,unrelated
91470,agreed
312135,unrelated
318043,unrelated
157587,unrelated
153246,unrelated
231403,agreed
170288,unrelated
212481,unrelated
23811,unrelated
157118,unrelated
150247,agreed
475,agreed
55501,unrelated
152497,unrelated
242620,unrelated
65455,unrelated
292445,unrelated
190801,unrelated
39805,unrelated
232807,unrelated
69803,unrelated
18762,unrelated
125566,unrelated
51130,unrelated
28578,unrelated
61235,unrelated
64337,agreed
92530,unrelated
121403,unrelated
76145,unrelated
25973,unrelated
137496,unrelated
89610,agreed
70039,unrelated
245704,unrelated
225659,agreed
186075,unrelated
264580,unrelated
35653,unrelated
93616,unrelated
42786,agreed
141855,agreed
191876,unrelated
173110,unrelated
176391,unrelated
10100,unrelated
31870,unrelated
168429,unrelated
119879,unrelated
111342,agreed
84396,unrelated
95585,unrelated
282617,agreed
287324,agreed
150922,agreed
73095,agreed
204118,unrelated
256367,unrelated
251144,agreed
270269,unrelated
82149,unrelated
51736,agreed
138752,unrelated
303649,unrelated
198005,unrelated
215240,unrelated
205648,agreed
53563,unrelated
106823,unrelated
294841,unrelated
263502,unrelated
17378,unrelated
63272,unrelated
239928,unrelated
7895,agreed
43738,agreed
295901,unrelated
19703,agreed
206387,unrelated
65232,agreed
268184,agreed
270945,unrelated
70687,unrelated
128330,agreed
295359,unrelated
105065,unrelated
255559,unrelated
121489,unrelated
203792,unrelated
233873,agreed
117291,unrelated
172048,agreed
77058,agreed
96057,unrelated
114217,agreed
212942,unrelated
80301,agreed
120034,unrelated
316433,agreed
70868,unrelated
87028,unrelated
237658,unrelated
245676,agreed
291875,unrelated
217193,unrelated
241263,unrelated
271065,agreed
297351,unrelated
282945,agreed
11780,agreed
208160,unrelated
24924,unrelated
138341,unrelated
267980,agreed
293202,unrelated
102033,unrelated
140535,unrelated
309045,unrelated
46463,unrelated
1856,unrelated
204859,unrelated
239619,unrelated
221673,unrelated
203435,unrelated
161682,unrelated
50086,unrelated
105481,unrelated
251103,agreed
63069,unrelated
205840,unrelated
282296,unrelated
160812,agreed
205359,agreed
198100,unrelated
130225,unrelated
34718,unrelated
114985,agreed
191579,unrelated
205136,unrelated
80655,unrelated
269906,unrelated
307538,agreed
20521,unrelated
227943,unrelated
289173,agreed
121818,agreed
30478,unrelated
245600,agreed
286124,unrelated
259575,unrelated
232107,unrelated
127494,unrelated
293407,unrelated
178029,unrelated
130100,agreed
11040,unrelated
177688,unrelated
156472,unrelated
271708,unrelated
244761,unrelated
263585,unrelated
176603,agreed
285695,unrelated
16462,unrelated
117812,unrelated
7137,unrelated
133073,agreed
285295,unrelated
205307,unrelated
84533,agreed
54487,unrelated
17588,unrelated
91069,agreed
70636,unrelated
183766,agreed
220778,agreed
134630,unrelated
64862,unrelated
176386,unrelated
35411,unrelated
66908,unrelated
278600,unrelated
173913,unrelated
179089,unrelated
320073,agreed
264808,agreed
82839,unrelated
299700,agreed
165761,agreed
317148,unrelated
308450,unrelated
154807,unrelated
223381,disagreed
143900,unrelated
269855,agreed
164562,agreed
59644,agreed
269292,unrelated
64963,agreed
88833,unrelated
178059,agreed
93508,unrelated
156417,agreed
44956,agreed
156281,agreed
178154,unrelated
286479,unrelated
205836,agreed
257622,unrelated
149323,unrelated
146338,unrelated
202450,agreed
103519,agreed
58786,unrelated
209572,agreed
278517,agreed
141261,unrelated
14917,agreed
120938,unrelated
81046,unrelated
120396,unrelated
245946,unrelated
55656,unrelated
215535,unrelated
237070,agreed
127316,unrelated
226777,unrelated
206398,unrelated
99943,agreed
9923,disagreed
275675,agreed
193522,unrelated
63004,unrelated
220597,agreed
218387,unrelated
95563,unrelated
81204,unrelated
187979,unrelated
180599,unrelated
106255,unrelated
251962,unrelated
226762,unrelated
208810,agreed
209733,agreed
70741,unrelated
28277,unrelated
110689,unrelated
5586,unrelated
279781,unrelated
91716,unrelated
37238,disagreed
297079,unrelated
225952,unrelated
288092,unrelated
277789,unrelated
68548,unrelated
166038,agreed
239513,unrelated
6239,agreed
17568,unrelated
223237,disagreed
12708,unrelated
113305,unrelated
263115,agreed
173714,agreed
71640,unrelated
17789,agreed
297743,unrelated
147456,agreed
223794,unrelated
257239,unrelated
300854,disagreed
107175,unrelated
312935,agreed
122027,unrelated
134600,unrelated
136700,unrelated
262997,unrelated
39751,unrelated
41759,agreed
215672,unrelated
283248,unrelated
223793,unrelated
314493,agreed
147613,unrelated
302187,unrelated
14078,agreed
179875,agreed
277922,unrelated
91369,agreed
148871,unrelated
147758,unrelated
199258,unrelated
231141,agreed
117884,unrelated
190862,unrelated
9260,unrelated
94526,unrelated
42761,unrelated
135574,agreed
295514,unrelated
3333,unrelated
137092,unrelated
260511,unrelated
276164,unrelated
317482,unrelated
208911,unrelated
216368,unrelated
109619,unrelated
164419,unrelated
262212,disagreed
208622,agreed
246279,unrelated
260166,unrelated
91163,unrelated
311980,unrelated
277747,agreed
240569,unrelated
101209,unrelated
164385,unrelated
313899,agreed
29726,unrelated
56233,unrelated
16375,unrelated
253045,unrelated
282351,agreed
178555,unrelated
73245,agreed
212148,unrelated
228146,unrelated
205625,agreed
131967,unrelated
182123,unrelated
226421,unrelated
216492,unrelated
124520,unrelated
138795,unrelated
309465,unrelated
223374,disagreed
14746,agreed
237370,agreed
290848,unrelated
281860,agreed
193355,disagreed
66238,agreed
51775,unrelated
311399,unrelated
41604,agreed
204728,unrelated
91493,agreed
126928,unrelated
111900,agreed
214051,unrelated
25118,unrelated
223241,disagreed
276015,unrelated
305384,agreed
9230,agreed
22934,unrelated
203360,unrelated
313283,unrelated
188153,unrelated
225961,agreed
87283,unrelated
205602,unrelated
307889,unrelated
319234,unrelated
245342,agreed
69420,unrelated
93187,agreed
180049,agreed
233924,unrelated
17379,agreed
18946,unrelated
193230,unrelated
59539,disagreed
97089,agreed
293637,agreed
292455,unrelated
211112,agreed
111385,agreed
297862,unrelated
140113,agreed
147085,agreed
61503,agreed
267058,agreed
62908,unrelated
3776,unrelated
159058,agreed
219187,agreed
35429,unrelated
219211,unrelated
118385,agreed
96267,unrelated
239354,unrelated
105633,agreed
307224,unrelated
95068,agreed
318842,agreed
123090,unrelated
8212,unrelated
298074,unrelated
189657,unrelated
251704,unrelated
136124,agreed
316107,agreed
118654,unrelated
157972,agreed
163519,unrelated
252382,unrelated
246757,unrelated
223505,disagreed
169474,unrelated
307676,unrelated
229454,unrelated
135536,agreed
137301,unrelated
68791,unrelated
42081,unrelated
165742,agreed
129997,unrelated
6018,unrelated
159309,agreed
301459,unrelated
52125,unrelated
212761,unrelated
224646,unrelated
186156,agreed
171800,unrelated
210198,agreed
222938,agreed
137835,unrelated
222064,unrelated
50830,unrelated
53051,unrelated
66287,unrelated
316924,unrelated
297448,unrelated
163970,unrelated
113942,unrelated
60502,unrelated
73254,agreed
91336,agreed
276010,unrelated
129927,agreed
275398,unrelated
217292,agreed
260520,unrelated
207286,unrelated
206229,agreed
94125,unrelated
157192,unrelated
147105,agreed
96328,unrelated
293535,unrelated
270808,unrelated
111290,unrelated
65787,unrelated
240710,unrelated
52398,unrelated
9883,disagreed
8174,agreed
286922,unrelated
224665,unrelated
87478,agreed
264568,unrelated
268937,unrelated
37696,unrelated
225215,agreed
45143,unrelated
11694,agreed
30240,unrelated
20203,unrelated
194811,agreed
143492,unrelated
140029,unrelated
304707,unrelated
45887,unrelated
269232,agreed
196362,unrelated
14597,unrelated
70212,unrelated
182502,agreed
294475,unrelated
35487,unrelated
39576,unrelated
314858,unrelated
255643,unrelated
20417,unrelated
288085,agreed
177654,unrelated
101475,unrelated
264093,unrelated
98748,unrelated
75956,unrelated
125782,agreed
64870,unrelated
216805,unrelated
176266,unrelated
1951,unrelated
111750,agreed
150454,unrelated
184324,unrelated
19204,unrelated
87299,agreed
286562,unrelated
195010,unrelated
101685,unrelated
98098,agreed
318811,unrelated
189343,unrelated
61080,unrelated
272520,unrelated
126580,unrelated
69154,agreed
81327,unrelated
275604,agreed
98066,unrelated
184124,agreed
232596,unrelated
215291,unrelated
162657,unrelated
253523,unrelated
98602,unrelated
147810,unrelated
170990,unrelated
155098,agreed
36635,unrelated
83650,unrelated
300797,agreed
49778,unrelated
243565,agreed
318469,unrelated
304952,agreed
209360,unrelated
177065,unrelated
12985,unrelated
253749,unrelated
248259,unrelated
65603,agreed
169269,agreed
1527,unrelated
196527,unrelated
147609,unrelated
173369,unrelated
259549,agreed
291303,unrelated
59592,agreed
78931,unrelated
246908,agreed
36985,unrelated
256797,agreed
172145,unrelated
111359,agreed
189133,agreed
265463,unrelated
9417,unrelated
99083,unrelated
126433,unrelated
270213,unrelated
196856,unrelated
69414,unrelated
284919,unrelated
117927,unrelated
139924,unrelated
21415,unrelated
217655,agreed
99652,disagreed
97164,unrelated
52274,unrelated
253626,unrelated
27603,unrelated
221074,unrelated
51865,unrelated
182172,unrelated
206108,agreed
293963,unrelated
84003,agreed
61883,unrelated
226006,agreed
76909,unrelated
103223,unrelated
92545,unrelated
175651,unrelated
188136,unrelated
146080,agreed
268131,agreed
288406,unrelated
139953,unrelated
195470,unrelated
244970,unrelated
271787,unrelated
1941,unrelated
42503,agreed
119864,unrelated
108084,unrelated
257513,unrelated
312338,unrelated
305795,agreed
275725,unrelated
44899,unrelated
314957,agreed
42567,agreed
204132,unrelated
121955,unrelated
74228,agreed
168058,unrelated
271212,agreed
296563,unrelated
162835,unrelated
271452,unrelated
156612,agreed
38221,unrelated
104179,unrelated
131909,agreed
188501,unrelated
94957,unrelated
132095,unrelated
30206,unrelated
113048,agreed
60016,unrelated
172497,unrelated
139077,agreed
230297,unrelated
67199,agreed
63344,unrelated
147638,agreed
298944,unrelated
191015,unrelated
132573,agreed
122848,unrelated
179622,unrelated
309211,agreed
256615,unrelated
123955,agreed
313084,agreed
272823,unrelated
54749,unrelated
235303,unrelated
209851,unrelated
320766,agreed
82225,unrelated
257604,unrelated
129246,unrelated
221231,unrelated
72405,unrelated
251471,unrelated
63024,unrelated
187368,unrelated
64965,unrelated
26558,unrelated
287203,agreed
179913,unrelated
163016,unrelated
88621,agreed
208650,unrelated
319562,agreed
304929,unrelated
310364,agreed
21856,unrelated
195171,agreed
315139,agreed
64919,unrelated
49789,agreed
234901,unrelated
311330,unrelated
285722,unrelated
128645,unrelated
255251,unrelated
85310,unrelated
243662,unrelated
318707,unrelated
91728,agreed
42525,unrelated
181669,unrelated
113691,unrelated
225,unrelated
63289,unrelated
145190,unrelated
268820,agreed
278851,unrelated
303900,unrelated
11257,unrelated
105077,unrelated
223348,disagreed
144809,unrelated
121357,unrelated
117527,unrelated
38555,unrelated
219647,agreed
104233,unrelated
134672,unrelated
82409,unrelated
71132,unrelated
207324,agreed
154721,unrelated
201972,unrelated
295177,unrelated
228042,agreed
316212,agreed
37354,unrelated
32253,unrelated
105348,unrelated
178774,unrelated
26081,unrelated
162028,unrelated
133890,unrelated
5092,agreed
101960,unrelated
212644,unrelated
47388,unrelated
190092,unrelated
217031,unrelated
236430,unrelated
155456,unrelated
94116,unrelated
10682,agreed
142398,unrelated
133113,unrelated
73440,agreed
264875,unrelated
199792,unrelated
158759,unrelated
8007,agreed
177099,unrelated
271028,agreed
235702,agreed
316463,unrelated
46389,agreed
147542,unrelated
4768,agreed
139106,unrelated
70918,unrelated
101773,unrelated
220322,unrelated
214610,agreed
6736,unrelated
88963,unrelated
206313,agreed
196845,unrelated
10645,agreed
65127,unrelated
116966,agreed
104992,unrelated
250272,unrelated
163461,unrelated
98885,agreed
230349,unrelated
525,unrelated
79715,unrelated
237217,unrelated
102184,agreed
279642,unrelated
295031,unrelated
279920,unrelated
115948,unrelated
33185,agreed
106616,unrelated
267676,unrelated
1269,unrelated
164219,agreed
316773,unrelated
201615,agreed
180305,unrelated
313595,unrelated
143433,unrelated
304352,unrelated
198641,disagreed
207849,agreed
41848,unrelated
188860,unrelated
112799,unrelated
225879,unrelated
306905,unrelated
12130,unrelated
108020,agreed
272626,unrelated
200987,unrelated
15482,agreed
153031,unrelated
46925,unrelated
320988,unrelated
104022,unrelated
66123,agreed
28793,unrelated
268210,unrelated
104044,unrelated
203989,unrelated
267631,unrelated
85820,unrelated
269320,unrelated
208056,unrelated
253703,agreed
175547,unrelated
163549,unrelated
231978,unrelated
2785,unrelated
124338,unrelated
196325,agreed
73351,disagreed
233923,unrelated
266508,agreed
165193,unrelated
41581,unrelated
258764,unrelated
241902,unrelated
207887,unrelated
16109,unrelated
187743,unrelated
321054,unrelated
147937,agreed
9359,agreed
5194,unrelated
87715,unrelated
231714,unrelated
222260,unrelated
241115,unrelated
238518,unrelated
13760,agreed
8023,unrelated
56683,unrelated
153874,agreed
314346,unrelated
55431,unrelated
72493,unrelated
3396,unrelated
99129,unrelated
7160,unrelated
273822,agreed
305260,unrelated
50688,unrelated
126752,unrelated
89122,unrelated
86745,unrelated
134555,agreed
159615,unrelated
212311,unrelated
280927,agreed
195165,agreed
45469,unrelated
274308,unrelated
75250,unrelated
188062,unrelated
80778,agreed
294006,unrelated
191542,unrelated
102380,agreed
175522,unrelated
251587,unrelated
249809,unrelated
189641,unrelated
193140,unrelated
85889,agreed
227345,unrelated
261990,agreed
295648,unrelated
123344,unrelated
286148,unrelated
178396,agreed
92842,unrelated
320413,unrelated
167930,unrelated
226516,agreed
316718,agreed
235251,unrelated
282231,agreed
205542,unrelated
101315,unrelated
89584,unrelated
314009,agreed
274711,agreed
283607,agreed
112448,unrelated
246917,unrelated
165716,agreed
138894,unrelated
166372,unrelated
44497,unrelated
252451,unrelated
305899,unrelated
31437,agreed
166117,agreed
319955,unrelated
77459,agreed
10934,unrelated
91913,unrelated
281428,unrelated
251010,agreed
251507,agreed
208065,unrelated
272042,unrelated
75903,unrelated
48816,unrelated
258960,unrelated
274758,agreed
171243,unrelated
228174,unrelated
316775,unrelated
235216,unrelated
13989,agreed
13325,agreed
140861,agreed
17004,unrelated
90250,agreed
7751,agreed
319949,unrelated
61476,agreed
27039,unrelated
263456,unrelated
133865,unrelated
51112,unrelated
291885,unrelated
238871,unrelated
312213,unrelated
147239,unrelated
157669,unrelated
88192,unrelated
172792,unrelated
93142,agreed
6818,unrelated
207565,unrelated
28846,agreed
46497,unrelated
304916,unrelated
201501,unrelated
115829,agreed
259158,unrelated
38095,unrelated
222988,disagreed
155366,unrelated
23975,unrelated
141312,agreed
310049,unrelated
302941,unrelated
320665,agreed
269546,unrelated
53010,unrelated
28991,unrelated
153885,unrelated
12163,agreed
16442,agreed
48591,unrelated
280454,agreed
331,unrelated
15168,agreed
153071,unrelated
61300,agreed
7055,agreed
43494,unrelated
164316,unrelated
223457,disagreed
55889,agreed
148771,unrelated
8972,unrelated
95229,agreed
73051,agreed
152610,unrelated
47658,agreed
63495,unrelated
60828,unrelated
236415,agreed
103686,unrelated
150151,agreed
163930,unrelated
306449,unrelated
63411,unrelated
63163,unrelated
307403,agreed
210052,unrelated
169209,unrelated
177420,agreed
243249,agreed
276750,unrelated
41928,agreed
55049,agreed
281756,unrelated
319618,unrelated
262426,unrelated
213348,unrelated
55582,agreed
139755,agreed
283738,agreed
157944,agreed
17922,unrelated
244435,agreed
152922,agreed
152549,unrelated
135726,agreed
136577,unrelated
202743,unrelated
171222,unrelated
168815,unrelated
274283,unrelated
154061,unrelated
180940,agreed
192440,unrelated
130588,unrelated
256405,unrelated
253697,agreed
193769,agreed
13422,agreed
145479,unrelated
50022,agreed
22996,unrelated
205024,agreed
224797,unrelated
6793,unrelated
52802,agreed
119815,unrelated
35004,unrelated
82833,unrelated
9452,unrelated
1274,agreed
42931,agreed
185918,agreed
129324,unrelated
304685,agreed
305807,agreed
244140,unrelated
157363,unrelated
89979,unrelated
43787,unrelated
140426,agreed
306854,agreed
36510,agreed
63124,unrelated
52613,unrelated
104453,agreed
234363,agreed
235704,agreed
154948,agreed
25261,unrelated
24896,unrelated
60889,unrelated
250250,unrelated
123333,unrelated
36096,agreed
202530,agreed
52593,unrelated
206355,unrelated
286635,unrelated
72497,unrelated
173343,unrelated
22421,agreed
255225,unrelated
38603,unrelated
165156,unrelated
76765,unrelated
264635,unrelated
255717,unrelated
73989,unrelated
33843,unrelated
219954,unrelated
187885,unrelated
268679,unrelated
113036,agreed
91741,unrelated
27299,disagreed
268482,unrelated
112707,unrelated
250194,unrelated
52413,agreed
46970,unrelated
238014,agreed
184656,agreed
78408,unrelated
214564,agreed
187723,unrelated
22879,agreed
86096,unrelated
19007,unrelated
276014,unrelated
145300,agreed
83208,agreed
299896,unrelated
152933,unrelated
329,unrelated
240819,unrelated
250795,unrelated
243644,unrelated
41390,unrelated
261740,agreed
317356,unrelated
145813,unrelated
60804,unrelated
60470,agreed
116712,unrelated
26144,unrelated
78464,unrelated
24716,agreed
269110,unrelated
80397,agreed
228132,unrelated
266215,agreed
198042,agreed
207848,unrelated
313617,agreed
74798,unrelated
208030,unrelated
213061,disagreed
94724,unrelated
147521,unrelated
72263,unrelated
149636,unrelated
202277,unrelated
162329,agreed
54393,unrelated
192481,agreed
165666,unrelated
232502,unrelated
63454,unrelated
281783,agreed
136681,unrelated
127973,unrelated
276780,unrelated
316770,unrelated
278388,unrelated
134340,unrelated
80694,unrelated
138875,unrelated
136959,unrelated
199462,agreed
59450,unrelated
182689,unrelated
93787,unrelated
268217,unrelated
289586,unrelated
92972,agreed
204751,agreed
17318,agreed
148485,unrelated
66077,unrelated
213945,unrelated
53998,unrelated
62827,unrelated
192289,unrelated
35801,unrelated
155928,unrelated
131022,unrelated
119464,unrelated
196951,unrelated
217083,agreed
74239,unrelated
51804,unrelated
68925,unrelated
200712,unrelated
182481,unrelated
132492,unrelated
282016,agreed
90238,unrelated
222565,unrelated
145183,unrelated
144768,unrelated
84118,unrelated
59023,agreed
282221,unrelated
136796,unrelated
234280,unrelated
48472,agreed
84408,unrelated
214287,agreed
208373,unrelated
177768,agreed
152251,agreed
188175,agreed
137792,unrelated
287590,unrelated
282458,disagreed
283260,unrelated
92738,unrelated
234325,agreed
142973,unrelated
12644,unrelated
289978,unrelated
38137,unrelated
285333,unrelated
62772,agreed
218715,unrelated
200546,unrelated
85123,unrelated
140830,unrelated
241732,unrelated
229125,unrelated
47519,unrelated
307079,unrelated
7089,unrelated
146144,unrelated
87873,unrelated
271498,unrelated
124993,unrelated
122089,agreed
249233,unrelated
109652,unrelated
238504,agreed
78511,unrelated
319859,unrelated
201532,agreed
84175,unrelated
63365,agreed
18115,unrelated
154719,agreed
21920,unrelated
186626,unrelated
191219,unrelated
228175,unrelated
170960,unrelated
111388,unrelated
216292,unrelated
226474,agreed
38608,agreed
53583,unrelated
106966,unrelated
180426,unrelated
126666,unrelated
29676,unrelated
306375,agreed
111564,unrelated
173431,agreed
190893,unrelated
187920,unrelated
178526,unrelated
243496,agreed
148966,unrelated
226063,unrelated
19166,unrelated
103998,unrelated
76812,unrelated
8325,unrelated
255193,unrelated
318287,agreed
232710,agreed
149167,unrelated
29410,agreed
173227,unrelated
164225,agreed
114978,agreed
259456,unrelated
311535,unrelated
278910,unrelated
193337,unrelated
172393,unrelated
138788,unrelated
307188,unrelated
277323,agreed
162293,unrelated
8033,unrelated
16519,unrelated
69968,unrelated
171309,unrelated
37011,agreed
288408,unrelated
74242,agreed
259814,unrelated
49182,unrelated
70802,agreed
103859,unrelated
310399,unrelated
93116,agreed
45560,agreed
28224,unrelated
89343,agreed
97873,agreed
80884,unrelated
51121,unrelated
274306,unrelated
104213,agreed
17639,unrelated
227403,unrelated
190519,disagreed
66071,unrelated
162379,unrelated
262512,unrelated
258838,unrelated
24930,unrelated
99561,unrelated
239078,unrelated
90554,unrelated
27313,disagreed
243620,unrelated
242018,unrelated
185683,agreed
294008,unrelated
13140,unrelated
184269,unrelated
289100,agreed
127224,unrelated
303764,agreed
242513,agreed
163251,unrelated
160530,agreed
14395,unrelated
249601,unrelated
47220,unrelated
134403,unrelated
1410,agreed
129040,agreed
34305,unrelated
79903,unrelated
225487,unrelated
52972,unrelated
130515,unrelated
226760,agreed
120357,unrelated
278426,unrelated
50308,unrelated
305181,unrelated
240178,unrelated
299304,unrelated
244154,unrelated
235865,unrelated
237643,unrelated
147288,agreed
197196,unrelated
205751,unrelated
291183,unrelated
139565,unrelated
55662,unrelated
266428,unrelated
256514,agreed
276646,unrelated
233150,unrelated
91376,agreed
110103,unrelated
123181,agreed
15870,agreed
115786,agreed
253239,unrelated
310906,unrelated
188465,agreed
275944,agreed
312382,agreed
311658,agreed
64783,disagreed
71643,agreed
53915,unrelated
120350,unrelated
22005,unrelated
285845,unrelated
312404,agreed
46763,unrelated
299647,agreed
15718,agreed
38476,unrelated
184275,unrelated
105824,unrelated
163818,unrelated
176578,unrelated
33599,unrelated
212928,unrelated
13317,agreed
282103,unrelated
321185,unrelated
267743,unrelated
216792,agreed
95007,unrelated
219913,unrelated
179163,unrelated
826,agreed
263428,unrelated
241051,unrelated
255690,unrelated
243444,unrelated
98832,agreed
45670,agreed
100426,unrelated
179873,agreed
197970,unrelated
169973,unrelated
319352,unrelated
104987,unrelated
238678,unrelated
161071,unrelated
232655,unrelated
172784,unrelated
291932,unrelated
176205,unrelated
5134,unrelated
114171,unrelated
55384,unrelated
208586,agreed
243727,unrelated
165752,unrelated
132863,unrelated
83880,unrelated
249193,unrelated
65723,unrelated
204909,unrelated
104489,unrelated
127105,unrelated
314630,agreed
4057,unrelated
157989,agreed
54630,unrelated
112085,unrelated
306493,agreed
253861,unrelated
235091,unrelated
279954,agreed
21127,unrelated
225704,unrelated
224353,unrelated
245152,unrelated
156064,unrelated
280593,agreed
157673,unrelated
248242,unrelated
208472,unrelated
302571,unrelated
93515,unrelated
60169,unrelated
95488,agreed
145738,unrelated
32987,agreed
173315,unrelated
281256,unrelated
57739,unrelated
140125,agreed
222055,unrelated
236398,disagreed
203318,unrelated
155310,unrelated
191942,unrelated
92966,unrelated
31990,agreed
252060,unrelated
11396,unrelated
203343,unrelated
275822,unrelated
106987,unrelated
25428,agreed
267352,agreed
258832,unrelated
157153,unrelated
182292,unrelated
5378,unrelated
87293,agreed
252795,unrelated
63370,agreed
140366,unrelated
64556,agreed
244785,unrelated
247849,unrelated
283633,agreed
46279,agreed
259295,unrelated
267493,unrelated
89238,unrelated
73848,unrelated
74173,unrelated
209435,unrelated
269348,agreed
181053,agreed
99994,agreed
82550,unrelated
35352,agreed
303198,unrelated
127426,agreed
200056,unrelated
301191,unrelated
172255,unrelated
59937,agreed
304843,unrelated
258291,unrelated
135402,agreed
263785,unrelated
197630,unrelated
168477,agreed
157262,unrelated
281855,unrelated
94563,unrelated
208258,unrelated
53817,unrelated
280019,unrelated
317219,unrelated
161051,unrelated
195258,agreed
250773,unrelated
307798,agreed
233179,unrelated
318371,agreed
58908,unrelated
169443,unrelated
170538,unrelated
310068,unrelated
263431,unrelated
4184,unrelated
294197,unrelated
212908,unrelated
14414,unrelated
11507,unrelated
238912,agreed
111432,unrelated
61525,unrelated
283036,unrelated
68829,agreed
266510,unrelated
206293,agreed
57271,unrelated
54879,unrelated
203522,unrelated
272040,unrelated
207967,agreed
53351,unrelated
45019,unrelated
159002,agreed
160774,unrelated
40916,unrelated
289036,unrelated
297767,unrelated
195792,unrelated
272248,agreed
214280,agreed
148334,unrelated
132044,unrelated
142611,unrelated
300792,agreed
36123,unrelated
268315,unrelated
124284,disagreed
283026,disagreed
206042,agreed
229672,agreed
177272,unrelated
78885,agreed
44368,agreed
72102,unrelated
173690,agreed
288391,unrelated
150163,agreed
90434,unrelated
296460,unrelated
275410,unrelated
315622,agreed
36493,unrelated
151939,unrelated
257952,unrelated
254708,agreed
253653,unrelated
247010,unrelated
56572,agreed
310739,agreed
153234,unrelated
315012,unrelated
5343,unrelated
300328,unrelated
189911,unrelated
165401,unrelated
4991,agreed
316769,unrelated
190188,unrelated
246186,unrelated
179711,unrelated
185614,unrelated
28707,agreed
88953,unrelated
6867,unrelated
141112,unrelated
200815,unrelated
149296,unrelated
81517,disagreed
171859,unrelated
71318,unrelated
110003,unrelated
85344,unrelated
319073,agreed
36533,agreed
172924,unrelated
16644,unrelated
298402,unrelated
137813,agreed
304115,unrelated
211398,unrelated
212125,unrelated
313931,unrelated
67551,unrelated
291650,agreed
288572,unrelated
130984,unrelated
114865,unrelated
211447,unrelated
253420,unrelated
107417,unrelated
1752,unrelated
8612,unrelated
33733,unrelated
212094,unrelated
140614,agreed
46012,unrelated
266395,unrelated
50072,agreed
250910,agreed
132647,unrelated
132038,unrelated
216376,agreed
202706,unrelated
28296,unrelated
201611,unrelated
179582,unrelated
97250,unrelated
45038,unrelated
13778,agreed
181230,unrelated
226382,agreed
9499,unrelated
270449,unrelated
93738,agreed
288070,unrelated
33200,agreed
80324,unrelated
271493,unrelated
17304,agreed
291406,unrelated
194488,unrelated
135236,unrelated
256654,agreed
151347,unrelated
137357,unrelated
112019,unrelated
42358,unrelated
158728,disagreed
204787,agreed
33138,unrelated
20516,unrelated
95286,agreed
91615,unrelated
218205,unrelated
307732,unrelated
148096,unrelated
193145,agreed
274334,unrelated
97371,agreed
291280,unrelated
127006,unrelated
223997,unrelated
309276,unrelated
87631,unrelated
55491,unrelated
226913,agreed
312191,unrelated
249756,unrelated
68583,unrelated
90918,agreed
177224,unrelated
237999,agreed
266658,unrelated
57544,unrelated
253855,unrelated
102372,unrelated
287862,unrelated
206594,unrelated
188915,agreed
87832,agreed
221336,agreed
75855,unrelated
96028,agreed
261806,unrelated
100168,agreed
170566,agreed
254139,unrelated
245325,unrelated
3241,agreed
178793,unrelated
121354,unrelated
299790,agreed
196210,unrelated
286295,unrelated
58764,unrelated
92856,unrelated
183376,agreed
139699,unrelated
229605,agreed
98497,unrelated
27337,unrelated
306037,unrelated
60700,unrelated
171507,unrelated
232919,unrelated
320064,unrelated
258648,unrelated
242112,unrelated
183262,unrelated
226658,agreed
95879,unrelated
183965,agreed
128985,unrelated
82937,agreed
77446,unrelated
41060,agreed
142702,agreed
228056,unrelated
234400,agreed
90636,unrelated
295283,unrelated
63833,unrelated
112557,unrelated
58832,unrelated
61706,unrelated
219950,unrelated
146804,unrelated
134572,agreed
1001,agreed
170218,unrelated
236195,unrelated
293587,agreed
314011,agreed
270355,unrelated
242491,unrelated
177580,unrelated
287113,unrelated
260625,unrelated
146824,unrelated
303275,unrelated
72658,agreed
197637,unrelated
135634,agreed
87163,agreed
11508,agreed
154136,unrelated
115642,agreed
135553,unrelated
173768,unrelated
95202,agreed
44391,unrelated
199777,unrelated
192224,agreed
317211,unrelated
118335,unrelated
35457,unrelated
23924,unrelated
258450,agreed
268760,agreed
154962,unrelated
247637,unrelated
211563,agreed
318176,agreed
241081,disagreed
227901,unrelated
77472,unrelated
233928,unrelated
154240,unrelated
9886,unrelated
111974,unrelated
203827,unrelated
105659,agreed
260657,unrelated
312166,unrelated
6512,unrelated
108445,unrelated
141003,agreed
104195,unrelated
31033,unrelated
15065,unrelated
2877,agreed
249765,unrelated
318551,unrelated
116982,unrelated
160575,unrelated
216682,unrelated
143429,unrelated
128516,disagreed
206349,unrelated
262425,unrelated
217437,unrelated
289489,agreed
119601,unrelated
136710,unrelated
318060,unrelated
290247,unrelated
267165,agreed
65755,unrelated
135740,agreed
40907,unrelated
245568,unrelated
74123,unrelated
105042,agreed
255073,unrelated
103490,agreed
319272,unrelated
493,unrelated
264472,agreed
210377,agreed
201072,agreed
149903,agreed
139434,unrelated
67236,unrelated
16404,agreed
320982,unrelated
47197,unrelated
52981,unrelated
292035,unrelated
145172,unrelated
290281,unrelated
246701,unrelated
305519,unrelated
8202,unrelated
243397,unrelated
133690,unrelated
134291,unrelated
245409,agreed
72663,unrelated
255154,unrelated
106486,unrelated
248944,unrelated
131603,unrelated
68167,unrelated
48883,unrelated
15585,unrelated
144815,agreed
18636,agreed
16234,agreed
225630,unrelated
120388,unrelated
184972,unrelated
14036,unrelated
243718,unrelated
179139,unrelated
6352,unrelated
790,agreed
165968,agreed
202740,unrelated
45385,agreed
210446,agreed
274951,agreed
148732,agreed
120547,unrelated
6205,unrelated
150251,unrelated
185858,agreed
9222,agreed
304101,unrelated
25944,agreed
65359,unrelated
67052,agreed
288757,unrelated
69972,unrelated
189952,agreed
120290,agreed
86195,agreed
133082,unrelated
269618,unrelated
236228,unrelated
125739,unrelated
265810,unrelated
54524,agreed
21908,agreed
35602,unrelated
3340,unrelated
59349,unrelated
241974,agreed
138350,unrelated
196980,unrelated
255057,unrelated
104713,unrelated
182188,unrelated
319129,unrelated
148396,unrelated
181945,unrelated
13060,disagreed
82808,unrelated
50453,unrelated
144570,unrelated
127994,unrelated
205794,unrelated
13854,unrelated
65675,unrelated
85036,unrelated
97939,agreed
198391,unrelated
101882,unrelated
147305,agreed
189995,unrelated
296409,unrelated
110376,unrelated
38444,unrelated
39779,unrelated
16276,unrelated
24954,unrelated
31444,agreed
259494,unrelated
21200,unrelated
299105,unrelated
241360,unrelated
268082,unrelated
115800,agreed
301503,unrelated
281914,unrelated
170740,agreed
57219,unrelated
138544,agreed
231587,agreed
215939,unrelated
140753,agreed
224037,unrelated
18416,unrelated
47960,unrelated
29577,agreed
189324,unrelated
258331,agreed
193885,agreed
181635,unrelated
189289,unrelated
54227,unrelated
221876,agreed
204868,unrelated
93816,unrelated
152502,unrelated
281369,agreed
187699,unrelated
30042,unrelated
175421,unrelated
175207,unrelated
264298,unrelated
286630,agreed
86565,agreed
254820,agreed
41987,unrelated
76352,unrelated
34618,unrelated
205333,unrelated
168333,unrelated
177937,agreed
188625,agreed
301315,unrelated
211232,agreed
224183,unrelated
256725,agreed
8479,unrelated
15862,unrelated
119792,unrelated
315310,unrelated
37761,unrelated
56705,unrelated
70513,unrelated
229364,unrelated
108847,agreed
161884,unrelated
280406,unrelated
300851,disagreed
262959,unrelated
41522,unrelated
241790,unrelated
215020,unrelated
177537,unrelated
307065,unrelated
285774,agreed
21966,agreed
220738,unrelated
152295,unrelated
13912,unrelated
140231,unrelated
273204,agreed
116539,unrelated
130655,unrelated
74128,unrelated
286394,unrelated
109780,unrelated
139519,unrelated
22542,unrelated
191159,unrelated
228197,unrelated
26419,unrelated
193046,unrelated
166329,unrelated
242005,unrelated
113663,unrelated
282244,unrelated
42881,unrelated
158692,agreed
29363,unrelated
168279,unrelated
151590,unrelated
314433,agreed
146221,agreed
190525,agreed
103057,unrelated
96916,unrelated
85242,unrelated
121171,unrelated
82835,agreed
166299,unrelated
177137,unrelated
21153,unrelated
107646,agreed
231359,unrelated
45199,unrelated
285225,agreed
166957,unrelated
269791,agreed
184094,unrelated
70034,unrelated
302837,unrelated
208432,unrelated
158594,unrelated
30408,unrelated
143244,agreed
319703,unrelated
219970,agreed
19475,unrelated
305991,unrelated
5783,unrelated
72611,unrelated
271633,agreed
116942,agreed
245779,unrelated
194619,agreed
20560,unrelated
246200,unrelated
84217,agreed
259404,unrelated
121690,agreed
234671,unrelated
128522,disagreed
6775,unrelated
48095,unrelated
302420,unrelated
37292,unrelated
217695,unrelated
30691,unrelated
159739,unrelated
117059,unrelated
245913,unrelated
195090,agreed
77746,agreed
243901,unrelated
304486,unrelated
220771,unrelated
208663,agreed
237521,unrelated
192029,agreed
310479,agreed
132558,unrelated
224319,unrelated
267876,unrelated
187206,unrelated
213274,unrelated
228709,unrelated
69121,unrelated
290368,unrelated
148881,unrelated
128563,disagreed
172483,agreed
107816,agreed
310236,unrelated
141842,unrelated
270217,unrelated
154226,unrelated
100571,agreed
89692,unrelated
135623,agreed
126456,unrelated
195912,unrelated
105096,unrelated
167797,unrelated
159225,agreed
21477,unrelated
292713,unrelated
79681,unrelated
224499,unrelated
224836,agreed
8617,unrelated
11875,unrelated
239035,unrelated
317248,unrelated
278755,unrelated
225694,unrelated
280566,agreed
17224,unrelated
228748,unrelated
252557,unrelated
223618,unrelated
275507,agreed
112838,agreed
81054,unrelated
178512,unrelated
67662,agreed
42135,unrelated
28917,unrelated
98965,unrelated
232688,agreed
31394,agreed
249826,unrelated
219411,unrelated
240349,agreed
235872,agreed
68147,unrelated
313876,agreed
210212,unrelated
118737,disagreed
183197,unrelated
264011,unrelated
180620,unrelated
120617,unrelated
109117,unrelated
233434,unrelated
12208,unrelated
105334,unrelated
113138,agreed
145655,unrelated
187996,unrelated
232337,agreed
775,unrelated
65956,unrelated
67310,unrelated
274129,unrelated
189425,unrelated
159330,agreed
199734,unrelated
21001,unrelated
188692,unrelated
147500,unrelated
66623,unrelated
307335,unrelated
138366,unrelated
90053,unrelated
236299,unrelated
2941,agreed
238356,unrelated
38149,unrelated
184149,unrelated
101453,unrelated
112572,unrelated
232527,unrelated
164843,unrelated
99728,unrelated
297383,unrelated
23477,unrelated
268586,unrelated
227763,unrelated
40213,unrelated
246894,agreed
126500,unrelated
252261,unrelated
68505,unrelated
11966,unrelated
153876,agreed
180434,unrelated
37626,unrelated
287722,unrelated
266284,unrelated
106693,agreed
29752,agreed
204500,disagreed
247130,unrelated
156664,unrelated
303155,unrelated
83637,agreed
124842,agreed
188222,unrelated
57940,agreed
259734,unrelated
55101,agreed
209886,unrelated
43393,unrelated
280157,unrelated
46678,unrelated
311749,unrelated
110390,unrelated
250936,unrelated
159541,agreed
273860,unrelated
267072,agreed
297915,unrelated
197619,unrelated
41112,unrelated
91889,unrelated
49851,unrelated
173475,unrelated
63737,unrelated
48079,unrelated
38220,unrelated
102429,agreed
265251,agreed
167375,unrelated
46298,agreed
241625,unrelated
122604,unrelated
267233,unrelated
272672,agreed
215224,unrelated
75214,unrelated
311450,agreed
311161,unrelated
202136,unrelated
54047,unrelated
195279,unrelated
159448,unrelated
172835,unrelated
98613,unrelated
54509,agreed
208052,unrelated
272356,unrelated
158242,unrelated
226526,agreed
15933,unrelated
280293,agreed
164557,unrelated
34080,unrelated
228767,unrelated
302920,unrelated
211797,unrelated
101222,agreed
112161,agreed
113452,unrelated
50289,unrelated
243168,agreed
147642,agreed
187329,unrelated
320346,agreed
290775,unrelated
196072,unrelated
109873,unrelated
175135,disagreed
171084,disagreed
102676,agreed
80329,unrelated
83763,unrelated
66498,agreed
122031,unrelated
133750,unrelated
16321,unrelated
301032,unrelated
181785,unrelated
183999,agreed
307746,agreed
312473,unrelated
207912,unrelated
84963,unrelated
44589,agreed
141687,unrelated
22856,unrelated
91740,unrelated
40826,unrelated
41448,unrelated
150766,agreed
267235,unrelated
117507,unrelated
199867,unrelated
85151,unrelated
140569,agreed
78442,unrelated
132322,unrelated
50264,unrelated
15033,agreed
39085,unrelated
21631,unrelated
197021,unrelated
194888,agreed
86906,agreed
82649,agreed
227624,unrelated
109409,unrelated
196110,unrelated
116109,unrelated
289160,unrelated
244662,unrelated
27483,unrelated
32327,unrelated
75392,unrelated
83147,unrelated
244846,agreed
151761,unrelated
96546,agreed
101924,unrelated
256953,unrelated
124297,disagreed
162210,agreed
284937,unrelated
238832,unrelated
162519,unrelated
188949,unrelated
209241,unrelated
284743,unrelated
112129,agreed
148997,agreed
314758,agreed
288861,unrelated
72579,unrelated
176534,unrelated
2160,unrelated
47939,unrelated
77528,unrelated
234739,unrelated
149428,unrelated
217148,unrelated
274189,unrelated
172950,unrelated
10664,unrelated
128265,unrelated
137790,unrelated
180949,unrelated
138403,unrelated
295838,unrelated
290557,unrelated
312241,unrelated
201246,unrelated
254053,agreed
15571,unrelated
142411,unrelated
142440,unrelated
213192,unrelated
102687,agreed
77244,unrelated
308959,unrelated
302715,unrelated
224870,agreed
90210,unrelated
307737,unrelated
133900,agreed
101646,agreed
49404,agreed
28133,agreed
61733,unrelated
252043,unrelated
14372,unrelated
296696,unrelated
197977,unrelated
112776,unrelated
63288,unrelated
47490,agreed
258091,agreed
317704,unrelated
17012,agreed
171421,unrelated
199782,unrelated
60846,unrelated
166269,unrelated
150681,unrelated
17179,unrelated
31603,unrelated
199606,unrelated
310232,unrelated
196380,unrelated
118959,unrelated
199563,unrelated
315122,unrelated
115437,unrelated
165392,unrelated
247583,disagreed
11548,agreed
114807,agreed
18204,unrelated
213673,unrelated
163528,unrelated
50835,unrelated
189259,unrelated
124745,agreed
23871,unrelated
9465,agreed
211935,unrelated
176934,unrelated
157020,unrelated
152140,unrelated
312612,unrelated
43707,agreed
246922,unrelated
18187,unrelated
287004,unrelated
314309,unrelated
210413,agreed
125430,unrelated
137428,unrelated
23653,unrelated
148828,unrelated
247369,unrelated
153900,unrelated
47131,unrelated
296836,unrelated
273630,agreed
104209,unrelated
85483,unrelated
172953,unrelated
77230,unrelated
101253,agreed
221454,agreed
86022,agreed
313013,agreed
252091,unrelated
294310,agreed
48377,agreed
169208,agreed
250242,unrelated
294519,unrelated
5481,unrelated
20596,unrelated
11363,unrelated
310016,unrelated
286834,unrelated
184882,unrelated
15077,agreed
139018,unrelated
264906,unrelated
25303,agreed
32851,unrelated
232269,agreed
256674,unrelated
267383,unrelated
197785,unrelated
51150,unrelated
54860,unrelated
273609,agreed
271213,agreed
169927,unrelated
314763,unrelated
80822,agreed
68888,unrelated
42283,agreed
55723,unrelated
114544,agreed
285175,unrelated
299515,unrelated
79306,agreed
236850,unrelated
316370,agreed
68370,unrelated
293034,unrelated
122486,unrelated
296891,unrelated
118191,unrelated
121337,unrelated
38125,unrelated
15321,unrelated
230722,agreed
73615,unrelated
311661,agreed
181488,unrelated
273719,unrelated
189873,agreed
196682,agreed
245727,unrelated
62291,unrelated
305491,unrelated
126936,unrelated
160052,unrelated
112605,unrelated
129839,unrelated
261812,unrelated
106325,unrelated
37330,disagreed
280915,agreed
50657,unrelated
314419,unrelated
319338,unrelated
14724,agreed
49343,unrelated
244880,agreed
78726,unrelated
88389,agreed
173730,agreed
247824,unrelated
3146,unrelated
36337,agreed
312922,agreed
178996,unrelated
99788,unrelated
30162,unrelated
101146,agreed
104174,agreed
239685,unrelated
231983,unrelated
5102,unrelated
96322,unrelated
97885,agreed
209547,unrelated
273037,unrelated
320277,agreed
114122,agreed
243203,unrelated
273518,unrelated
300654,unrelated
114404,unrelated
73319,unrelated
149413,agreed
154177,unrelated
38268,unrelated
278324,unrelated
56556,unrelated
307026,agreed
197638,unrelated
221725,agreed
281371,unrelated
273253,unrelated
85802,unrelated
47886,agreed
314662,unrelated
76564,unrelated
306425,unrelated
35572,unrelated
93734,unrelated
21274,unrelated
92437,agreed
237542,unrelated
65860,unrelated
53711,unrelated
151554,unrelated
3750,unrelated
288093,agreed
143318,unrelated
103422,unrelated
70378,unrelated
184484,agreed
33262,agreed
41071,agreed
173667,agreed
319689,unrelated
112269,unrelated
68775,unrelated
268383,unrelated
3849,unrelated
93941,unrelated
46177,unrelated
233024,disagreed
141001,agreed
289895,agreed
271211,agreed
176833,unrelated
264164,unrelated
312178,unrelated
207448,unrelated
86204,unrelated
188584,unrelated
166111,unrelated
8210,unrelated
22155,disagreed
227288,unrelated
125382,unrelated
22210,agreed
256487,agreed
32201,unrelated
309049,unrelated
101626,agreed
183705,unrelated
72131,unrelated
312986,agreed
103964,unrelated
272848,unrelated
258436,disagreed
125538,unrelated
215859,unrelated
314638,agreed
244897,agreed
173980,unrelated
200000,unrelated
17824,unrelated
1056,unrelated
259925,unrelated
107595,agreed
312118,unrelated
249748,unrelated
54632,unrelated
307201,unrelated
240332,agreed
256941,agreed
212726,unrelated
168503,unrelated
243647,agreed
189232,agreed
291330,unrelated
140470,unrelated
259783,unrelated
153602,unrelated
182285,unrelated
135934,agreed
199038,agreed
139936,agreed
283975,unrelated
284016,unrelated
155864,unrelated
285738,unrelated
41359,unrelated
98680,agreed
88022,agreed
38048,unrelated
273695,agreed
215476,unrelated
222620,agreed
123776,unrelated
235137,unrelated
176501,agreed
111642,agreed
257812,unrelated
29378,unrelated
291923,agreed
157970,agreed
55485,unrelated
111624,agreed
75192,unrelated
80911,unrelated
105234,unrelated
58138,agreed
280894,agreed
186442,unrelated
47857,unrelated
194946,agreed
77720,agreed
157256,unrelated
26262,unrelated
248046,unrelated
84821,unrelated
154094,agreed
193183,agreed
260706,unrelated
273473,unrelated
5637,agreed
124104,unrelated
248804,unrelated
285742,unrelated
136695,unrelated
101601,unrelated
52912,unrelated
22183,unrelated
320355,agreed
25672,unrelated
61316,unrelated
202761,agreed
12290,agreed
186683,unrelated
104833,unrelated
276558,unrelated
157831,agreed
259227,unrelated
17608,unrelated
284867,agreed
102121,unrelated
116914,unrelated
202514,agreed
17381,agreed
49586,unrelated
268732,unrelated
233394,agreed
314440,unrelated
255906,unrelated
311087,agreed
81806,agreed
246164,unrelated
51178,agreed
174703,agreed
96770,unrelated
258324,agreed
275397,unrelated
305007,unrelated
7188,unrelated
75812,unrelated
126926,unrelated
164171,unrelated
223584,disagreed
111232,unrelated
24010,unrelated
93336,unrelated
227900,unrelated
244933,unrelated
30421,unrelated
98424,unrelated
163586,unrelated
8154,agreed
221527,unrelated
219937,unrelated
173062,unrelated
225201,unrelated
279315,unrelated
299534,agreed
33241,agreed
41434,unrelated
288372,unrelated
188223,unrelated
258527,unrelated
55388,unrelated
120738,disagreed
110790,agreed
81356,unrelated
318723,agreed
67775,unrelated
112505,disagreed
245905,unrelated
24918,unrelated
84113,unrelated
22789,unrelated
228497,unrelated
152672,agreed
207909,unrelated
313782,unrelated
7207,agreed
160885,unrelated
84633,unrelated
218524,agreed
64232,unrelated
274069,unrelated
55148,unrelated
271052,unrelated
194670,agreed
249346,unrelated
84785,agreed
22994,unrelated
163058,unrelated
300981,unrelated
12686,unrelated
114176,agreed
281239,unrelated
53180,unrelated
311900,agreed
265148,agreed
101809,agreed
97491,unrelated
123126,agreed
256406,unrelated
199175,unrelated
153482,unrelated
307457,agreed
241821,agreed
289150,unrelated
205008,unrelated
204821,unrelated
317821,agreed
159624,unrelated
121753,unrelated
73602,unrelated
49632,unrelated
231185,unrelated
136007,unrelated
35753,unrelated
302681,agreed
207706,agreed
53152,unrelated
65550,agreed
73773,unrelated
504,agreed
50120,unrelated
50570,unrelated
105803,unrelated
229623,unrelated
100311,unrelated
298935,unrelated
71126,unrelated
5397,agreed
291243,unrelated
270956,agreed
161787,unrelated
35010,unrelated
206452,unrelated
223715,agreed
208145,unrelated
244021,unrelated
12662,unrelated
79508,agreed
73414,unrelated
277157,agreed
296294,unrelated
160655,unrelated
147181,unrelated
42718,unrelated
6548,unrelated
318040,unrelated
130021,unrelated
188098,unrelated
120793,agreed
106116,unrelated
29797,unrelated
231364,unrelated
242942,agreed
831,unrelated
137814,agreed
258503,unrelated
102291,unrelated
319368,unrelated
192814,unrelated
187385,unrelated
93556,unrelated
196167,agreed
252483,unrelated
213838,unrelated
104605,unrelated
235474,unrelated
25661,unrelated
282717,unrelated
1222,agreed
183302,unrelated
258333,agreed
29188,unrelated
162634,unrelated
196113,unrelated
304790,agreed
305040,unrelated
232023,unrelated
70455,unrelated
167237,unrelated
153925,unrelated
56761,unrelated
256777,agreed
179301,unrelated
251358,agreed
302745,unrelated
39941,unrelated
274981,unrelated
30558,unrelated
17268,agreed
259987,agreed
189814,agreed
99585,unrelated
254037,unrelated
43343,unrelated
51547,unrelated
310455,agreed
124403,unrelated
2077,agreed
230892,unrelated
224,unrelated
285419,unrelated
287582,unrelated
47171,unrelated
26609,agreed
164860,agreed
69989,agreed
177089,agreed
177863,unrelated
93649,agreed
263116,agreed
263941,unrelated
65907,unrelated
306102,unrelated
320590,unrelated
193213,unrelated
257894,unrelated
132960,unrelated
61259,agreed
112146,agreed
50225,unrelated
48337,agreed
49319,agreed
216599,unrelated
104905,unrelated
242007,unrelated
279117,agreed
213887,agreed
125286,agreed
261852,agreed
39034,unrelated
14392,unrelated
128416,disagreed
5081,agreed
317752,unrelated
184259,unrelated
294936,unrelated
274536,unrelated
159505,unrelated
173234,unrelated
26689,unrelated
295330,unrelated
254265,unrelated
247283,unrelated
89103,unrelated
202072,agreed
106418,unrelated
114731,agreed
99184,unrelated
224894,unrelated
84261,agreed
163979,unrelated
95419,agreed
206097,agreed
184218,unrelated
96332,unrelated
188583,unrelated
281092,unrelated
283677,unrelated
3805,unrelated
285667,unrelated
211294,disagreed
47190,unrelated
49849,unrelated
204701,unrelated
245612,agreed
135354,unrelated
19627,unrelated
167289,unrelated
292285,unrelated
2496,agreed
151836,unrelated
837,unrelated
162514,agreed
232237,unrelated
52794,unrelated
187639,unrelated
221578,agreed
48420,agreed
281412,unrelated
23963,unrelated
31332,unrelated
302969,unrelated
301440,unrelated
14032,agreed
232733,unrelated
242734,unrelated
248615,agreed
28626,unrelated
316110,agreed
21607,unrelated
220127,unrelated
119616,unrelated
170114,unrelated
168678,unrelated
203018,unrelated
316937,agreed
317191,unrelated
42696,agreed
9685,unrelated
210842,unrelated
287201,agreed
68482,unrelated
289123,unrelated
238922,agreed
34254,unrelated
20032,unrelated
280585,agreed
269022,agreed
226315,agreed
52927,unrelated
208507,agreed
33881,unrelated
136555,agreed
64136,unrelated
138389,unrelated
148680,unrelated
137886,agreed
52255,unrelated
138039,agreed
37850,unrelated
278820,unrelated
42644,unrelated
42562,unrelated
308809,unrelated
190907,unrelated
57703,unrelated
289505,unrelated
119163,unrelated
183806,agreed
26287,unrelated
50134,agreed
82531,unrelated
95444,unrelated
31932,agreed
154900,unrelated
76619,unrelated
61823,agreed
108830,unrelated
200735,agreed
233320,agreed
167717,unrelated
78000,agreed
212459,unrelated
262726,unrelated
200838,unrelated
147819,unrelated
6402,unrelated
129955,unrelated
13551,unrelated
268093,unrelated
165556,unrelated
116044,unrelated
217242,unrelated
3725,agreed
86957,agreed
308285,unrelated
83582,unrelated
102619,unrelated
131911,unrelated
190492,unrelated
224710,unrelated
193181,unrelated
206583,unrelated
67267,unrelated
98926,unrelated
203481,agreed
253311,agreed
165891,unrelated
233442,unrelated
88570,agreed
209513,unrelated
294217,unrelated
69926,agreed
117941,unrelated
134660,agreed
293265,unrelated
72856,unrelated
89465,unrelated
156544,unrelated
85591,unrelated
55467,unrelated
159968,unrelated
124562,agreed
113151,agreed
121904,agreed
113864,agreed
233641,agreed
29200,agreed
42838,unrelated
198924,agreed
251139,agreed
82198,unrelated
144106,unrelated
169969,unrelated
98116,agreed
304584,unrelated
275904,unrelated
127942,unrelated
119381,unrelated
122228,unrelated
17275,agreed
160888,unrelated
277918,unrelated
137306,unrelated
154817,unrelated
36788,unrelated
54189,unrelated
308696,agreed
303077,unrelated
111616,agreed
299872,unrelated
55854,agreed
309423,agreed
101458,unrelated
306355,agreed
276286,agreed
183083,unrelated
151440,agreed
298670,unrelated
205949,unrelated
139702,unrelated
291084,unrelated
131017,unrelated
2928,unrelated
176970,unrelated
122662,agreed
308056,agreed
21806,agreed
237674,unrelated
22225,unrelated
301779,agreed
315753,unrelated
252774,unrelated
247315,unrelated
247556,unrelated
114110,agreed
287518,unrelated
138399,unrelated
265269,unrelated
278553,agreed
26406,unrelated
190149,unrelated
198567,agreed
64281,agreed
135602,agreed
161656,unrelated
64103,unrelated
119680,agreed
121136,unrelated
189368,agreed
288415,unrelated
98834,unrelated
89967,unrelated
25325,unrelated
286890,unrelated
243989,agreed
50131,agreed
174234,unrelated
211115,agreed
15828,unrelated
218778,unrelated
109814,unrelated
9939,disagreed
225825,unrelated
294501,unrelated
259595,unrelated
308990,unrelated
202209,unrelated
303216,unrelated
175299,unrelated
107026,unrelated
105370,unrelated
97798,unrelated
84901,agreed
16093,unrelated
305669,agreed
156965,agreed
301912,agreed
200250,unrelated
24027,unrelated
10786,unrelated
48174,unrelated
161276,unrelated
309426,unrelated
87795,unrelated
105619,unrelated
251332,agreed
243092,unrelated
105236,unrelated
247151,unrelated
148588,unrelated
153242,unrelated
165348,unrelated
38550,unrelated
295659,unrelated
90622,agreed
219552,unrelated
8725,unrelated
267677,agreed
174550,agreed
219372,unrelated
194757,unrelated
48044,unrelated
270332,unrelated
256914,unrelated
319249,unrelated
230848,agreed
144123,unrelated
26310,unrelated
223301,disagreed
93851,unrelated
271955,agreed
180808,unrelated
183764,agreed
163052,unrelated
254598,unrelated
113087,agreed
278532,agreed
197574,unrelated
313179,unrelated
72622,unrelated
319909,unrelated
320443,unrelated
203593,unrelated
236868,unrelated
189201,unrelated
188078,agreed
241932,unrelated
17749,unrelated
267501,unrelated
204790,unrelated
196762,unrelated
81364,disagreed
224638,unrelated
239450,unrelated
136014,agreed
173691,agreed
41019,agreed
212255,unrelated
203920,agreed
182197,unrelated
302523,unrelated
109989,unrelated
174918,agreed
284589,unrelated
208607,unrelated
34864,unrelated
186716,unrelated
11996,agreed
270306,unrelated
90870,unrelated
113661,unrelated
210004,unrelated
91901,unrelated
268722,unrelated
149041,unrelated
42574,agreed
230546,unrelated
142773,unrelated
15821,agreed
194236,unrelated
218734,unrelated
274631,unrelated
118110,unrelated
252419,unrelated
236971,unrelated
302988,unrelated
161797,agreed
203805,unrelated
231531,unrelated
223447,disagreed
97147,unrelated
77527,unrelated
158702,unrelated
6432,unrelated
15442,agreed
215140,agreed
101997,unrelated
215623,unrelated
195495,agreed
101238,agreed
119267,unrelated
181370,unrelated
271358,unrelated
70002,agreed
17602,unrelated
65423,unrelated
23801,agreed
96065,unrelated
199222,unrelated
23171,agreed
311363,unrelated
131766,unrelated
81359,agreed
3483,unrelated
118441,unrelated
12296,agreed
188530,unrelated
146395,unrelated
239850,agreed
142393,unrelated
55046,agreed
204560,unrelated
113408,unrelated
44202,unrelated
232316,unrelated
311804,unrelated
242341,unrelated
256613,unrelated
291425,unrelated
302376,unrelated
125860,unrelated
7420,unrelated
303127,unrelated
140622,agreed
320391,unrelated
286798,agreed
80246,unrelated
4165,unrelated
136382,unrelated
38347,unrelated
257510,unrelated
126113,agreed
216415,unrelated
77011,agreed
140799,unrelated
200715,unrelated
26281,unrelated
12999,unrelated
194689,agreed
57890,agreed
110550,agreed
19752,unrelated
312286,unrelated
291386,unrelated
147272,unrelated
12159,unrelated
230911,agreed
91411,unrelated
56485,unrelated
257366,unrelated
109635,unrelated
122295,unrelated
106765,unrelated
51558,unrelated
20101,disagreed
306987,unrelated
97428,unrelated
236495,unrelated
110943,agreed
79991,agreed
174837,agreed
224886,unrelated
63505,unrelated
247726,unrelated
205288,unrelated
257009,unrelated
250780,agreed
165932,disagreed
995,agreed
285957,agreed
123651,unrelated
124878,unrelated
240031,unrelated
286691,unrelated
239708,unrelated
180091,unrelated
273474,unrelated
164872,agreed
145548,agreed
152754,disagreed
39437,unrelated
10257,unrelated
108944,unrelated
215537,unrelated
193545,agreed
77550,unrelated
163973,unrelated
320952,unrelated
94572,agreed
286229,unrelated
139974,unrelated
74148,unrelated
90492,unrelated
107313,unrelated
115811,agreed
118564,unrelated
108707,agreed
141043,agreed
28218,unrelated
242218,unrelated
111259,unrelated
68793,unrelated
98620,unrelated
46932,unrelated
50355,unrelated
3745,unrelated
25440,unrelated
180107,unrelated
123242,unrelated
256989,unrelated
131767,unrelated
89735,agreed
304973,unrelated
201334,unrelated
112409,unrelated
297798,agreed
103592,unrelated
270775,unrelated
107108,agreed
294693,unrelated
192473,unrelated
118850,unrelated
105536,agreed
208420,agreed
114956,agreed
45227,unrelated
27156,agreed
203699,unrelated
193438,unrelated
234882,unrelated
30121,agreed
152680,unrelated
211817,agreed
265273,unrelated
21227,unrelated
210596,agreed
140591,agreed
218590,agreed
21201,unrelated
151691,unrelated
60151,unrelated
193979,agreed
221429,unrelated
297605,unrelated
306158,unrelated
156119,unrelated
181794,unrelated
262663,unrelated
70713,agreed
38235,unrelated
174492,unrelated
254192,unrelated
111000,unrelated
57259,unrelated
143345,unrelated
146622,agreed
74581,unrelated
145483,agreed
126964,unrelated
296976,unrelated
60253,unrelated
240577,unrelated
134932,unrelated
135701,agreed
91879,agreed
193732,agreed
105977,unrelated
124043,agreed
32976,unrelated
35175,unrelated
77298,unrelated
259320,agreed
180373,unrelated
226121,unrelated
180815,unrelated
11556,unrelated
284035,unrelated
175380,unrelated
97357,agreed
151972,unrelated
248103,unrelated
89316,unrelated
151638,unrelated
26881,unrelated
94694,unrelated
60709,unrelated
290970,agreed
172742,unrelated
40612,agreed
163427,agreed
283651,agreed
263767,unrelated
71548,unrelated
2580,agreed
150916,agreed
175127,disagreed
190516,disagreed
108905,unrelated
159168,agreed
8172,unrelated
234717,agreed
45060,unrelated
250574,unrelated
96624,agreed
267345,agreed
176174,unrelated
130781,agreed
152823,unrelated
173552,unrelated
195799,agreed
258040,agreed
250811,unrelated
253692,agreed
72736,unrelated
177151,unrelated
80053,agreed
287885,unrelated
117376,unrelated
65767,unrelated
56160,agreed
255857,unrelated
222003,agreed
120719,unrelated
61516,agreed
52962,unrelated
267474,agreed
130360,unrelated
257034,unrelated
309546,unrelated
19649,agreed
269976,unrelated
54144,unrelated
301157,unrelated
112192,agreed
167093,unrelated
297401,unrelated
174010,unrelated
176352,unrelated
144320,agreed
199291,agreed
159331,unrelated
32008,unrelated
105365,unrelated
166628,unrelated
223386,disagreed
138903,unrelated
153919,unrelated
201346,unrelated
312846,unrelated
130860,unrelated
60673,unrelated
264139,unrelated
143045,agreed
239380,unrelated
225949,unrelated
127422,agreed
206674,unrelated
117878,unrelated
180760,unrelated
265870,agreed
166371,unrelated
211848,unrelated
258379,disagreed
74348,agreed
189276,disagreed
41166,agreed
192125,agreed
173337,agreed
319400,unrelated
104972,unrelated
162252,unrelated
175321,agreed
286504,unrelated
66984,unrelated
16931,agreed
70097,unrelated
235633,unrelated
261365,agreed
245140,unrelated
67734,unrelated
239717,unrelated
106778,unrelated
254717,agreed
150794,agreed
25774,unrelated
149260,unrelated
219807,unrelated
108781,unrelated
103497,agreed
304414,unrelated
7135,unrelated
202396,agreed
53242,unrelated
208058,unrelated
215345,unrelated
106836,unrelated
190491,unrelated
53667,unrelated
230989,agreed
2584,unrelated
262862,agreed
157030,agreed
246064,unrelated
2793,agreed
190075,unrelated
120900,unrelated
122116,unrelated
38483,disagreed
167663,unrelated
220351,unrelated
70343,unrelated
160370,unrelated
47607,unrelated
5696,unrelated
32732,unrelated
100192,disagreed
50743,unrelated
58314,unrelated
306552,unrelated
74129,unrelated
110882,unrelated
10315,unrelated
194517,unrelated
112643,unrelated
185581,unrelated
50217,unrelated
81996,unrelated
85696,unrelated
120650,agreed
226341,unrelated
92071,agreed
280906,unrelated
99442,unrelated
48143,unrelated
286581,unrelated
237520,unrelated
139961,agreed
85964,agreed
212736,unrelated
300352,unrelated
67879,unrelated
246815,unrelated
4225,unrelated
35554,unrelated
184444,unrelated
192404,unrelated
308641,agreed
225777,unrelated
182365,agreed
173587,unrelated
211518,unrelated
175964,agreed
184379,unrelated
123460,unrelated
25409,agreed
292739,agreed
167312,unrelated
166409,unrelated
176490,unrelated
171643,unrelated
303067,unrelated
182090,unrelated
168302,unrelated
307200,agreed
107047,agreed
162798,unrelated
64321,agreed
143036,unrelated
273716,agreed
129924,unrelated
252482,unrelated
214554,agreed
213804,unrelated
61053,unrelated
126434,unrelated
288317,agreed
289884,agreed
23549,unrelated
270309,unrelated
218038,unrelated
72586,unrelated
218318,unrelated
215843,unrelated
250255,agreed
257980,unrelated
150972,unrelated
187226,agreed
15648,unrelated
229394,unrelated
86421,agreed
24368,unrelated
101478,unrelated
289828,unrelated
180874,unrelated
296505,unrelated
86922,unrelated
85632,unrelated
79241,unrelated
311275,agreed
296496,agreed
291285,agreed
4028,agreed
151766,agreed
47558,unrelated
297721,unrelated
205308,unrelated
284158,agreed
302202,unrelated
19051,unrelated
295463,unrelated
43637,agreed
76448,unrelated
26386,unrelated
118305,unrelated
130450,agreed
319662,unrelated
13575,unrelated
114543,agreed
124205,unrelated
271612,unrelated
9736,unrelated
194096,agreed
142800,agreed
200730,unrelated
122836,unrelated
282949,agreed
187225,unrelated
188298,unrelated
48422,agreed
245180,agreed
49761,agreed
305661,unrelated
315277,unrelated
162823,agreed
153418,agreed
237125,unrelated
129857,unrelated
287667,unrelated
92814,unrelated
7940,unrelated
119814,unrelated
28462,unrelated
66448,unrelated
315392,agreed
294275,unrelated
165645,unrelated
170953,unrelated
275530,agreed
154041,unrelated
126772,agreed
276052,agreed
259174,agreed
62601,unrelated
148332,unrelated
54246,agreed
158255,unrelated
5264,unrelated
159887,unrelated
238908,unrelated
203444,unrelated
115703,unrelated
299935,unrelated
6117,unrelated
142284,unrelated
281467,agreed
94323,unrelated
130182,unrelated
132258,unrelated
17854,unrelated
259857,unrelated
167838,unrelated
200465,agreed
170532,unrelated
6446,unrelated
96380,unrelated
208758,agreed
148309,unrelated
15329,agreed
206623,unrelated
35282,unrelated
243089,unrelated
80813,unrelated
2183,unrelated
62545,agreed
194412,unrelated
250236,unrelated
24451,unrelated
201466,unrelated
107483,agreed
27825,unrelated
204446,unrelated
191471,unrelated
69327,unrelated
167744,unrelated
16735,agreed
26567,unrelated
150520,unrelated
246033,agreed
40356,unrelated
124330,unrelated
288777,unrelated
129560,unrelated
264260,unrelated
258793,unrelated
67073,unrelated
92988,agreed
126675,agreed
70851,unrelated
47936,unrelated
299460,unrelated
18362,unrelated
11755,unrelated
310924,unrelated
201783,agreed
54833,unrelated
14595,unrelated
32314,unrelated
254660,agreed
165150,unrelated
2162,unrelated
215648,unrelated
216784,agreed
39462,unrelated
110588,agreed
216425,unrelated
259079,unrelated
127079,unrelated
261569,unrelated
305055,unrelated
105169,unrelated
40954,unrelated
19058,unrelated
266520,unrelated
223838,unrelated
261508,unrelated
162471,unrelated
137663,agreed
309957,agreed
121006,agreed
19420,unrelated
260646,unrelated
103667,unrelated
28487,unrelated
298823,unrelated
164912,unrelated
84933,agreed
233850,unrelated
262252,disagreed
40623,agreed
157491,unrelated
263847,unrelated
233723,unrelated
198896,agreed
36002,unrelated
25969,unrelated
236581,unrelated
77640,unrelated
229249,unrelated
92792,unrelated
226195,agreed
231073,unrelated
152515,unrelated
289010,unrelated
5628,agreed
43747,unrelated
211617,unrelated
6691,unrelated
277958,unrelated
281613,unrelated
246998,unrelated
218685,unrelated
234449,unrelated
240083,unrelated
139272,agreed
255955,unrelated
219315,unrelated
238647,unrelated
38181,unrelated
194624,agreed
135884,unrelated
170320,unrelated
181115,agreed
24317,unrelated
50942,unrelated
97303,agreed
100411,unrelated
166611,agreed
12988,unrelated
126347,agreed
50187,unrelated
267421,agreed
75763,unrelated
54126,agreed
269725,disagreed
245548,unrelated
9560,agreed
82233,unrelated
57152,unrelated
241765,agreed
255141,unrelated
79969,unrelated
115634,agreed
290199,unrelated
198459,unrelated
58397,unrelated
5683,unrelated
51763,agreed
224506,unrelated
278593,unrelated
138302,unrelated
115466,disagreed
73595,unrelated
42270,agreed
226450,unrelated
201770,agreed
216207,unrelated
83189,agreed
253506,unrelated
218418,unrelated
178642,agreed
105820,unrelated
213298,disagreed
214747,unrelated
258766,unrelated
187567,unrelated
253051,unrelated
158396,unrelated
222108,unrelated
226336,unrelated
187945,unrelated
156655,agreed
255811,unrelated
190072,unrelated
235751,agreed
68739,unrelated
223040,unrelated
144263,agreed
116594,unrelated
271990,unrelated
75128,unrelated
200939,unrelated
250943,unrelated
95671,agreed
113045,agreed
291465,unrelated
96905,agreed
287963,unrelated
279519,unrelated
137625,agreed
291652,unrelated
265569,agreed
138182,agreed
188763,unrelated
300539,unrelated
62293,unrelated
98958,unrelated
68771,unrelated
144097,unrelated
136648,unrelated
216847,unrelated
116165,unrelated
17532,unrelated
141577,unrelated
82148,unrelated
314725,unrelated
320670,agreed
264974,unrelated
182186,unrelated
51655,unrelated
167163,agreed
100194,unrelated
179799,unrelated
245552,unrelated
64983,agreed
239572,unrelated
208599,agreed
145693,unrelated
103616,unrelated
213166,unrelated
213528,unrelated
243055,unrelated
109627,unrelated
289510,unrelated
246020,unrelated
216123,agreed
93128,agreed
64493,unrelated
270723,unrelated
64471,unrelated
5425,agreed
156128,unrelated
287545,agreed
55574,unrelated
208883,disagreed
115135,unrelated
253125,unrelated
254791,unrelated
234226,agreed
83477,unrelated
82927,agreed
82713,unrelated
223065,unrelated
176543,unrelated
295039,unrelated
278011,disagreed
51408,unrelated
184629,unrelated
52205,unrelated
297787,unrelated
78360,unrelated
118462,unrelated
156522,unrelated
99116,agreed
112065,agreed
228685,unrelated
193457,unrelated
106184,unrelated
293669,unrelated
282987,unrelated
119620,agreed
123823,agreed
100359,unrelated
245649,agreed
70338,unrelated
154414,unrelated
213210,unrelated
171764,unrelated
136069,unrelated
35729,unrelated
83557,unrelated
3923,unrelated
278118,unrelated
147006,agreed
111621,agreed
233554,unrelated
258407,agreed
93179,unrelated
314078,agreed
212789,unrelated
112480,agreed
109985,unrelated
217102,unrelated
291543,unrelated
174820,agreed
154590,unrelated
151834,unrelated
65908,unrelated
179268,unrelated
61523,unrelated
279200,agreed
47532,unrelated
82481,unrelated
68201,unrelated
232114,agreed
250252,unrelated
249271,unrelated
36286,unrelated
202394,agreed
5281,unrelated
189599,unrelated
185258,unrelated
151472,unrelated
134131,unrelated
234850,unrelated
231755,unrelated
149451,unrelated
291111,agreed
61941,agreed
234071,unrelated
186152,unrelated
224280,agreed
299303,unrelated
89756,agreed
63533,unrelated
83719,unrelated
116715,agreed
280644,agreed
304001,agreed
258281,unrelated
240245,unrelated
45053,unrelated
39141,agreed
236344,unrelated
225551,unrelated
168922,agreed
68532,agreed
132266,unrelated
6720,agreed
231091,agreed
276270,unrelated
281544,agreed
8801,unrelated
26344,unrelated
122503,unrelated
287931,unrelated
48283,unrelated
11590,unrelated
101766,unrelated
164516,agreed
61334,unrelated
219549,unrelated
252449,agreed
73555,agreed
282790,agreed
232825,unrelated
318848,unrelated
118494,unrelated
265051,unrelated
269023,unrelated
71554,unrelated
189298,unrelated
178518,unrelated
240479,agreed
277913,unrelated
99227,unrelated
190265,agreed
203202,agreed
220267,unrelated
312950,agreed
124833,agreed
197139,agreed
262905,unrelated
31699,agreed
304723,unrelated
250984,agreed
201467,unrelated
185604,unrelated
77125,unrelated
236855,unrelated
259569,unrelated
238696,agreed
83071,unrelated
273071,unrelated
259688,unrelated
91696,unrelated
14996,agreed
294749,unrelated
76007,unrelated
236450,unrelated
211580,unrelated
253509,unrelated
8961,unrelated
271490,agreed
276395,agreed
83636,agreed
253765,agreed
276939,unrelated
48402,agreed
275968,agreed
114300,unrelated
167666,unrelated
178771,unrelated
123173,agreed
241318,unrelated
108576,unrelated
100545,disagreed
306911,agreed
289273,unrelated
32272,unrelated
144924,unrelated
193239,unrelated
274473,unrelated
300471,unrelated
135310,unrelated
157183,unrelated
86979,agreed
60534,unrelated
65708,unrelated
260209,agreed
318895,unrelated
146771,unrelated
297224,unrelated
194089,unrelated
158259,unrelated
161952,unrelated
92248,unrelated
121134,agreed
1870,unrelated
184604,unrelated
290948,agreed
160478,agreed
221137,unrelated
30270,unrelated
32902,agreed
189916,unrelated
87191,unrelated
198627,unrelated
145221,unrelated
43696,unrelated
43553,unrelated
229917,unrelated
105069,unrelated
128567,disagreed
142008,unrelated
219681,agreed
153004,unrelated
59544,unrelated
280814,unrelated
135499,agreed
288523,unrelated
215818,unrelated
265072,agreed
27328,disagreed
282073,unrelated
211954,unrelated
4002,unrelated
47180,unrelated
56709,unrelated
184174,unrelated
259401,agreed
255441,unrelated
162176,agreed
89757,agreed
97740,unrelated
305011,unrelated
12974,unrelated
251737,unrelated
307249,unrelated
226812,disagreed
151659,unrelated
125933,unrelated
318460,unrelated
298539,unrelated
262069,unrelated
254332,agreed
18302,unrelated
74032,unrelated
49438,unrelated
68361,unrelated
69585,unrelated
169360,unrelated
40469,agreed
41487,unrelated
45982,unrelated
288580,unrelated
54118,agreed
261096,unrelated
228299,unrelated
109947,unrelated
264003,agreed
208597,agreed
13104,unrelated
306782,unrelated
234299,unrelated
244259,unrelated
169560,unrelated
200594,agreed
244015,agreed
49938,unrelated
255407,unrelated
40016,unrelated
238593,unrelated
312706,unrelated
137657,agreed
219423,unrelated
51967,unrelated
124918,unrelated
306712,disagreed
223548,disagreed
293334,unrelated
54957,agreed
144824,agreed
42633,agreed
77188,unrelated
224528,unrelated
78459,agreed
154798,unrelated
291606,agreed
4898,unrelated
175843,disagreed
211303,disagreed
304618,agreed
166748,agreed
58390,unrelated
46215,agreed
198883,agreed
219256,unrelated
90495,unrelated
48482,unrelated
249979,unrelated
59280,agreed
147151,agreed
2023,unrelated
128703,agreed
7664,unrelated
50915,agreed
234989,unrelated
132354,agreed
313064,unrelated
140606,agreed
33155,unrelated
106551,agreed
304939,unrelated
164829,unrelated
67143,unrelated
40853,agreed
221428,unrelated
9098,unrelated
208735,unrelated
145216,agreed
47287,unrelated
31493,unrelated
113188,agreed
179036,unrelated
124052,unrelated
14608,unrelated
40034,unrelated
200193,unrelated
286904,unrelated
25139,unrelated
56065,unrelated
46828,unrelated
147862,unrelated
75076,agreed
9419,unrelated
315659,agreed
287028,unrelated
268435,unrelated
145170,unrelated
275169,agreed
272939,unrelated
265431,unrelated
252514,unrelated
115610,unrelated
263593,unrelated
206784,unrelated
106502,agreed
72174,agreed
212411,unrelated
302926,unrelated
152519,unrelated
70981,unrelated
182628,unrelated
256125,agreed
2224,unrelated
310609,unrelated
156815,agreed
285794,unrelated
29418,unrelated
22781,unrelated
127873,unrelated
41794,agreed
293369,unrelated
178048,agreed
4526,unrelated
308759,unrelated
223956,unrelated
118818,unrelated
114913,agreed
169313,agreed
54283,agreed
189454,unrelated
238168,unrelated
148969,unrelated
297162,unrelated
140844,unrelated
59662,unrelated
258907,unrelated
251505,agreed
124211,unrelated
146598,agreed
133221,unrelated
201774,agreed
46131,unrelated
318290,unrelated
21663,unrelated
42992,unrelated
268291,agreed
276251,agreed
168016,unrelated
127621,agreed
163168,agreed
98624,unrelated
282256,unrelated
277674,unrelated
304953,agreed
247745,unrelated
8901,unrelated
167334,unrelated
210986,unrelated
9414,unrelated
224721,unrelated
256819,agreed
83529,unrelated
37392,unrelated
149070,agreed
95652,unrelated
34987,agreed
318898,unrelated
67216,agreed
247939,unrelated
67761,unrelated
62666,unrelated
2859,agreed
237044,unrelated
232448,unrelated
206384,unrelated
97230,unrelated
158674,unrelated
265957,unrelated
138949,agreed
296584,unrelated
1218,unrelated
164040,unrelated
208990,unrelated
77611,unrelated
142387,agreed
132510,agreed
3795,agreed
292247,unrelated
237676,unrelated
34886,unrelated
287649,unrelated
136552,unrelated
88139,agreed
268213,unrelated
203153,agreed
277315,unrelated
143524,unrelated
152572,unrelated
279620,unrelated
264767,unrelated
20504,agreed
73471,agreed
203801,unrelated
185318,unrelated
113657,unrelated
141256,agreed
295198,unrelated
29425,unrelated
32488,unrelated
285116,unrelated
2439,unrelated
249421,unrelated
22570,unrelated
314628,unrelated
59907,unrelated
299478,unrelated
254569,agreed
173347,unrelated
98404,unrelated
49725,agreed
14216,unrelated
226048,unrelated
100730,unrelated
276856,unrelated
160354,unrelated
223513,disagreed
251248,agreed
178472,unrelated
316229,unrelated
82939,agreed
137230,unrelated
278583,unrelated
254674,unrelated
115722,agreed
87848,agreed
104198,unrelated
27663,unrelated
246660,unrelated
252968,unrelated
143603,agreed
253657,unrelated
246274,agreed
127693,unrelated
140247,unrelated
118567,unrelated
73943,agreed
142637,unrelated
160889,unrelated
128572,unrelated
110636,unrelated
162857,unrelated
228939,agreed
84683,unrelated
152806,unrelated
163571,agreed
21798,agreed
320396,agreed
37855,unrelated
232600,unrelated
258622,unrelated
84324,agreed
254567,unrelated
116789,unrelated
187004,unrelated
75391,unrelated
105903,unrelated
20331,agreed
33352,unrelated
44050,unrelated
162047,agreed
286681,unrelated
596,unrelated
248938,agreed
227690,agreed
12718,unrelated
2309,unrelated
26513,agreed
228552,unrelated
178801,agreed
81790,agreed
315129,agreed
110683,unrelated
21844,unrelated
280658,agreed
310475,agreed
119173,unrelated
105149,unrelated
173158,unrelated
156692,unrelated
282291,agreed
134211,unrelated
303923,unrelated
294906,unrelated
64432,unrelated
139796,unrelated
226522,agreed
6920,unrelated
304827,unrelated
277982,disagreed
113474,unrelated
48054,agreed
246494,unrelated
23120,agreed
117165,agreed
209447,unrelated
28838,agreed
12846,unrelated
45827,unrelated
221103,unrelated
164006,unrelated
196805,unrelated
222161,unrelated
135365,unrelated
212087,unrelated
266533,agreed
167396,unrelated
320272,agreed
250710,unrelated
95418,agreed
70724,agreed
190537,disagreed
38098,unrelated
53779,unrelated
310608,unrelated
302085,agreed
184021,unrelated
318581,agreed
107635,unrelated
227826,unrelated
317705,unrelated
260350,unrelated
150586,unrelated
59883,unrelated
30682,unrelated
8303,unrelated
71522,unrelated
24507,unrelated
248931,unrelated
86396,unrelated
531,unrelated
280496,unrelated
186316,unrelated
71215,unrelated
215415,unrelated
121312,unrelated
200699,unrelated
238989,unrelated
93025,unrelated
30508,unrelated
238253,unrelated
22748,agreed
87229,unrelated
238394,unrelated
39315,agreed
55245,unrelated
262293,unrelated
29490,unrelated
310941,unrelated
16279,unrelated
43335,unrelated
204660,unrelated
215836,unrelated
306931,unrelated
168725,unrelated
290779,unrelated
280686,agreed
56942,unrelated
276140,unrelated
257677,unrelated
49526,unrelated
228809,unrelated
166250,unrelated
130108,unrelated
59562,unrelated
159998,unrelated
86481,unrelated
24104,unrelated
210834,agreed
58859,unrelated
191028,agreed
253996,agreed
229923,unrelated
39465,agreed
277216,unrelated
64161,unrelated
71875,unrelated
116216,unrelated
158325,agreed
92113,agreed
35404,agreed
199824,unrelated
155813,agreed
75857,agreed
168151,unrelated
246015,unrelated
316026,unrelated
116132,unrelated
294439,unrelated
64727,unrelated
65413,unrelated
166271,unrelated
256464,agreed
276599,unrelated
47346,unrelated
224738,agreed
180792,unrelated
39370,agreed
73733,unrelated
122823,unrelated
137807,unrelated
87428,agreed
275250,agreed
232103,unrelated
120858,unrelated
215679,unrelated
76816,unrelated
314083,agreed
182465,unrelated
110327,unrelated
192427,unrelated
29731,unrelated
131216,unrelated
129812,agreed
181421,disagreed
101808,unrelated
83297,unrelated
145665,unrelated
130874,unrelated
3145,unrelated
246316,unrelated
221220,unrelated
15016,unrelated
17491,unrelated
162231,agreed
161156,unrelated
51548,unrelated
302287,unrelated
15641,unrelated
259913,unrelated
274049,agreed
98229,unrelated
88511,agreed
269626,agreed
174308,agreed
249807,unrelated
307741,unrelated
78103,unrelated
144443,unrelated
313554,unrelated
2095,unrelated
115825,unrelated
150874,unrelated
293978,unrelated
319472,unrelated
285215,unrelated
119379,unrelated
119289,unrelated
289430,unrelated
224724,unrelated
252692,unrelated
314616,unrelated
204444,unrelated
98048,unrelated
30708,unrelated
137255,agreed
51113,unrelated
271693,agreed
89009,agreed
156228,agreed
227804,unrelated
160894,unrelated
267115,unrelated
244300,unrelated
18085,unrelated
265623,agreed
270608,unrelated
204450,unrelated
148851,unrelated
47387,unrelated
161456,agreed
173513,unrelated
203056,unrelated
318316,unrelated
273503,agreed
204085,unrelated
218466,agreed
58789,unrelated
172676,unrelated
133634,unrelated
164509,unrelated
49885,unrelated
254408,unrelated
199132,unrelated
243456,agreed
282494,unrelated
48878,unrelated
154546,unrelated
311242,agreed
224278,agreed
65429,unrelated
249413,unrelated
217836,unrelated
285128,unrelated
132649,unrelated
61888,unrelated
289246,unrelated
95686,unrelated
168131,unrelated
140121,agreed
50935,agreed
312004,agreed
316238,unrelated
195251,agreed
274451,unrelated
60220,agreed
120679,agreed
262347,unrelated
223539,disagreed
290381,unrelated
27235,agreed
181683,unrelated
270850,unrelated
304267,unrelated
13411,unrelated
34234,unrelated
201376,unrelated
317822,agreed
66655,unrelated
91499,unrelated
257522,unrelated
219325,unrelated
28472,unrelated
216288,unrelated
15245,unrelated
34238,unrelated
141332,unrelated
145598,unrelated
223549,disagreed
107825,unrelated
27783,unrelated
2622,unrelated
34430,agreed
264519,unrelated
94341,unrelated
24222,unrelated
29486,agreed
82382,unrelated
219565,unrelated
129514,unrelated
25274,unrelated
69176,unrelated
185929,agreed
216199,unrelated
120352,unrelated
154539,unrelated
28365,unrelated
218915,unrelated
16270,agreed
282379,unrelated
23367,unrelated
90843,agreed
216019,unrelated
7505,unrelated
255046,agreed
286950,unrelated
137134,unrelated
204391,unrelated
175793,agreed
111017,agreed
227874,unrelated
285303,unrelated
72723,unrelated
286607,unrelated
302829,unrelated
77631,unrelated
11609,unrelated
131386,agreed
273981,unrelated
320755,agreed
194701,agreed
197702,unrelated
118349,unrelated
222699,agreed
91314,agreed
201648,unrelated
149878,unrelated
134927,unrelated
212018,unrelated
102527,agreed
313828,agreed
148378,unrelated
222393,unrelated
172586,unrelated
141185,unrelated
313552,agreed
191143,agreed
228212,unrelated
233087,agreed
273956,unrelated
126918,agreed
142047,agreed
199611,unrelated
178857,agreed
127780,agreed
76629,unrelated
125315,unrelated
47503,unrelated
16684,unrelated
276920,agreed
35408,agreed
88400,agreed
222767,unrelated
146163,unrelated
17324,agreed
253563,unrelated
158967,agreed
234480,unrelated
236143,unrelated
22032,agreed
169958,unrelated
165372,agreed
320663,agreed
237665,unrelated
166863,unrelated
195177,unrelated
60689,unrelated
198174,unrelated
123533,disagreed
118337,unrelated
232966,agreed
215114,unrelated
170371,unrelated
51716,unrelated
287632,unrelated
61413,unrelated
146728,agreed
137142,unrelated
280285,agreed
220742,unrelated
31254,agreed
93367,unrelated
123360,agreed
39259,unrelated
287470,unrelated
13845,agreed
186472,unrelated
295798,unrelated
237770,unrelated
272858,unrelated
90215,unrelated
279080,agreed
166514,unrelated
192346,agreed
275070,unrelated
122917,agreed
284528,unrelated
178453,unrelated
297445,unrelated
128100,unrelated
165844,unrelated
110144,unrelated
235631,unrelated
264276,unrelated
61193,unrelated
299396,agreed
84145,unrelated
147546,agreed
87370,unrelated
127071,unrelated
219326,unrelated
187367,unrelated
43381,unrelated
126495,unrelated
76122,unrelated
221758,agreed
276175,unrelated
183696,agreed
8588,unrelated
10406,unrelated
197407,unrelated
271818,unrelated
214902,unrelated
177291,agreed
79696,unrelated
101664,unrelated
76510,agreed
220974,agreed
320021,unrelated
240654,agreed
208791,unrelated
281977,agreed
168436,unrelated
33191,agreed
293684,unrelated
251079,agreed
14922,unrelated
102907,unrelated
25183,unrelated
227560,unrelated
233534,unrelated
219553,unrelated
73692,unrelated
74339,unrelated
52765,unrelated
5017,agreed
314344,unrelated
189038,unrelated
90109,unrelated
302954,unrelated
170500,unrelated
134914,unrelated
146552,unrelated
34980,agreed
108102,unrelated
54220,unrelated
310304,unrelated
31698,agreed
101241,agreed
10378,agreed
80054,unrelated
159677,unrelated
245663,unrelated
58395,unrelated
190277,agreed
290232,unrelated
189242,agreed
66095,unrelated
1005,agreed
210393,unrelated
234690,unrelated
86527,agreed
236052,unrelated
146141,unrelated
314378,agreed
136783,unrelated
10654,unrelated
140046,agreed
53759,unrelated
195966,unrelated
218219,unrelated
179334,agreed
134075,unrelated
207843,agreed
266290,unrelated
107851,unrelated
130676,agreed
182560,agreed
278736,unrelated
10398,unrelated
154097,agreed
28822,agreed
106617,unrelated
194166,unrelated
263705,unrelated
181455,unrelated
23594,unrelated
107663,unrelated
216048,agreed
68757,unrelated
303372,unrelated
167675,unrelated
54058,agreed
17063,unrelated
42154,agreed
2195,unrelated
234351,agreed
35338,unrelated
97117,unrelated
215683,unrelated
281661,unrelated
312468,agreed
132132,unrelated
153669,unrelated
313187,unrelated
199158,unrelated
46029,unrelated
17586,unrelated
294355,unrelated
27061,agreed
245832,agreed
29916,unrelated
19481,unrelated
91578,unrelated
234057,agreed
212906,agreed
58788,unrelated
303417,unrelated
54172,unrelated
286259,unrelated
223620,agreed
92232,agreed
286811,unrelated
87143,unrelated
134768,unrelated
136426,unrelated
217649,unrelated
231825,agreed
171714,unrelated
86250,agreed
61638,unrelated
57419,unrelated
264306,unrelated
39731,agreed
285236,unrelated
88283,unrelated
182836,agreed
153770,agreed
213147,disagreed
261396,unrelated
316772,agreed
192003,unrelated
85756,unrelated
110506,unrelated
38675,disagreed
264262,unrelated
162428,agreed
43551,unrelated
72079,unrelated
266182,unrelated
70924,unrelated
89411,unrelated
132351,agreed
264336,unrelated
83743,unrelated
57819,unrelated
67226,agreed
102529,agreed
214722,unrelated
279608,agreed
231742,unrelated
274349,unrelated
279236,unrelated
261375,unrelated
232709,unrelated
245027,unrelated
250280,unrelated
233972,unrelated
168361,unrelated
219800,unrelated
262241,disagreed
172013,unrelated
204851,unrelated
44313,unrelated
100323,unrelated
182875,agreed
43484,agreed
268956,unrelated
44167,unrelated
307255,disagreed
108926,unrelated
135407,unrelated
112845,agreed
38637,unrelated
148956,unrelated
272318,unrelated
127640,unrelated
293204,unrelated
40338,unrelated
207700,agreed
305091,agreed
131186,agreed
96542,unrelated
107418,unrelated
319645,unrelated
116477,unrelated
103275,unrelated
108070,unrelated
155572,unrelated
135817,unrelated
40398,unrelated
18288,unrelated
41586,unrelated
33642,agreed
140500,unrelated
211753,agreed
191567,unrelated
283653,agreed
300026,unrelated
72630,unrelated
227198,unrelated
42319,unrelated
95187,unrelated
43327,disagreed
217108,unrelated
188438,unrelated
256162,unrelated
213353,disagreed
120803,unrelated
287179,agreed
17564,unrelated
234889,unrelated
241770,agreed
237693,unrelated
243925,unrelated
171371,unrelated
143938,unrelated
123316,unrelated
219335,unrelated
289701,unrelated
161702,unrelated
232706,agreed
134943,unrelated
241091,unrelated
267147,agreed
59408,agreed
146028,agreed
69783,unrelated
174090,unrelated
234236,unrelated
144632,agreed
186917,unrelated
87492,unrelated
314430,agreed
92291,unrelated
180332,unrelated
163649,unrelated
165542,unrelated
191226,unrelated
23589,unrelated
205739,unrelated
255748,unrelated
99105,unrelated
232715,unrelated
238548,unrelated
144590,unrelated
186602,unrelated
205365,unrelated
158951,agreed
314359,unrelated
261426,unrelated
104368,unrelated
130038,agreed
114372,unrelated
316975,agreed
275399,unrelated
190466,unrelated
248254,unrelated
71540,unrelated
318693,unrelated
211607,unrelated
249820,unrelated
158996,agreed
271148,agreed
143359,agreed
212220,agreed
75720,unrelated
317990,agreed
256952,unrelated
172615,unrelated
95507,agreed
25141,unrelated
82456,unrelated
73900,unrelated
317403,unrelated
276838,unrelated
58632,unrelated
47246,unrelated
77431,unrelated
150242,unrelated
193185,agreed
66032,unrelated
2551,unrelated
285126,unrelated
75154,unrelated
284254,unrelated
260464,agreed
266451,agreed
79232,unrelated
136628,unrelated
101973,unrelated
67741,unrelated
179134,unrelated
303908,unrelated
159193,agreed
119432,unrelated
145155,unrelated
142466,unrelated
179906,unrelated
304333,unrelated
178174,unrelated
66785,unrelated
143954,unrelated
105331,unrelated
200093,unrelated
80038,unrelated
247569,disagreed
304302,unrelated
28375,unrelated
305878,unrelated
122290,unrelated
262944,unrelated
41262,agreed
103778,unrelated
146153,unrelated
59986,agreed
264685,unrelated
21094,unrelated
63809,agreed
144416,unrelated
258776,unrelated
30689,unrelated
119401,unrelated
278569,unrelated
9691,unrelated
172334,unrelated
29984,unrelated
293674,unrelated
297502,unrelated
97985,agreed
96549,agreed
258249,unrelated
180408,unrelated
54068,unrelated
118079,unrelated
188943,agreed
239229,unrelated
119463,unrelated
268002,unrelated
318034,unrelated
51615,unrelated
104922,agreed
257456,agreed
305554,unrelated
308828,agreed
319577,agreed
61098,unrelated
155500,unrelated
200133,agreed
198316,unrelated
32531,unrelated
205115,unrelated
282583,unrelated
198442,unrelated
23363,unrelated
149084,unrelated
62600,agreed
90027,unrelated
17836,unrelated
260034,unrelated
274432,unrelated
97786,disagreed
319816,agreed
273725,unrelated
155399,unrelated
275193,unrelated
34467,unrelated
274808,agreed
201400,disagreed
35910,unrelated
132970,unrelated
145361,unrelated
35268,unrelated
125617,agreed
98732,unrelated
155964,agreed
143340,unrelated
215581,unrelated
42573,agreed
121822,agreed
86993,unrelated
278922,unrelated
37569,unrelated
3934,agreed
187734,unrelated
103772,agreed
278956,unrelated
21081,unrelated
277763,unrelated
36309,unrelated
108956,unrelated
170616,unrelated
126697,unrelated
174144,unrelated
68695,unrelated
111056,unrelated
77732,agreed
104451,agreed
55406,unrelated
270776,unrelated
134175,unrelated
253706,unrelated
73320,unrelated
164438,unrelated
213618,unrelated
286878,unrelated
20248,unrelated
134298,unrelated
94378,unrelated
83039,unrelated
244004,agreed
41294,agreed
15578,unrelated
115480,agreed
235565,unrelated
73327,agreed
34658,unrelated
240551,unrelated
135509,unrelated
142503,agreed
210568,unrelated
281132,unrelated
14285,unrelated
218869,unrelated
198470,unrelated
17610,unrelated
11199,agreed
80042,unrelated
298493,unrelated
61749,unrelated
74390,agreed
125509,unrelated
50943,agreed
4343,unrelated
103188,agreed
229541,unrelated
42480,unrelated
21608,unrelated
301112,unrelated
191921,agreed
279871,unrelated
68529,agreed
247078,unrelated
9291,unrelated
275504,agreed
48038,unrelated
146502,unrelated
68951,unrelated
248626,unrelated
81854,unrelated
17046,agreed
307093,unrelated
183110,unrelated
272828,unrelated
110357,unrelated
88268,agreed
252235,agreed
186069,unrelated
67470,unrelated
201735,agreed
1321,unrelated
144937,unrelated
269298,agreed
51922,unrelated
77816,agreed
79409,agreed
304380,agreed
108383,unrelated
81217,unrelated
112923,agreed
162850,agreed
127796,unrelated
94893,unrelated
91213,unrelated
218227,unrelated
249038,agreed
210255,agreed
7622,unrelated
186976,unrelated
318603,unrelated
101977,unrelated
178169,unrelated
13434,agreed
2308,unrelated
198162,unrelated
174629,agreed
314031,unrelated
130684,unrelated
312384,agreed
55906,unrelated
237479,unrelated
184608,unrelated
50690,unrelated
289729,unrelated
96282,unrelated
203238,agreed
60542,unrelated
231551,unrelated
183351,unrelated
234287,unrelated
147761,unrelated
141743,unrelated
90685,unrelated
86226,unrelated
220580,agreed
171438,unrelated
180617,unrelated
145201,unrelated
248020,unrelated
2578,agreed
160741,unrelated
299385,unrelated
125470,unrelated
227411,unrelated
104819,unrelated
195540,unrelated
172942,unrelated
156121,unrelated
250963,agreed
220174,agreed
262870,agreed
18544,unrelated
37512,unrelated
5866,disagreed
278788,unrelated
221630,unrelated
54658,unrelated
291687,unrelated
128188,unrelated
264764,unrelated
123516,unrelated
115494,agreed
104506,agreed
154078,unrelated
258234,unrelated
283179,unrelated
196246,unrelated
136058,unrelated
253537,unrelated
210719,unrelated
289943,unrelated
34974,agreed
137596,unrelated
262249,disagreed
95558,agreed
72288,unrelated
198601,unrelated
114334,agreed
82484,unrelated
132530,unrelated
265007,unrelated
40147,agreed
111452,unrelated
142359,agreed
36617,agreed
252421,unrelated
276932,unrelated
246228,agreed
46471,unrelated
66890,agreed
46121,unrelated
106220,unrelated
114771,unrelated
163228,unrelated
216151,unrelated
291380,unrelated
21053,unrelated
107802,unrelated
66836,agreed
280098,unrelated
124306,unrelated
98468,unrelated
178510,unrelated
91082,unrelated
306081,unrelated
99690,disagreed
67708,unrelated
169884,unrelated
222512,unrelated
59699,agreed
29059,unrelated
231974,unrelated
272756,unrelated
287249,unrelated
34378,unrelated
50874,unrelated
253380,unrelated
285348,unrelated
53686,unrelated
9310,unrelated
125909,unrelated
316379,agreed
193676,unrelated
74471,unrelated
263560,unrelated
273953,agreed
112775,unrelated
92264,unrelated
204485,unrelated
58733,unrelated
234995,unrelated
159412,unrelated
244198,agreed
303081,unrelated
252071,agreed
143598,agreed
173362,unrelated
99534,unrelated
238378,agreed
58817,unrelated
69808,unrelated
145174,unrelated
206181,agreed
242291,unrelated
285703,unrelated
83431,unrelated
141665,unrelated
144686,unrelated
256574,agreed
172094,unrelated
305153,unrelated
286728,agreed
311115,unrelated
221131,unrelated
96756,unrelated
37977,agreed
303758,unrelated
108828,agreed
266157,unrelated
195097,agreed
227739,unrelated
135020,unrelated
207794,agreed
215926,unrelated
12212,unrelated
154871,unrelated
61032,unrelated
13044,unrelated
236892,agreed
319137,unrelated
63784,agreed
52579,unrelated
245660,agreed
264780,unrelated
133715,unrelated
306571,unrelated
318995,agreed
41965,agreed
23662,unrelated
195781,unrelated
112879,unrelated
314940,unrelated
163488,unrelated
308276,unrelated
150535,unrelated
96904,agreed
41005,unrelated
120278,agreed
135215,unrelated
203459,unrelated
276806,agreed
48519,unrelated
257634,unrelated
226014,unrelated
277935,unrelated
50767,unrelated
300667,unrelated
10537,agreed
192870,unrelated
300952,unrelated
189037,unrelated
234253,unrelated
209982,agreed
111548,unrelated
134120,unrelated
275856,unrelated
84829,unrelated
50178,unrelated
268015,unrelated
123119,unrelated
259278,disagreed
236004,unrelated
215541,unrelated
129480,unrelated
220691,agreed
214784,unrelated
310980,unrelated
160886,unrelated
139241,agreed
95394,unrelated
298557,unrelated
97617,unrelated
216429,unrelated
73161,unrelated
90949,unrelated
192328,agreed
52286,unrelated
259062,agreed
137408,agreed
316872,unrelated
361,unrelated
25100,unrelated
199011,agreed
103476,agreed
59610,unrelated
221186,unrelated
159435,unrelated
157526,unrelated
201306,agreed
36310,unrelated
78238,unrelated
18521,unrelated
106117,unrelated
71470,unrelated
104040,unrelated
128429,unrelated
315563,agreed
25819,agreed
60246,unrelated
103019,unrelated
157094,unrelated
145416,unrelated
21319,unrelated
299728,agreed
149758,unrelated
153307,agreed
252808,unrelated
303051,unrelated
296894,unrelated
157690,unrelated
243693,unrelated
273390,unrelated
185579,unrelated
140263,unrelated
201843,agreed
243424,agreed
219074,agreed
285592,unrelated
171111,unrelated
287090,agreed
158404,unrelated
256641,agreed
161586,unrelated
98432,unrelated
283811,unrelated
309674,unrelated
309535,unrelated
197942,agreed
91831,agreed
105493,unrelated
74116,unrelated
191711,unrelated
54981,agreed
132576,unrelated
134413,unrelated
31549,unrelated
87856,unrelated
159512,unrelated
237355,unrelated
118215,unrelated
302555,unrelated
166564,unrelated
275165,unrelated
295179,unrelated
88311,unrelated
45603,agreed
48899,unrelated
252349,agreed
268814,agreed
225483,unrelated
117313,unrelated
315552,agreed
54944,unrelated
48916,agreed
313101,agreed
453,agreed
257000,unrelated
125114,agreed
149753,unrelated
166815,unrelated
43373,unrelated
167678,unrelated
174365,unrelated
171583,unrelated
66855,unrelated
79443,unrelated
13612,unrelated
163627,unrelated
2068,agreed
100808,unrelated
64920,unrelated
145381,unrelated
294023,unrelated
111314,unrelated
30852,agreed
185229,agreed
28794,unrelated
201763,agreed
123773,unrelated
172316,unrelated
237612,unrelated
212974,unrelated
111610,agreed
212832,unrelated
156416,unrelated
88503,unrelated
260886,unrelated
316002,unrelated
290600,unrelated
52548,unrelated
319540,unrelated
248462,unrelated
81302,agreed
23695,unrelated
72081,unrelated
31109,unrelated
191532,unrelated
39604,agreed
252130,disagreed
86408,unrelated
141702,unrelated
293917,unrelated
138562,unrelated
171605,agreed
244898,agreed
51381,unrelated
153671,unrelated
157927,agreed
110013,unrelated
78672,unrelated
130102,unrelated
178217,unrelated
70179,unrelated
13490,unrelated
148824,unrelated
65711,unrelated
285621,unrelated
30475,unrelated
206114,agreed
209597,disagreed
166854,agreed
61126,unrelated
34994,agreed
275309,agreed
98757,agreed
255969,unrelated
177226,agreed
120825,unrelated
267372,unrelated
226740,unrelated
77634,unrelated
112764,unrelated
17167,agreed
183579,unrelated
98024,agreed
189143,agreed
144293,unrelated
117468,unrelated
175153,disagreed
271250,unrelated
120584,agreed
166267,unrelated
273650,unrelated
77383,unrelated
2409,unrelated
105318,unrelated
103166,agreed
34952,unrelated
209576,unrelated
285158,unrelated
95114,unrelated
57842,unrelated
316279,unrelated
121517,unrelated
317054,agreed
90040,unrelated
228743,unrelated
270178,unrelated
173290,unrelated
66594,unrelated
54728,unrelated
307852,agreed
44205,unrelated
159158,agreed
105359,unrelated
30544,agreed
82329,unrelated
213923,unrelated
3927,unrelated
286832,unrelated
288229,unrelated
208107,unrelated
232179,unrelated
280581,agreed
172311,unrelated
77208,unrelated
26530,unrelated
121666,unrelated
5472,agreed
68313,unrelated
75936,agreed
215360,agreed
8235,unrelated
288549,unrelated
209897,unrelated
269155,unrelated
9719,unrelated
229811,unrelated
177329,unrelated
150859,agreed
73098,unrelated
74470,unrelated
73273,agreed
5119,unrelated
176194,agreed
235946,agreed
226955,agreed
262552,unrelated
63728,agreed
288809,unrelated
212898,agreed
119901,unrelated
281717,unrelated
300737,unrelated
193301,unrelated
269598,unrelated
54723,unrelated
170991,unrelated
49600,agreed
160372,agreed
73248,agreed
237515,unrelated
192592,unrelated
56860,unrelated
133352,unrelated
97432,unrelated
278729,agreed
283748,unrelated
306365,agreed
50747,agreed
187405,unrelated
237559,unrelated
253793,agreed
198297,agreed
199965,unrelated
284257,unrelated
42985,unrelated
45854,unrelated
231879,unrelated
33,unrelated
193776,agreed
197473,unrelated
171919,unrelated
172652,unrelated
44289,agreed
111266,unrelated
12972,unrelated
310106,agreed
252702,unrelated
290443,unrelated
158439,unrelated
11113,agreed
300627,unrelated
144132,unrelated
50753,unrelated
320088,unrelated
109028,agreed
267843,agreed
127762,unrelated
135893,unrelated
318189,agreed
16689,agreed
84804,unrelated
213861,unrelated
82269,unrelated
179887,agreed
80207,unrelated
42537,unrelated
144582,unrelated
166135,unrelated
140582,agreed
307828,unrelated
308695,unrelated
108014,agreed
182072,unrelated
152399,unrelated
220674,unrelated
140077,agreed
74145,unrelated
166796,unrelated
148193,agreed
207723,agreed
48019,agreed
68031,unrelated
270018,agreed
165947,agreed
12194,unrelated
317759,unrelated
319568,unrelated
176069,unrelated
175993,unrelated
283419,agreed
195093,agreed
85124,unrelated
130929,unrelated
157956,agreed
247747,unrelated
276963,agreed
137820,unrelated
35604,unrelated
281263,unrelated
212072,unrelated
32088,agreed
300680,unrelated
205481,unrelated
261858,agreed
180231,unrelated
156897,agreed
40033,unrelated
259408,unrelated
273651,unrelated
122463,unrelated
259941,agreed
272726,unrelated
50988,unrelated
175394,unrelated
146333,unrelated
289591,unrelated
91590,unrelated
85980,agreed
96837,unrelated
265639,unrelated
7730,unrelated
278802,unrelated
20210,unrelated
90460,unrelated
252592,agreed
105466,unrelated
134629,unrelated
261839,unrelated
270800,unrelated
192529,agreed
157558,unrelated
174927,unrelated
35536,agreed
133257,unrelated
140327,agreed
204635,unrelated
301200,unrelated
288038,unrelated
229996,agreed
126172,unrelated
303436,unrelated
252726,unrelated
272138,unrelated
89317,agreed
241120,unrelated
234803,unrelated
129629,unrelated
164508,unrelated
100153,unrelated
34506,unrelated
93224,unrelated
30172,unrelated
83892,unrelated
309611,unrelated
201700,unrelated
4688,unrelated
45707,agreed
237827,unrelated
41717,unrelated
20919,unrelated
183525,agreed
294510,unrelated
282314,unrelated
133184,unrelated
212153,unrelated
254051,unrelated
53768,unrelated
177298,agreed
132769,agreed
82533,unrelated
185070,agreed
68262,unrelated
82603,unrelated
9806,unrelated
175906,unrelated
307513,agreed
84764,agreed
223461,disagreed
5796,agreed
169903,unrelated
70617,unrelated
52554,unrelated
210727,unrelated
285691,unrelated
51937,agreed
268107,agreed
214533,unrelated
40412,unrelated
68133,agreed
119950,unrelated
77675,agreed
13866,unrelated
155560,unrelated
233287,unrelated
92345,agreed
270673,unrelated
153936,unrelated
682,unrelated
203143,unrelated
220110,unrelated
315163,agreed
312824,agreed
71224,disagreed
80413,agreed
291824,unrelated
81058,unrelated
116939,unrelated
162373,unrelated
108114,unrelated
42293,agreed
23122,agreed
259122,unrelated
286825,unrelated
192491,agreed
249029,unrelated
205999,agreed
200622,unrelated
86201,unrelated
237997,agreed
155735,agreed
273118,unrelated
152585,unrelated
112173,agreed
212449,unrelated
256028,agreed
220255,unrelated
167702,unrelated
207975,agreed
63141,unrelated
70003,agreed
154605,unrelated
64301,unrelated
42407,agreed
45239,unrelated
124815,unrelated
105548,agreed
162938,unrelated
205566,unrelated
16604,unrelated
194537,unrelated
215418,agreed
98003,unrelated
157355,unrelated
275706,unrelated
300079,unrelated
277466,agreed
178057,unrelated
201554,unrelated
274873,unrelated
130227,unrelated
61059,unrelated
46151,unrelated
258239,agreed
63615,unrelated
90152,unrelated
141605,unrelated
191931,unrelated
199472,agreed
28801,unrelated
93959,unrelated
189540,unrelated
316376,unrelated
46194,unrelated
132146,unrelated
281758,agreed
105163,unrelated
214673,unrelated
107211,unrelated
249796,unrelated
159698,unrelated
84040,agreed
8122,unrelated
101759,unrelated
9429,unrelated
103823,unrelated
131810,unrelated
75506,unrelated
115509,unrelated
210566,unrelated
49772,unrelated
101583,agreed
94162,unrelated
174330,unrelated
94797,unrelated
106333,unrelated
3994,unrelated
208485,unrelated
260363,agreed
304815,unrelated
15565,agreed
268774,agreed
289154,agreed
309217,agreed
257053,agreed
267516,unrelated
204475,unrelated
267533,agreed
161745,unrelated
177637,unrelated
128545,disagreed
168013,unrelated
101561,unrelated
115515,unrelated
2889,unrelated
169084,unrelated
116133,agreed
175175,disagreed
215430,agreed
179756,unrelated
184850,unrelated
90509,unrelated
31436,unrelated
202489,agreed
275566,agreed
284841,agreed
245776,unrelated
104201,agreed
8760,unrelated
140194,unrelated
287362,unrelated
8222,unrelated
257991,unrelated
73581,agreed
13175,unrelated
192927,agreed
272326,unrelated
181431,unrelated
211356,agreed
283201,unrelated
208427,unrelated
319766,unrelated
90773,unrelated
96777,unrelated
288090,unrelated
236250,unrelated
317100,unrelated
235977,agreed
104620,unrelated
188373,unrelated
66431,unrelated
9059,agreed
131940,unrelated
17780,unrelated
271949,unrelated
308776,unrelated
214349,unrelated
306951,unrelated
276819,agreed
182561,unrelated
199942,agreed
44554,unrelated
242377,unrelated
304839,unrelated
68912,unrelated
265061,agreed
102915,unrelated
110842,agreed
229091,unrelated
25713,unrelated
171635,unrelated
78162,agreed
176053,unrelated
883,unrelated
293113,unrelated
226293,unrelated
96930,unrelated
141450,unrelated
206852,unrelated
37775,unrelated
148409,unrelated
141753,unrelated
194140,agreed
91509,unrelated
309521,unrelated
190930,unrelated
17452,unrelated
151238,agreed
65725,unrelated
85393,unrelated
291245,unrelated
156550,unrelated
223744,disagreed
290131,unrelated
256949,unrelated
304213,agreed
25494,agreed
215524,unrelated
236982,unrelated
268950,unrelated
243435,unrelated
313887,agreed
223834,unrelated
240015,unrelated
30167,unrelated
82675,agreed
106056,unrelated
240317,disagreed
192586,unrelated
204205,unrelated
47039,unrelated
54199,agreed
219997,unrelated
164532,agreed
36074,unrelated
263896,unrelated
161763,unrelated
274188,agreed
203926,unrelated
28363,unrelated
297710,unrelated
119427,agreed
220287,unrelated
313851,agreed
181587,agreed
66511,unrelated
119175,unrelated
105834,unrelated
309271,agreed
8485,unrelated
157264,unrelated
105686,unrelated
232263,unrelated
193269,unrelated
244557,unrelated
70524,agreed
302692,unrelated
123437,unrelated
24478,unrelated
53571,unrelated
184082,unrelated
179923,agreed
52091,unrelated
5411,unrelated
88057,agreed
53236,unrelated
123788,unrelated
5258,unrelated
22341,unrelated
202947,unrelated
147299,unrelated
59046,unrelated
285306,unrelated
164490,unrelated
36144,agreed
95759,unrelated
47942,unrelated
248337,unrelated
224911,unrelated
156485,unrelated
295440,unrelated
297252,unrelated
267459,agreed
125640,unrelated
159434,unrelated
295939,unrelated
292323,agreed
204527,unrelated
274115,unrelated
55478,unrelated
9690,unrelated
177608,unrelated
221441,agreed
9144,disagreed
129767,agreed
61026,unrelated
137942,unrelated
42038,agreed
82300,unrelated
309331,agreed
58457,unrelated
297360,unrelated
3651,agreed
122483,unrelated
268325,agreed
123632,unrelated
78310,agreed
30442,unrelated
210881,unrelated
185675,unrelated
3997,unrelated
109136,unrelated
96885,agreed
293192,unrelated
22600,unrelated
12399,unrelated
190831,agreed
65726,unrelated
129943,agreed
173673,unrelated
318008,agreed
106851,agreed
27503,unrelated
114084,agreed
129433,unrelated
316906,agreed
234118,unrelated
110678,unrelated
204423,agreed
243953,unrelated
299760,unrelated
69269,agreed
24745,agreed
112245,unrelated
297581,unrelated
85182,unrelated
36051,unrelated
239519,unrelated
162105,unrelated
223057,unrelated
98089,agreed
141061,agreed
168428,unrelated
140505,unrelated
306872,unrelated
228962,unrelated
172011,unrelated
245976,unrelated
284843,unrelated
64331,agreed
102125,unrelated
102569,agreed
227715,agreed
314796,unrelated
118743,unrelated
198696,unrelated
63747,agreed
273041,unrelated
142582,unrelated
225633,unrelated
163532,unrelated
6046,unrelated
215,agreed
97386,agreed
97965,unrelated
177260,unrelated
146418,unrelated
268467,agreed
43265,agreed
76895,agreed
51219,unrelated
48190,unrelated
240795,unrelated
300089,unrelated
4150,unrelated
309275,agreed
247503,unrelated
153546,unrelated
306576,unrelated
224001,unrelated
56981,agreed
33548,agreed
68503,unrelated
33259,agreed
111090,unrelated
158739,unrelated
296990,unrelated
318601,unrelated
256448,unrelated
94667,agreed
317945,unrelated
156713,agreed
1705,agreed
181029,agreed
258702,unrelated
44849,agreed
312046,unrelated
151391,unrelated
198900,agreed
21038,unrelated
244817,unrelated
179152,unrelated
152477,unrelated
257130,unrelated
166974,unrelated
249865,unrelated
22771,agreed
292134,unrelated
102882,unrelated
300615,unrelated
12540,agreed
110501,unrelated
267221,unrelated
318516,unrelated
9157,unrelated
14312,unrelated
92308,agreed
180354,unrelated
234047,agreed
145439,unrelated
54366,unrelated
308818,agreed
134601,unrelated
112240,agreed
149720,unrelated
207983,agreed
203477,agreed
176023,unrelated
276440,agreed
225068,agreed
77081,agreed
295185,unrelated
316462,unrelated
281465,agreed
53243,unrelated
297172,unrelated
230596,unrelated
293912,unrelated
48907,agreed
231598,unrelated
22086,unrelated
220837,agreed
122526,unrelated
156311,agreed
59251,unrelated
313074,unrelated
185957,agreed
104896,unrelated
301328,unrelated
201166,unrelated
173313,unrelated
299553,agreed
148596,unrelated
80567,unrelated
319444,unrelated
304863,agreed
314025,agreed
148278,unrelated
11621,unrelated
138848,unrelated
319587,unrelated
196307,agreed
282906,unrelated
194604,unrelated
195938,unrelated
288402,unrelated
216247,unrelated
156819,unrelated
67455,disagreed
101986,unrelated
36739,unrelated
4420,unrelated
137599,agreed
120733,unrelated
57386,unrelated
116191,unrelated
202255,agreed
133905,agreed
284996,agreed
251091,agreed
83420,agreed
104336,agreed
223789,unrelated
192515,unrelated
193128,unrelated
2189,unrelated
24108,unrelated
69564,unrelated
131535,unrelated
157750,unrelated
2591,unrelated
269280,unrelated
64335,agreed
56187,unrelated
260924,unrelated
153924,unrelated
172237,unrelated
24628,unrelated
315564,agreed
251717,agreed
120521,disagreed
104518,agreed
45054,unrelated
50712,unrelated
283971,unrelated
113054,agreed
269988,unrelated
270415,unrelated
239932,unrelated
217723,unrelated
228100,unrelated
170589,unrelated
87557,disagreed
276710,unrelated
104026,unrelated
74932,unrelated
213848,unrelated
11025,unrelated
263018,unrelated
24370,unrelated
115106,unrelated
227721,unrelated
72885,unrelated
197082,unrelated
296335,unrelated
49381,agreed
49999,unrelated
49494,unrelated
121165,unrelated
149056,unrelated
11026,unrelated
143265,unrelated
146176,unrelated
141808,unrelated
90940,unrelated
180315,agreed
74340,unrelated
270423,unrelated
280438,unrelated
214852,unrelated
89499,agreed
217024,agreed
96974,agreed
117320,unrelated
136538,agreed
271445,unrelated
317203,unrelated
80493,unrelated
288870,unrelated
224955,unrelated
95210,unrelated
259023,agreed
253769,agreed
158090,unrelated
63152,unrelated
5844,disagreed
255462,agreed
130671,agreed
200566,agreed
236071,agreed
166551,unrelated
13000,unrelated
308954,agreed
72148,unrelated
111588,unrelated
122118,unrelated
125184,unrelated
230705,agreed
47580,unrelated
134410,unrelated
138219,unrelated
312301,unrelated
28148,unrelated
150132,unrelated
290617,unrelated
76482,agreed
178656,unrelated
37508,unrelated
270953,agreed
21419,unrelated
25373,unrelated
156516,unrelated
4080,unrelated
255183,unrelated
177649,unrelated
150397,agreed
290817,unrelated
170035,unrelated
279748,agreed
93001,unrelated
52635,unrelated
277395,unrelated
245558,unrelated
178141,disagreed
175566,unrelated
255668,unrelated
7171,unrelated
167302,unrelated
116289,agreed
315051,unrelated
307017,unrelated
170511,agreed
287832,unrelated
249502,agreed
93699,unrelated
175520,disagreed
84993,agreed
200627,unrelated
110020,unrelated
25624,unrelated
258540,agreed
22068,unrelated
11970,unrelated
227575,unrelated
107878,unrelated
277282,unrelated
42544,agreed
306170,unrelated
45783,agreed
241175,agreed
308343,unrelated
121279,unrelated
149355,unrelated
272590,unrelated
181369,unrelated
233103,agreed
272814,unrelated
248451,unrelated
249852,unrelated
218104,unrelated
13410,unrelated
90346,unrelated
25104,agreed
90789,unrelated
282712,unrelated
107371,agreed
52194,agreed
112377,unrelated
164746,agreed
189534,unrelated
48108,unrelated
41239,unrelated
274160,unrelated
241958,unrelated
244059,agreed
14737,unrelated
318878,unrelated
283461,agreed
279439,unrelated
86392,unrelated
70191,unrelated
220453,unrelated
286508,unrelated
302149,agreed
177377,unrelated
208134,unrelated
264626,unrelated
303650,unrelated
222841,agreed
67985,unrelated
253444,agreed
150667,unrelated
263678,unrelated
138628,unrelated
68400,agreed
296287,unrelated
261696,unrelated
231649,unrelated
142755,unrelated
300540,unrelated
180854,unrelated
246774,agreed
310359,agreed
95486,unrelated
214910,agreed
261411,unrelated
42619,unrelated
157354,unrelated
268534,unrelated
307575,unrelated
7969,unrelated
11681,unrelated
227104,unrelated
97750,unrelated
247261,unrelated
80306,unrelated
46570,unrelated
51966,unrelated
117982,agreed
171817,unrelated
235717,agreed
58969,unrelated
285705,unrelated
264207,unrelated
23638,unrelated
289989,unrelated
144851,agreed
90525,unrelated
83629,agreed
112277,agreed
235156,agreed
64464,unrelated
247504,unrelated
251172,agreed
40501,unrelated
273446,unrelated
295791,unrelated
145236,unrelated
262582,unrelated
86558,agreed
101910,unrelated
302980,unrelated
51624,agreed
213661,unrelated
163360,agreed
19062,unrelated
152719,unrelated
296598,unrelated
271154,agreed
133872,agreed
308308,unrelated
289283,unrelated
142962,unrelated
141556,unrelated
135286,unrelated
66370,unrelated
288094,agreed
56926,unrelated
265962,unrelated
62765,agreed
94998,unrelated
134622,unrelated
305768,unrelated
36849,agreed
217497,agreed
53381,agreed
34011,unrelated
274731,unrelated
44013,unrelated
240400,unrelated
18729,unrelated
200506,agreed
133769,unrelated
108537,unrelated
252487,unrelated
108662,unrelated
266800,unrelated
221024,agreed
182993,agreed
304998,unrelated
62891,unrelated
313719,unrelated
165478,unrelated
175616,unrelated
270847,unrelated
223475,disagreed
74897,unrelated
85811,unrelated
161852,unrelated
247418,unrelated
18435,unrelated
241338,unrelated
48057,unrelated
101360,unrelated
15462,unrelated
42650,agreed
284810,unrelated
59881,unrelated
279702,agreed
135347,agreed
217622,unrelated
34394,agreed
196375,unrelated
128968,agreed
22496,unrelated
30058,unrelated
16973,agreed
26466,unrelated
313734,unrelated
216854,unrelated
87653,unrelated
126195,agreed
104362,unrelated
108335,unrelated
218347,unrelated
5273,agreed
225692,unrelated
235209,agreed
50770,unrelated
7977,unrelated
315156,agreed
106793,unrelated
231159,unrelated
270640,unrelated
142012,unrelated
190673,unrelated
312981,agreed
253990,unrelated
91520,unrelated
259267,unrelated
156511,unrelated
162826,unrelated
230232,unrelated
226507,unrelated
249686,unrelated
105369,unrelated
69951,unrelated
152501,unrelated
282162,agreed
204950,unrelated
73469,agreed
125574,unrelated
269479,unrelated
127353,agreed
195201,agreed
159746,unrelated
30289,unrelated
121507,unrelated
80772,unrelated
225091,agreed
78475,agreed
266723,unrelated
254946,agreed
142617,unrelated
269054,unrelated
148423,unrelated
8818,unrelated
60325,agreed
33438,agreed
257853,unrelated
232468,agreed
5692,unrelated
211809,agreed
185209,agreed
100438,unrelated
29527,unrelated
46190,unrelated
260161,unrelated
20071,unrelated
290859,agreed
90091,unrelated
243405,agreed
164953,unrelated
196557,unrelated
273563,disagreed
133918,unrelated
195895,unrelated
272978,unrelated
160830,unrelated
35861,unrelated
131897,unrelated
272664,unrelated
319583,agreed
222986,disagreed
15550,agreed
119729,unrelated
138786,agreed
167908,unrelated
32572,unrelated
150588,unrelated
62536,agreed
4467,unrelated
277316,agreed
206613,agreed
244926,unrelated
150420,unrelated
300422,unrelated
36721,unrelated
116719,agreed
170007,unrelated
82954,agreed
43903,unrelated
2996,unrelated
186688,unrelated
293001,unrelated
46902,unrelated
178091,unrelated
212540,unrelated
194594,agreed
119660,unrelated
81539,unrelated
139600,unrelated
15553,agreed
31713,agreed
311202,agreed
125173,unrelated
203544,unrelated
28529,unrelated
28061,unrelated
218933,agreed
78246,unrelated
61145,unrelated
42942,agreed
130466,unrelated
285337,unrelated
208613,agreed
46718,unrelated
53284,unrelated
204261,unrelated
120567,agreed
29469,agreed
103582,unrelated
247133,unrelated
282879,unrelated
252058,unrelated
121207,unrelated
299740,agreed
155653,unrelated
4401,unrelated
74195,unrelated
46882,agreed
186971,unrelated
33134,unrelated
228257,unrelated
18879,agreed
296591,unrelated
284496,unrelated
43040,agreed
50463,unrelated
242074,agreed
297709,unrelated
189871,unrelated
92088,unrelated
90033,unrelated
246596,unrelated
63346,unrelated
274961,agreed
295394,unrelated
203000,agreed
56600,unrelated
284641,agreed
185920,unrelated
260215,unrelated
273718,unrelated
218631,unrelated
261006,unrelated
74758,agreed
70215,unrelated
6834,unrelated
240111,unrelated
2134,unrelated
106343,unrelated
38247,unrelated
26460,unrelated
137443,unrelated
304738,unrelated
47870,agreed
276652,unrelated
114104,unrelated
66979,unrelated
193616,unrelated
304284,agreed
252025,unrelated
58438,unrelated
210866,agreed
299669,unrelated
237291,agreed
266306,agreed
154837,unrelated
150822,agreed
154167,unrelated
169768,unrelated
186235,unrelated
95130,unrelated
256753,unrelated
108402,unrelated
184875,agreed
59291,agreed
230905,unrelated
128189,unrelated
59004,agreed
43690,unrelated
134006,unrelated
95676,unrelated
140346,agreed
29747,disagreed
297589,unrelated
245008,agreed
98247,unrelated
299047,unrelated
86281,agreed
96983,agreed
118070,agreed
238973,unrelated
229893,unrelated
11989,unrelated
306807,agreed
199429,unrelated
177953,unrelated
177943,agreed
190595,unrelated
270997,unrelated
61793,agreed
111951,unrelated
231017,agreed
99028,unrelated
154209,unrelated
290685,unrelated
222675,unrelated
155536,unrelated
173864,unrelated
290799,agreed
320362,agreed
170713,unrelated
164297,agreed
255031,agreed
279758,agreed
276616,agreed
37705,unrelated
285589,unrelated
144557,unrelated
238372,agreed
6761,unrelated
312938,agreed
92982,agreed
74764,unrelated
191285,unrelated
320128,agreed
96433,unrelated
316724,unrelated
265586,agreed
251862,unrelated
2395,unrelated
216120,agreed
262604,unrelated
143094,unrelated
128327,agreed
242400,unrelated
293524,unrelated
310489,agreed
59600,unrelated
300003,unrelated
26877,unrelated
119713,unrelated
242759,unrelated
66298,unrelated
71510,unrelated
86644,unrelated
187919,unrelated
173060,unrelated
226162,unrelated
65858,unrelated
209035,unrelated
58700,agreed
222812,unrelated
34726,unrelated
61360,unrelated
296722,unrelated
229698,unrelated
73669,agreed
23451,unrelated
239821,agreed
94859,unrelated
202500,agreed
288238,unrelated
184633,unrelated
259427,unrelated
86114,unrelated
104616,unrelated
284720,agreed
302267,unrelated
113974,unrelated
37487,unrelated
161294,unrelated
137133,unrelated
91198,unrelated
165657,unrelated
232843,unrelated
38908,unrelated
251020,agreed
121837,unrelated
222425,unrelated
79774,unrelated
41517,unrelated
314554,unrelated
183882,unrelated
197954,agreed
164665,unrelated
281558,agreed
246147,unrelated
53857,unrelated
196079,unrelated
243288,agreed
66563,unrelated
2893,unrelated
92811,unrelated
177702,agreed
100148,unrelated
268378,unrelated
2084,agreed
63628,unrelated
228751,unrelated
217634,unrelated
182888,unrelated
131726,unrelated
56508,unrelated
133245,unrelated
311981,agreed
269871,agreed
114954,agreed
220859,agreed
261790,unrelated
4072,unrelated
89088,unrelated
28530,unrelated
238673,unrelated
183358,unrelated
19169,unrelated
174594,agreed
131308,unrelated
156828,unrelated
32408,agreed
252810,unrelated
252309,unrelated
259335,unrelated
254089,unrelated
29488,unrelated
295523,unrelated
128840,unrelated
211440,unrelated
32347,unrelated
133081,unrelated
279547,agreed
192667,unrelated
72083,unrelated
234,disagreed
81457,unrelated
168079,unrelated
72619,unrelated
114815,unrelated
191025,agreed
249471,agreed
133065,unrelated
309625,unrelated
17247,unrelated
111687,agreed
265256,agreed
10474,unrelated
231724,unrelated
247752,unrelated
45041,unrelated
142778,unrelated
49359,unrelated
291392,unrelated
189253,unrelated
146708,agreed
51928,agreed
188649,unrelated
287128,unrelated
68126,unrelated
204327,unrelated
145463,unrelated
249461,agreed
85855,unrelated
208464,agreed
170347,unrelated
55637,unrelated
259741,unrelated
164008,unrelated
55087,unrelated
82304,agreed
204680,agreed
188051,agreed
281689,unrelated
320647,agreed
132569,agreed
81558,unrelated
182788,agreed
265558,unrelated
291527,agreed
208658,unrelated
195775,unrelated
256583,unrelated
11770,unrelated
155307,unrelated
100039,unrelated
229078,unrelated
208076,agreed
198104,unrelated
284091,agreed
132427,unrelated
254105,unrelated
70442,unrelated
157964,agreed
230258,unrelated
274771,agreed
194985,agreed
266120,unrelated
214365,unrelated
55111,agreed
18083,agreed
9258,unrelated
208976,unrelated
174121,unrelated
100752,disagreed
290896,unrelated
202012,agreed
122012,unrelated
268477,agreed
256054,agreed
125329,unrelated
52879,unrelated
123452,unrelated
117152,unrelated
293686,unrelated
141217,unrelated
194034,agreed
68098,unrelated
198457,unrelated
124858,unrelated
26265,unrelated
4051,unrelated
268846,unrelated
190408,disagreed
6224,agreed
291060,unrelated
37641,unrelated
41686,unrelated
169842,unrelated
104776,unrelated
72371,unrelated
189240,agreed
248529,unrelated
160316,unrelated
97721,unrelated
212147,unrelated
134529,agreed
111304,unrelated
68522,unrelated
91039,agreed
237989,agreed
66193,agreed
99448,unrelated
139237,unrelated
91151,unrelated
23380,unrelated
98805,unrelated
305498,unrelated
306312,agreed
211588,agreed
212305,unrelated
52277,unrelated
238008,agreed
19470,agreed
95315,agreed
240266,unrelated
230665,unrelated
134636,unrelated
82260,unrelated
303119,unrelated
23966,unrelated
15805,unrelated
315412,agreed
134035,unrelated
16685,unrelated
55612,agreed
269807,unrelated
37445,unrelated
178469,unrelated
129030,unrelated
62171,unrelated
284724,unrelated
240856,unrelated
3334,unrelated
232135,unrelated
2577,agreed
170580,agreed
13276,unrelated
260647,unrelated
245356,agreed
191407,unrelated
233039,unrelated
229582,unrelated
166515,unrelated
4940,unrelated
21069,unrelated
319585,agreed
175238,unrelated
149446,unrelated
45294,unrelated
264956,unrelated
179740,unrelated
287158,agreed
210132,unrelated
31516,agreed
35889,unrelated
304069,unrelated
110259,unrelated
296210,unrelated
118257,unrelated
202378,unrelated
73079,unrelated
167006,unrelated
97983,agreed
318190,agreed
145156,unrelated
240128,unrelated
131195,agreed
204659,unrelated
39366,agreed
251535,agreed
313212,unrelated
128720,agreed
16907,unrelated
155438,unrelated
94982,unrelated
116429,unrelated
218633,unrelated
182687,unrelated
174188,unrelated
262593,unrelated
31119,unrelated
255610,unrelated
313765,agreed
35221,unrelated
178374,unrelated
97685,agreed
120296,agreed
87636,agreed
40998,agreed
314132,agreed
7850,unrelated
106473,agreed
226632,unrelated
22629,unrelated
133856,unrelated
26772,unrelated
144707,agreed
282423,unrelated
310317,unrelated
53224,unrelated
139221,unrelated
66029,unrelated
36646,unrelated
316651,unrelated
51727,unrelated
171447,unrelated
16002,unrelated
111158,agreed
168530,agreed
46093,unrelated
83509,unrelated
92655,agreed
187593,unrelated
204972,agreed
59041,unrelated
60095,unrelated
158558,unrelated
91932,unrelated
73632,unrelated
232581,unrelated
274804,agreed
47723,unrelated
290664,unrelated
150434,agreed
249909,unrelated
220124,unrelated
81154,unrelated
292657,agreed
205306,unrelated
139500,agreed
285231,unrelated
180089,unrelated
312350,unrelated
42502,agreed
292026,agreed
76027,unrelated
250855,unrelated
75938,unrelated
160473,unrelated
144444,unrelated
64517,unrelated
247694,unrelated
152269,unrelated
81357,unrelated
310356,unrelated
171478,unrelated
283330,unrelated
296317,unrelated
111271,unrelated
54636,unrelated
58450,unrelated
23793,unrelated
142366,agreed
24144,unrelated
227147,unrelated
125390,unrelated
72343,agreed
83047,unrelated
81942,unrelated
243083,unrelated
247764,unrelated
247395,unrelated
260450,unrelated
266192,agreed
151464,unrelated
111637,unrelated
52650,unrelated
93896,unrelated
125368,unrelated
213964,unrelated
34248,unrelated
314456,unrelated
87582,unrelated
231035,unrelated
259012,unrelated
227187,unrelated
74124,unrelated
138226,unrelated
200049,unrelated
303035,unrelated
39973,unrelated
205192,unrelated
305525,unrelated
140062,agreed
317243,unrelated
303725,unrelated
276716,unrelated
301036,unrelated
215256,unrelated
312410,agreed
209645,unrelated
83262,agreed
208080,agreed
268414,unrelated
188480,unrelated
120575,agreed
288845,unrelated
131749,unrelated
149561,unrelated
19310,agreed
293300,unrelated
47933,unrelated
120253,agreed
224999,unrelated
201490,unrelated
141442,unrelated
42097,unrelated
251339,unrelated
32101,agreed
70484,unrelated
34620,unrelated
296149,unrelated
313809,agreed
156925,unrelated
147879,unrelated
80871,agreed
189569,unrelated
206858,unrelated
221762,agreed
114872,disagreed
52113,unrelated
225770,agreed
196745,agreed
298313,unrelated
86191,agreed
49727,agreed
241326,unrelated
10968,unrelated
130212,unrelated
249844,unrelated
263921,disagreed
120085,disagreed
37912,unrelated
263729,unrelated
123604,unrelated
142774,unrelated
188514,unrelated
142442,unrelated
171284,unrelated
85970,unrelated
219352,agreed
229795,unrelated
272019,agreed
29682,unrelated
243131,agreed
165806,unrelated
287533,unrelated
208020,unrelated
52511,unrelated
243532,unrelated
281947,unrelated
13637,unrelated
113381,agreed
241053,unrelated
64876,unrelated
288357,unrelated
227165,unrelated
297914,unrelated
128365,agreed
129158,unrelated
79842,unrelated
71122,disagreed
282514,unrelated
228636,unrelated
308755,unrelated
158467,unrelated
205837,agreed
37252,agreed
227001,agreed
56871,unrelated
196991,unrelated
182444,agreed
286694,unrelated
88890,unrelated
288945,unrelated
43584,agreed
91906,agreed
273291,disagreed
130274,unrelated
233452,unrelated
240519,agreed
298541,unrelated
29333,unrelated
233725,unrelated
298043,unrelated
167341,unrelated
288650,unrelated
205402,agreed
131450,unrelated
45190,unrelated
210535,agreed
223707,agreed
154245,unrelated
163998,unrelated
81904,unrelated
57048,unrelated
286327,unrelated
268309,unrelated
258487,agreed
229058,unrelated
69613,agreed
107863,unrelated
5876,unrelated
310039,unrelated
251727,unrelated
140101,unrelated
295381,unrelated
229510,unrelated
7566,unrelated
92085,unrelated
59692,unrelated
43396,unrelated
155361,unrelated
42026,unrelated
1478,unrelated
184619,unrelated
159201,agreed
94705,unrelated
233954,unrelated
242277,unrelated
7947,agreed
265040,agreed
229986,unrelated
222013,unrelated
19690,agreed
311266,agreed
25864,unrelated
19101,agreed
310081,agreed
172388,unrelated
50574,unrelated
182729,agreed
28240,unrelated
245336,unrelated
50605,unrelated
102889,unrelated
75273,unrelated
18369,unrelated
12674,unrelated
23955,unrelated
271227,unrelated
272519,unrelated
276492,unrelated
28968,unrelated
7867,unrelated
201222,unrelated
225550,unrelated
115191,unrelated
264604,unrelated
76378,unrelated
132817,agreed
163428,agreed
199595,unrelated
122146,unrelated
106634,unrelated
66314,unrelated
278310,unrelated
17387,agreed
284778,unrelated
318861,agreed
33870,unrelated
128735,unrelated
181231,unrelated
84149,unrelated
302800,unrelated
435,unrelated
223433,agreed
314489,agreed
250976,agreed
193210,unrelated
121583,unrelated
289598,unrelated
43065,unrelated
162408,unrelated
33929,unrelated
13427,agreed
31453,unrelated
98057,unrelated
151616,disagreed
119740,unrelated
151681,unrelated
306559,unrelated
204018,agreed
205412,agreed
213096,unrelated
195256,agreed
189002,agreed
176617,agreed
125072,unrelated
10110,unrelated
91516,unrelated
243691,unrelated
66969,unrelated
70375,unrelated
63408,agreed
59334,unrelated
133061,unrelated
3922,unrelated
157327,agreed
218044,unrelated
158530,unrelated
82731,unrelated
206884,unrelated
15125,agreed
301366,unrelated
135362,unrelated
128118,unrelated
196609,unrelated
180942,agreed
162263,unrelated
117847,unrelated
255017,agreed
288152,agreed
234943,unrelated
189030,unrelated
233558,unrelated
217552,agreed
193698,unrelated
315201,agreed
205806,unrelated
228195,unrelated
163487,unrelated
28343,unrelated
68214,unrelated
188946,agreed
70010,agreed
24051,unrelated
17700,unrelated
227254,agreed
148469,unrelated
18258,unrelated
126990,agreed
148482,unrelated
289121,unrelated
237554,unrelated
88693,agreed
197800,unrelated
3939,unrelated
98697,agreed
153577,agreed
207868,agreed
72359,unrelated
125155,unrelated
39300,unrelated
250182,unrelated
132501,unrelated
229012,unrelated
293543,unrelated
202248,unrelated
15908,unrelated
234160,unrelated
213134,unrelated
82968,unrelated
287198,agreed
278537,agreed
165722,unrelated
178794,unrelated
88004,unrelated
48373,agreed
15779,agreed
184020,unrelated
123503,agreed
252448,unrelated
166761,agreed
237191,agreed
35160,unrelated
227356,unrelated
94746,unrelated
225480,agreed
215681,unrelated
57497,unrelated
179022,unrelated
158605,unrelated
57000,agreed
22783,unrelated
152386,unrelated
313243,unrelated
275546,agreed
33878,agreed
183551,agreed
73914,agreed
9397,agreed
232759,unrelated
196146,unrelated
43142,unrelated
156551,unrelated
94807,unrelated
292636,unrelated
158500,agreed
280905,unrelated
75999,unrelated
151067,agreed
258425,agreed
26596,agreed
24326,unrelated
148310,unrelated
10450,unrelated
127010,unrelated
188120,unrelated
297441,unrelated
309220,agreed
281000,agreed
230126,unrelated
84147,unrelated
54635,unrelated
1276,agreed
304778,agreed
98540,agreed
168512,unrelated
247581,unrelated
142148,unrelated
5673,unrelated
204292,agreed
80521,unrelated
311842,unrelated
289518,unrelated
290974,unrelated
312009,agreed
54664,unrelated
288000,unrelated
92561,agreed
175152,disagreed
273669,unrelated
268964,unrelated
142586,agreed
310513,agreed
194980,unrelated
50928,unrelated
203061,unrelated
18866,unrelated
21011,agreed
222965,agreed
185699,unrelated
99648,disagreed
319284,unrelated
163650,unrelated
7871,agreed
202633,unrelated
237468,unrelated
299624,agreed
318599,unrelated
5082,agreed
72504,disagreed
275017,unrelated
204264,unrelated
142338,unrelated
47142,unrelated
119566,unrelated
43203,unrelated
312051,disagreed
90885,unrelated
295942,unrelated
56455,unrelated
256313,unrelated
209028,unrelated
266075,agreed
177442,agreed
301251,unrelated
267594,agreed
109614,unrelated
311203,agreed
45439,unrelated
237084,agreed
313610,agreed
4254,unrelated
44413,agreed
107755,agreed
187676,agreed
180489,unrelated
224863,agreed
119371,agreed
80825,unrelated
260204,agreed
294128,unrelated
217770,unrelated
188780,agreed
304068,unrelated
255638,unrelated
172141,unrelated
297180,unrelated
246664,unrelated
306619,unrelated
56024,agreed
23116,agreed
57163,unrelated
292848,unrelated
213302,disagreed
277231,unrelated
278857,unrelated
286349,unrelated
232153,unrelated
93578,agreed
226572,agreed
233162,unrelated
219967,agreed
219532,unrelated
86721,agreed
5503,unrelated
78574,unrelated
246185,unrelated
181709,unrelated
152790,agreed
186926,unrelated
47050,unrelated
80404,agreed
155636,unrelated
160704,unrelated
296468,agreed
51109,unrelated
114922,agreed
248831,unrelated
95733,unrelated
86894,unrelated
204220,unrelated
202352,agreed
27356,disagreed
39885,unrelated
145984,unrelated
309984,unrelated
85887,agreed
73956,agreed
142213,agreed
158985,unrelated
69348,agreed
154841,unrelated
259957,agreed
43778,agreed
154976,agreed
180544,unrelated
158536,agreed
59567,agreed
302724,unrelated
2694,agreed
210275,unrelated
152866,unrelated
25825,agreed
153741,agreed
157687,unrelated
272413,unrelated
318092,unrelated
272162,unrelated
115587,unrelated
309235,unrelated
135333,agreed
183644,agreed
234292,unrelated
74852,agreed
221779,agreed
21347,unrelated
132849,agreed
250870,agreed
297416,unrelated
12626,unrelated
316495,unrelated
67323,unrelated
189357,unrelated
3839,unrelated
229907,unrelated
47127,agreed
303428,unrelated
19226,unrelated
181654,unrelated
32802,unrelated
271188,unrelated
191172,unrelated
82841,unrelated
16388,agreed
74749,unrelated
278789,unrelated
18837,agreed
256122,agreed
69223,agreed
189501,unrelated
230634,unrelated
134386,unrelated
157275,unrelated
105244,unrelated
158785,unrelated
98084,agreed
228466,unrelated
12373,agreed
94962,agreed
14774,unrelated
133250,unrelated
255312,unrelated
75396,unrelated
191534,unrelated
6032,agreed
62943,unrelated
202106,unrelated
31623,unrelated
86872,agreed
129651,agreed
105174,unrelated
135697,agreed
319872,unrelated
305429,unrelated
81905,unrelated
299887,unrelated
296725,unrelated
154290,unrelated
149854,unrelated
130949,unrelated
129119,agreed
154322,unrelated
35359,unrelated
16727,agreed
298504,unrelated
235532,agreed
36215,unrelated
22825,unrelated
158105,unrelated
233862,agreed
287033,unrelated
125688,unrelated
19264,unrelated
89495,agreed
118633,unrelated
209470,unrelated
19593,agreed
54976,unrelated
78358,agreed
256278,unrelated
204370,agreed
72830,unrelated
117918,unrelated
184570,unrelated
28397,unrelated
214011,agreed
279438,unrelated
62423,unrelated
302750,unrelated
290334,unrelated
85253,agreed
305077,unrelated
6261,agreed
85847,unrelated
274442,unrelated
62808,unrelated
252502,unrelated
35174,unrelated
116824,disagreed
50039,unrelated
123096,unrelated
312053,unrelated
80821,unrelated
71387,unrelated
73387,agreed
46958,unrelated
94659,agreed
112225,agreed
173617,agreed
55262,unrelated
71691,unrelated
147503,unrelated
40932,unrelated
76938,agreed
276089,unrelated
61037,unrelated
238791,unrelated
178930,agreed
238843,unrelated
75686,unrelated
298125,unrelated
317050,unrelated
8878,unrelated
7236,unrelated
286010,agreed
157892,unrelated
291242,unrelated
81179,unrelated
135986,unrelated
26965,unrelated
209286,unrelated
130711,unrelated
82480,unrelated
76836,unrelated
200662,agreed
232670,unrelated
268807,agreed
100050,unrelated
4994,agreed
50802,agreed
97217,unrelated
98291,agreed
192937,unrelated
195414,unrelated
319071,unrelated
297212,unrelated
109720,unrelated
269362,agreed
141550,unrelated
101335,unrelated
81082,unrelated
104826,unrelated
140666,agreed
171103,agreed
76086,unrelated
291046,agreed
1599,agreed
176713,agreed
9540,unrelated
89224,agreed
243011,unrelated
240501,agreed
161255,agreed
92297,unrelated
316694,unrelated
265480,unrelated
27821,unrelated
255893,unrelated
315391,agreed
37659,unrelated
116247,unrelated
106109,unrelated
189794,unrelated
62079,unrelated
255121,unrelated
123486,unrelated
258843,unrelated
159879,unrelated
319244,unrelated
124557,agreed
184506,agreed
275481,unrelated
56803,agreed
67665,agreed
238169,agreed
225412,unrelated
286264,unrelated
167839,unrelated
227084,unrelated
295772,unrelated
317565,unrelated
78257,agreed
223816,unrelated
62447,unrelated
279820,unrelated
220744,unrelated
231524,unrelated
320287,unrelated
74077,unrelated
304730,unrelated
225556,unrelated
62988,unrelated
208078,agreed
6694,unrelated
259930,unrelated
240928,unrelated
232749,unrelated
121663,agreed
66973,unrelated
233528,unrelated
261527,unrelated
169124,unrelated
203080,unrelated
165072,unrelated
300056,unrelated
148231,unrelated
136668,unrelated
13278,unrelated
141809,unrelated
195737,agreed
86608,agreed
180548,unrelated
305041,unrelated
182655,unrelated
50055,unrelated
137703,unrelated
191800,agreed
206038,agreed
158973,unrelated
10857,unrelated
159291,unrelated
255777,unrelated
273122,unrelated
95537,unrelated
50762,unrelated
188309,disagreed
201151,unrelated
220519,unrelated
156919,unrelated
130725,unrelated
301696,unrelated
27119,unrelated
262511,unrelated
200470,unrelated
126624,unrelated
75249,unrelated
233516,agreed
188355,agreed
99273,unrelated
316611,unrelated
14108,unrelated
218027,unrelated
42896,agreed
133597,unrelated
237575,unrelated
278544,unrelated
246711,unrelated
216844,unrelated
299926,unrelated
195936,unrelated
195972,unrelated
5200,agreed
44106,agreed
124811,unrelated
117937,unrelated
133882,unrelated
189988,unrelated
19295,unrelated
127274,unrelated
187094,unrelated
205964,agreed
174534,unrelated
315876,agreed
29809,unrelated
6189,unrelated
241655,unrelated
229426,agreed
282842,unrelated
126748,unrelated
314739,unrelated
205764,unrelated
28393,unrelated
247127,unrelated
176288,unrelated
188796,unrelated
65997,unrelated
254810,agreed
219691,unrelated
46409,unrelated
154510,unrelated
249511,agreed
125070,agreed
256244,agreed
170818,unrelated
207400,unrelated
311042,unrelated
119954,unrelated
259151,unrelated
199661,unrelated
936,unrelated
290006,unrelated
274907,agreed
83106,unrelated
23166,agreed
190657,unrelated
59278,unrelated
67768,unrelated
124668,agreed
66186,unrelated
63165,unrelated
53045,unrelated
160408,unrelated
283957,unrelated
66185,unrelated
24794,unrelated
142002,agreed
141393,unrelated
3638,agreed
242847,unrelated
7327,unrelated
207350,agreed
107555,unrelated
8034,unrelated
42053,unrelated
317275,unrelated
266447,agreed
296189,unrelated
41247,unrelated
199949,agreed
146746,unrelated
130400,unrelated
94469,agreed
113924,unrelated
282814,unrelated
75379,unrelated
245128,unrelated
120271,agreed
181862,unrelated
244990,agreed
135787,unrelated
211587,unrelated
273156,unrelated
254992,agreed
159510,unrelated
140751,agreed
285969,agreed
285368,unrelated
149595,unrelated
161132,unrelated
29285,unrelated
115281,unrelated
288454,unrelated
4564,unrelated
293766,unrelated
104459,unrelated
222657,agreed
21790,unrelated
266700,unrelated
79610,unrelated
239842,agreed
261808,unrelated
38405,unrelated
46699,unrelated
56430,unrelated
147733,unrelated
204472,unrelated
228598,agreed
147898,unrelated
230642,unrelated
158409,unrelated
318514,unrelated
236464,unrelated
6184,unrelated
156302,agreed
28169,unrelated
250778,agreed
131271,unrelated
15039,agreed
114021,unrelated
317919,unrelated
18917,agreed
233257,unrelated
231969,agreed
162766,unrelated
229708,unrelated
162315,unrelated
211458,unrelated
96167,agreed
57307,agreed
102376,unrelated
146478,agreed
46077,unrelated
181780,unrelated
184803,unrelated
122230,unrelated
149671,unrelated
110421,agreed
54652,unrelated
114714,agreed
49628,unrelated
206782,unrelated
66732,unrelated
157758,agreed
289996,unrelated
170351,unrelated
217038,unrelated
254134,agreed
309631,unrelated
50100,agreed
308771,unrelated
291395,unrelated
18145,unrelated
127631,agreed
25736,unrelated
296088,agreed
44211,agreed
307122,unrelated
280561,agreed
260596,unrelated
25507,unrelated
212184,agreed
318386,unrelated
270887,unrelated
12272,agreed
253641,unrelated
22908,unrelated
63430,unrelated
28132,unrelated
214698,unrelated
121061,unrelated
69381,unrelated
72417,unrelated
228547,unrelated
37581,unrelated
298870,unrelated
162082,unrelated
68683,unrelated
249009,unrelated
172406,agreed
106122,agreed
154569,agreed
17178,agreed
94642,unrelated
38001,unrelated
64642,disagreed
132118,unrelated
152433,unrelated
237930,agreed
192563,unrelated
194342,agreed
14188,unrelated
85521,agreed
320460,unrelated
168220,unrelated
239161,unrelated
253134,unrelated
7645,agreed
274357,unrelated
320704,agreed
58709,unrelated
41242,unrelated
185931,unrelated
138170,agreed
159346,unrelated
261310,agreed
143128,agreed
128202,unrelated
74762,unrelated
135289,unrelated
71546,unrelated
313998,unrelated
83055,unrelated
129144,agreed
263129,unrelated
45178,unrelated
252484,agreed
207101,agreed
210127,unrelated
51228,agreed
264552,unrelated
17758,agreed
36335,unrelated
290773,unrelated
38407,unrelated
3778,unrelated
261029,disagreed
109105,unrelated
308887,unrelated
75237,agreed
2657,unrelated
95028,unrelated
228936,unrelated
124567,agreed
319711,unrelated
122929,unrelated
236121,unrelated
34843,unrelated
163513,unrelated
275804,unrelated
272250,unrelated
91832,unrelated
219832,unrelated
85644,unrelated
287706,unrelated
172022,unrelated
307503,agreed
258078,agreed
190134,agreed
205326,unrelated
193600,agreed
218158,agreed
14796,unrelated
218191,unrelated
243016,unrelated
57693,unrelated
174640,unrelated
14574,unrelated
118474,unrelated
315918,unrelated
60405,unrelated
64052,unrelated
192550,unrelated
173717,agreed
237377,agreed
153730,agreed
234409,agreed
195883,unrelated
185366,unrelated
237394,unrelated
39947,unrelated
182163,unrelated
115481,agreed
85464,unrelated
73444,agreed
105891,agreed
298157,unrelated
301127,unrelated
41823,unrelated
164992,disagreed
304645,unrelated
38931,unrelated
316190,agreed
213718,unrelated
104493,agreed
62377,unrelated
295684,unrelated
230567,unrelated
210353,unrelated
177299,agreed
78757,unrelated
236854,unrelated
204809,agreed
79167,unrelated
300524,unrelated
157850,unrelated
129889,unrelated
229096,unrelated
99744,agreed
285357,unrelated
309980,agreed
124359,unrelated
233935,unrelated
19858,agreed
297436,unrelated
17999,unrelated
311101,agreed
189727,unrelated
2625,unrelated
147152,unrelated
31194,unrelated
28214,unrelated
218368,unrelated
70,unrelated
184063,unrelated
167679,unrelated
187271,unrelated
141925,agreed
144538,unrelated
74276,agreed
2357,unrelated
92919,agreed
47103,disagreed
183024,unrelated
156744,agreed
118490,unrelated
64285,unrelated
160987,agreed
205,unrelated
40108,agreed
30735,unrelated
110747,agreed
230914,unrelated
45480,unrelated
66705,unrelated
273239,unrelated
115263,unrelated
246654,unrelated
123544,unrelated
312752,agreed
176397,agreed
68731,unrelated
48193,agreed
166585,unrelated
58004,unrelated
233352,agreed
99538,unrelated
292354,agreed
1886,unrelated
310411,unrelated
188157,disagreed
154961,agreed
172698,unrelated
124979,unrelated
241967,agreed
193811,agreed
188791,unrelated
312028,unrelated
87982,agreed
42453,unrelated
104953,unrelated
134341,unrelated
165103,unrelated
309672,unrelated
308224,agreed
101192,agreed
244709,unrelated
274538,unrelated
21063,unrelated
47148,unrelated
200865,unrelated
134297,unrelated
261705,agreed
297265,unrelated
93137,agreed
73337,agreed
245817,unrelated
288272,unrelated
1636,unrelated
110631,unrelated
292622,agreed
16861,agreed
282181,unrelated
5514,agreed
266236,agreed
185887,agreed
249952,unrelated
246863,agreed
23405,unrelated
56356,agreed
207168,unrelated
153340,unrelated
318553,unrelated
72844,unrelated
202643,agreed
191784,unrelated
104750,unrelated
229223,unrelated
84153,unrelated
4979,unrelated
217170,agreed
98458,agreed
79549,unrelated
161489,agreed
290884,agreed
122424,unrelated
239528,unrelated
18733,agreed
19833,unrelated
214300,agreed
246032,agreed
150664,unrelated
36745,unrelated
278503,unrelated
236983,unrelated
308522,agreed
230953,unrelated
232247,unrelated
15376,unrelated
21357,unrelated
171727,unrelated
316955,unrelated
212498,unrelated
185831,unrelated
146150,unrelated
106129,agreed
185167,agreed
234824,agreed
267691,unrelated
231040,unrelated
136264,unrelated
204473,unrelated
180674,unrelated
24698,unrelated
211869,unrelated
13231,unrelated
290101,unrelated
207656,unrelated
158997,agreed
4283,unrelated
287801,unrelated
1085,agreed
191394,unrelated
110394,unrelated
271233,unrelated
78808,unrelated
104342,agreed
302518,unrelated
30037,unrelated
248794,unrelated
121146,unrelated
305927,unrelated
254294,unrelated
173675,unrelated
144207,agreed
204504,agreed
183032,unrelated
95620,unrelated
95831,unrelated
193029,unrelated
239909,unrelated
177383,unrelated
158741,agreed
196873,unrelated
295637,unrelated
139243,agreed
95350,unrelated
301825,agreed
69099,agreed
77212,agreed
273763,unrelated
82313,unrelated
48234,unrelated
157591,unrelated
155320,unrelated
180527,unrelated
146011,agreed
145646,unrelated
85579,unrelated
85566,unrelated
173604,agreed
143675,unrelated
281685,unrelated
147698,unrelated
144147,disagreed
258274,agreed
18330,unrelated
296427,unrelated
222768,unrelated
317975,unrelated
210080,unrelated
145144,unrelated
71881,disagreed
47085,unrelated
196487,unrelated
176885,agreed
30929,unrelated
193795,agreed
133754,unrelated
242590,agreed
68501,unrelated
249069,unrelated
24781,agreed
10097,unrelated
308435,agreed
33014,unrelated
73132,unrelated
4289,unrelated
186665,agreed
34097,unrelated
310894,unrelated
138734,unrelated
287662,unrelated
71193,unrelated
219213,unrelated
228928,agreed
100795,unrelated
288221,unrelated
102884,unrelated
22481,unrelated
92005,unrelated
307331,unrelated
5302,unrelated
245074,agreed
102402,unrelated
96978,agreed
77948,unrelated
124541,agreed
150724,agreed
274589,unrelated
255798,unrelated
43058,agreed
215880,unrelated
36765,unrelated
267219,unrelated
271859,agreed
312731,unrelated
227751,agreed
97669,unrelated
40925,unrelated
67406,disagreed
208656,unrelated
233727,unrelated
47315,unrelated
262501,unrelated
165187,unrelated
173009,unrelated
292605,unrelated
11530,unrelated
313489,unrelated
221265,agreed
2985,unrelated
45685,agreed
289760,unrelated
78233,unrelated
109603,unrelated
4096,agreed
87181,agreed
281054,unrelated
61965,unrelated
99463,unrelated
204369,agreed
87374,unrelated
163484,agreed
50586,unrelated
107928,unrelated
77781,unrelated
243353,unrelated
298815,unrelated
271894,unrelated
237008,agreed
265808,unrelated
268055,agreed
143628,agreed
220648,agreed
152253,unrelated
5450,agreed
121951,agreed
207664,unrelated
103902,unrelated
98046,unrelated
264998,unrelated
282065,unrelated
304855,unrelated
76154,unrelated
44741,unrelated
62468,agreed
279660,unrelated
136495,agreed
264596,unrelated
112357,agreed
43174,agreed
39564,unrelated
317290,unrelated
203048,unrelated
53269,agreed
66614,unrelated
65391,unrelated
293843,unrelated
70847,unrelated
186198,agreed
281762,unrelated
50632,unrelated
137105,unrelated
320931,unrelated
21697,unrelated
190209,unrelated
264387,unrelated
251769,unrelated
295435,unrelated
145833,unrelated
248166,agreed
217630,unrelated
237197,agreed
236009,agreed
186960,unrelated
229842,unrelated
307599,unrelated
43350,unrelated
150988,agreed
311680,agreed
79017,unrelated
314242,unrelated
227755,unrelated
20168,unrelated
141385,agreed
67366,unrelated
29959,unrelated
36575,agreed
201716,unrelated
254144,unrelated
206177,agreed
39557,unrelated
40569,agreed
35183,unrelated
135148,agreed
45046,unrelated
59849,unrelated
161662,unrelated
167168,unrelated
111645,agreed
100151,unrelated
295409,unrelated
279666,unrelated
179109,unrelated
110273,agreed
255823,agreed
197464,unrelated
198882,agreed
34335,unrelated
206006,agreed
282375,unrelated
187418,unrelated
286401,unrelated
66977,unrelated
107030,agreed
119662,agreed
260059,unrelated
203012,agreed
255158,unrelated
61266,agreed
260326,unrelated
65060,unrelated
180671,unrelated
98160,unrelated
45326,unrelated
129360,unrelated
174895,agreed
283095,unrelated
286583,unrelated
276686,agreed
249924,agreed
80483,unrelated
288970,unrelated
309014,agreed
240036,agreed
240722,unrelated
164010,unrelated
49609,unrelated
224110,unrelated
268164,agreed
236190,unrelated
213808,unrelated
6580,unrelated
272419,unrelated
99512,unrelated
239301,unrelated
189627,unrelated
114924,disagreed
222101,unrelated
282569,unrelated
51375,unrelated
103829,unrelated
173565,unrelated
309234,unrelated
62280,unrelated
121672,unrelated
130226,unrelated
251515,agreed
207404,unrelated
159059,unrelated
180538,unrelated
145676,unrelated
31800,unrelated
111230,unrelated
192487,agreed
78352,agreed
291259,agreed
239514,unrelated
18223,disagreed
237109,unrelated
315708,unrelated
223087,unrelated
261609,unrelated
164072,unrelated
162948,unrelated
138583,agreed
38052,unrelated
182569,agreed
168133,unrelated
122216,unrelated
123405,agreed
222237,unrelated
224098,unrelated
126931,unrelated
179464,agreed
63094,unrelated
123370,unrelated
226272,unrelated
276050,agreed
271487,agreed
64361,agreed
289111,agreed
86650,unrelated
20782,agreed
295217,unrelated
209122,unrelated
170614,unrelated
134719,unrelated
116566,unrelated
139848,agreed
16210,unrelated
30405,agreed
245936,unrelated
124554,agreed
262797,agreed
321046,unrelated
44876,unrelated
161881,unrelated
67006,unrelated
282004,agreed
21188,unrelated
44385,unrelated
159583,unrelated
305861,unrelated
120907,unrelated
241275,unrelated
171835,unrelated
238563,unrelated
293277,unrelated
286419,unrelated
254785,unrelated
232907,unrelated
207560,unrelated
238997,unrelated
279858,agreed
317035,unrelated
16161,unrelated
108419,unrelated
113261,unrelated
164183,unrelated
218771,agreed
62518,unrelated
225419,unrelated
315979,unrelated
270499,unrelated
37795,unrelated
300124,unrelated
247813,unrelated
167010,unrelated
284483,unrelated
258366,unrelated
140198,unrelated
160437,unrelated
276760,agreed
266296,unrelated
285247,unrelated
34267,agreed
102735,unrelated
286534,unrelated
280118,unrelated
231756,unrelated
264665,unrelated
9095,unrelated
109451,unrelated
104930,unrelated
129595,unrelated
155252,unrelated
205603,unrelated
257119,unrelated
189448,unrelated
60724,unrelated
167161,unrelated
225194,unrelated
264814,unrelated
88520,agreed
149019,unrelated
136977,unrelated
294754,unrelated
268300,unrelated
38986,agreed
273892,unrelated
175602,unrelated
67605,agreed
270266,unrelated
123165,agreed
7389,unrelated
205961,agreed
2468,agreed
141113,agreed
178302,unrelated
181098,unrelated
18372,unrelated
151914,unrelated
244455,unrelated
113855,unrelated
130907,agreed
31172,unrelated
153155,unrelated
36512,agreed
204630,unrelated
22709,unrelated
302335,agreed
160505,unrelated
226167,unrelated
182219,unrelated
270351,unrelated
234185,unrelated
127997,unrelated
298757,unrelated
261497,unrelated
4364,unrelated
32991,unrelated
17842,agreed
14069,unrelated
256092,unrelated
61001,unrelated
151235,agreed
100710,unrelated
154698,agreed
139504,agreed
45984,unrelated
229661,agreed
254281,agreed
239308,unrelated
116521,unrelated
308345,unrelated
113537,unrelated
231904,agreed
21252,unrelated
90181,unrelated
86339,agreed
118444,unrelated
42208,unrelated
15650,unrelated
169893,unrelated
176672,agreed
256180,agreed
197571,unrelated
38010,unrelated
61165,unrelated
176526,unrelated
209566,unrelated
97735,unrelated
108611,unrelated
205765,unrelated
161911,unrelated
178974,unrelated
21941,agreed
178376,unrelated
318462,unrelated
304347,unrelated
912,unrelated
177162,unrelated
171416,unrelated
14318,agreed
80608,unrelated
21423,unrelated
27747,unrelated
209428,unrelated
24858,unrelated
183046,agreed
232087,unrelated
67198,agreed
2469,agreed
19099,unrelated
1098,agreed
150086,unrelated
265659,agreed
195834,agreed
296176,unrelated
55671,agreed
127416,agreed
9555,unrelated
112896,agreed
237723,agreed
9296,unrelated
61943,unrelated
65629,agreed
107919,unrelated
54132,agreed
93291,agreed
227351,unrelated
196732,unrelated
167018,unrelated
180804,unrelated
220873,unrelated
170123,unrelated
36393,unrelated
281966,agreed
266398,unrelated
107255,agreed
18891,unrelated
186918,unrelated
94449,agreed
87233,unrelated
313011,agreed
249606,unrelated
128165,unrelated
97448,unrelated
190685,unrelated
203596,unrelated
169176,unrelated
252028,unrelated
134697,unrelated
27963,unrelated
282341,agreed
277766,unrelated
36821,agreed
247305,unrelated
152316,unrelated
90620,agreed
285977,agreed
184096,unrelated
284569,agreed
298600,unrelated
97375,unrelated
30110,unrelated
78964,unrelated
222611,unrelated
142623,unrelated
103560,agreed
304754,unrelated
148175,unrelated
61517,agreed
3359,agreed
85081,agreed
160797,unrelated
28485,unrelated
153354,agreed
228111,unrelated
267525,agreed
182482,agreed
4323,unrelated
58447,unrelated
22087,unrelated
254285,unrelated
114715,agreed
184150,unrelated
17444,unrelated
128015,unrelated
269863,agreed
272965,unrelated
65335,unrelated
15702,agreed
225646,agreed
81360,agreed
249369,unrelated
133045,unrelated
252498,unrelated
158343,unrelated
244126,unrelated
281522,agreed
289257,unrelated
190589,unrelated
151657,unrelated
30866,unrelated
242610,unrelated
50047,unrelated
137475,agreed
238925,unrelated
201018,unrelated
247932,agreed
21866,agreed
172189,unrelated
232055,unrelated
139426,unrelated
307689,unrelated
261656,agreed
39990,unrelated
156372,agreed
228167,unrelated
154118,unrelated
261071,agreed
246612,unrelated
235802,unrelated
104335,agreed
167587,unrelated
249106,unrelated
15138,unrelated
210150,unrelated
306337,unrelated
36272,unrelated
199753,unrelated
204969,agreed
181211,agreed
119052,unrelated
155843,agreed
180279,unrelated
43915,unrelated
170134,unrelated
264053,agreed
211276,disagreed
273656,unrelated
204522,unrelated
318573,unrelated
290836,unrelated
168906,agreed
300423,unrelated
276146,unrelated
49816,unrelated
214135,unrelated
4395,unrelated
62500,unrelated
85997,agreed
50807,unrelated
48674,unrelated
226322,unrelated
13413,unrelated
56493,unrelated
299628,unrelated
220222,unrelated
98857,agreed
291188,unrelated
174059,agreed
110785,agreed
205331,unrelated
215607,unrelated
224806,unrelated
139950,unrelated
83888,unrelated
131591,agreed
270147,unrelated
221679,agreed
179745,unrelated
18847,agreed
54984,unrelated
266559,agreed
319020,unrelated
23852,unrelated
177501,unrelated
179718,unrelated
317193,unrelated
200384,agreed
130715,unrelated
242000,unrelated
305921,agreed
247101,unrelated
35570,unrelated
135413,unrelated
162852,unrelated
307483,unrelated
9113,unrelated
281746,agreed
180087,unrelated
94118,unrelated
132826,unrelated
222883,unrelated
154832,unrelated
267827,unrelated
10439,unrelated
318563,unrelated
28661,unrelated
184526,agreed
191440,unrelated
26774,unrelated
103282,unrelated
47869,agreed
304346,unrelated
279000,unrelated
313022,unrelated
233973,unrelated
82854,agreed
300319,unrelated
255522,unrelated
282273,agreed
57020,unrelated
51621,unrelated
251231,unrelated
159327,agreed
236821,agreed
45858,unrelated
299975,unrelated
173039,unrelated
218953,unrelated
224953,unrelated
155916,unrelated
310530,agreed
45834,unrelated
25020,agreed
193030,disagreed
208262,unrelated
90100,agreed
278733,unrelated
205183,agreed
9970,unrelated
187219,unrelated
162178,unrelated
59370,unrelated
278480,unrelated
99467,agreed
41674,unrelated
113423,unrelated
143046,agreed
44871,unrelated
111590,unrelated
179358,agreed
293936,unrelated
155214,unrelated
43770,agreed
25533,unrelated
268308,agreed
34498,unrelated
188458,unrelated
97196,agreed
253434,unrelated
308966,unrelated
3435,unrelated
236966,agreed
312686,unrelated
314249,unrelated
67349,unrelated
242262,unrelated
9738,unrelated
319254,unrelated
299273,unrelated
301735,unrelated
81131,unrelated
265362,agreed
24207,unrelated
20220,unrelated
60567,unrelated
87935,unrelated
72286,unrelated
146013,unrelated
309538,unrelated
28563,unrelated
142161,unrelated
230971,agreed
232828,unrelated
259742,unrelated
214111,unrelated
153084,unrelated
246708,unrelated
309219,agreed
236385,unrelated
135294,agreed
130687,agreed
191883,unrelated
265319,unrelated
176074,unrelated
170295,unrelated
210742,unrelated
190198,unrelated
89356,unrelated
105204,unrelated
155625,agreed
206601,agreed
156959,unrelated
251052,agreed
225515,unrelated
155126,agreed
51071,unrelated
244963,agreed
203128,agreed
170633,unrelated
198454,unrelated
292974,unrelated
137808,unrelated
145982,unrelated
151947,unrelated
64588,agreed
212654,unrelated
13138,unrelated
288792,unrelated
263037,unrelated
93258,unrelated
90410,unrelated
154827,unrelated
286960,unrelated
306473,unrelated
150868,unrelated
193268,unrelated
294333,unrelated
234322,unrelated
123831,unrelated
221135,unrelated
193767,agreed
57759,unrelated
187792,unrelated
17274,agreed
232260,agreed
252369,unrelated
218263,unrelated
68996,unrelated
55541,unrelated
155152,unrelated
132271,unrelated
23631,unrelated
226972,agreed
114158,unrelated
230364,unrelated
120580,agreed
104354,unrelated
104438,unrelated
252164,unrelated
42936,agreed
46636,unrelated
53181,unrelated
278673,agreed
64989,unrelated
248079,unrelated
76637,unrelated
192014,unrelated
173608,agreed
59253,unrelated
89978,unrelated
193488,unrelated
137164,unrelated
76143,unrelated
19710,unrelated
67954,unrelated
96966,agreed
289545,unrelated
365,unrelated
57087,unrelated
49369,unrelated
150472,agreed
114203,unrelated
315469,agreed
208462,agreed
258519,unrelated
225623,unrelated
85186,unrelated
84049,unrelated
228766,unrelated
141951,unrelated
103677,agreed
35665,unrelated
87730,unrelated
36268,unrelated
102441,unrelated
219767,unrelated
255587,unrelated
129026,disagreed
17294,agreed
168425,agreed
5486,unrelated
54657,unrelated
43706,agreed
132338,agreed
152651,unrelated
232928,agreed
304714,agreed
2274,unrelated
314022,agreed
232490,agreed
318662,unrelated
258235,unrelated
321155,unrelated
162650,unrelated
190827,unrelated
129481,unrelated
179215,agreed
304124,unrelated
172392,unrelated
26217,unrelated
301909,unrelated
156127,unrelated
222137,unrelated
115533,agreed
260920,unrelated
172495,unrelated
164274,agreed
284052,unrelated
295153,unrelated
121182,unrelated
139329,unrelated
102707,unrelated
93606,unrelated
271051,unrelated
48651,unrelated
284188,unrelated
78451,unrelated
271163,unrelated
94845,unrelated
150467,unrelated
4691,unrelated
158641,unrelated
290788,unrelated
23923,unrelated
115170,unrelated
101894,unrelated
62677,unrelated
29825,unrelated
91699,agreed
21991,unrelated
247354,agreed
168572,unrelated
287629,agreed
304415,unrelated
9460,agreed
168885,agreed
82727,unrelated
310360,agreed
260692,agreed
312010,agreed
50208,agreed
309576,agreed
85079,unrelated
6853,unrelated
109727,unrelated
156406,agreed
144380,disagreed
139662,unrelated
40367,unrelated
3225,agreed
113625,unrelated
110827,unrelated
279572,unrelated
278042,unrelated
6255,agreed
283618,unrelated
63492,agreed
7449,unrelated
85912,agreed
252180,unrelated
44722,unrelated
48875,unrelated
227263,unrelated
318681,disagreed
101994,unrelated
38569,agreed
134515,agreed
276047,unrelated
316538,unrelated
106105,unrelated
214666,unrelated
92823,agreed
273212,unrelated
128622,unrelated
80547,unrelated
131127,unrelated
215075,agreed
28057,unrelated
21338,unrelated
41536,unrelated
280718,unrelated
223658,agreed
22672,unrelated
20174,unrelated
237290,agreed
281839,unrelated
258541,agreed
192621,unrelated
115640,agreed
86008,unrelated
158139,unrelated
63724,agreed
244623,unrelated
294038,unrelated
91507,unrelated
150995,unrelated
92799,unrelated
123857,unrelated
306387,agreed
155426,unrelated
231200,agreed
305713,unrelated
96795,unrelated
156154,unrelated
12226,unrelated
230178,agreed
307032,agreed
186298,agreed
3782,unrelated
242042,unrelated
308103,unrelated
313290,unrelated
191607,unrelated
107708,unrelated
145284,unrelated
219023,agreed
132304,unrelated
90627,agreed
73265,agreed
128016,unrelated
319095,unrelated
36126,agreed
19632,unrelated
239048,unrelated
173443,unrelated
56489,unrelated
99059,unrelated
269824,unrelated
199487,unrelated
301858,agreed
235914,agreed
233537,unrelated
57727,unrelated
92715,unrelated
306511,unrelated
202630,unrelated
56567,unrelated
124494,unrelated
30376,unrelated
94989,unrelated
131711,unrelated
148375,unrelated
64448,unrelated
226126,unrelated
15032,agreed
182954,unrelated
275189,unrelated
232220,unrelated
215954,unrelated
283945,unrelated
28099,agreed
230225,agreed
23645,unrelated
217873,unrelated
158870,unrelated
271947,unrelated
81932,unrelated
287374,unrelated
310681,unrelated
245691,unrelated
58290,unrelated
21898,agreed
132068,unrelated
196894,unrelated
194758,unrelated
205709,agreed
8824,unrelated
168338,unrelated
312256,unrelated
30281,unrelated
252244,agreed
317483,unrelated
251173,agreed
54547,agreed
149096,agreed
260191,agreed
553,unrelated
23799,unrelated
151933,unrelated
159987,unrelated
157936,agreed
258670,unrelated
260621,agreed
9996,unrelated
41378,agreed
244659,unrelated
181696,unrelated
132423,agreed
202281,unrelated
235055,unrelated
139014,unrelated
60896,unrelated
55018,unrelated
304613,unrelated
72718,unrelated
174509,agreed
236886,unrelated
277293,agreed
222656,agreed
191205,unrelated
15348,unrelated
210514,agreed
102917,unrelated
286545,unrelated
14855,agreed
224465,unrelated
106307,unrelated
142041,agreed
270526,agreed
1202,agreed
249444,agreed
53618,unrelated
132504,agreed
265750,agreed
307882,agreed
31204,unrelated
227038,unrelated
21186,unrelated
171858,unrelated
218804,agreed
241764,agreed
201211,unrelated
286844,unrelated
69501,unrelated
190676,unrelated
283762,agreed
56245,unrelated
165364,unrelated
71207,unrelated
168704,disagreed
222509,unrelated
227714,agreed
198789,unrelated
30512,unrelated
186778,unrelated
48608,unrelated
7020,unrelated
217913,unrelated
9425,unrelated
196330,agreed
110480,unrelated
179245,unrelated
122021,unrelated
55934,agreed
171365,unrelated
160841,unrelated
28763,unrelated
91537,agreed
256349,agreed
229417,agreed
194205,agreed
188770,unrelated
19600,agreed
307290,agreed
265885,agreed
216963,unrelated
215271,unrelated
168157,unrelated
209273,unrelated
117802,unrelated
126114,agreed
102391,unrelated
288399,unrelated
305953,unrelated
229049,unrelated
189472,unrelated
51973,unrelated
116655,unrelated
212580,agreed
13290,unrelated
139940,unrelated
202712,agreed
3103,unrelated
128797,unrelated
207418,unrelated
231478,unrelated
308949,unrelated
255686,unrelated
14625,unrelated
284486,unrelated
305117,unrelated
254881,agreed
20651,unrelated
133002,unrelated
42692,unrelated
224394,agreed
261453,unrelated
188938,unrelated
233704,unrelated
92641,agreed
179946,unrelated
71705,unrelated
31232,agreed
16653,unrelated
159440,unrelated
192801,unrelated
244438,agreed
167134,agreed
45850,unrelated
6325,unrelated
238451,agreed
166803,unrelated
27121,unrelated
80973,unrelated
21619,unrelated
26582,agreed
184821,agreed
171728,unrelated
126935,unrelated
269743,unrelated
176633,unrelated
141299,unrelated
13009,agreed
73363,agreed
170388,agreed
137977,unrelated
6533,unrelated
150427,agreed
47922,unrelated
78914,agreed
13785,agreed
62219,unrelated
276085,unrelated
161733,unrelated
251087,agreed
157186,unrelated
290330,unrelated
160012,unrelated
76914,unrelated
180269,unrelated
294975,unrelated
313970,unrelated
261519,unrelated
216662,unrelated
209107,unrelated
113462,unrelated
95024,unrelated
177055,unrelated
243687,unrelated
51034,agreed
143454,unrelated
137380,unrelated
198351,disagreed
50277,unrelated
30311,unrelated
79417,unrelated
60815,unrelated
66255,unrelated
65795,agreed
74558,agreed
36578,agreed
252411,agreed
52016,unrelated
314724,unrelated
132907,agreed
24957,unrelated
261971,agreed
57315,unrelated
52268,unrelated
253496,unrelated
302789,unrelated
273288,disagreed
289548,unrelated
81579,unrelated
181523,agreed
256836,agreed
294176,unrelated
184297,unrelated
244993,unrelated
146340,unrelated
236655,unrelated
125095,agreed
294225,unrelated
310457,unrelated
166395,agreed
96192,agreed
74976,unrelated
188324,unrelated
304478,unrelated
268708,agreed
263033,unrelated
177404,agreed
306607,unrelated
39055,unrelated
167252,unrelated
28857,agreed
60292,unrelated
60818,unrelated
33099,unrelated
114458,unrelated
98132,agreed
79121,unrelated
11477,unrelated
158684,unrelated
102599,agreed
172929,unrelated
247099,unrelated
113040,unrelated
308673,agreed
6092,unrelated
84555,unrelated
127485,unrelated
52312,unrelated
16395,unrelated
22073,unrelated
38688,unrelated
24019,unrelated
260790,unrelated
102663,unrelated
194373,agreed
67529,agreed
117821,unrelated
108437,unrelated
115721,agreed
17043,unrelated
311397,unrelated
1185,unrelated
317410,unrelated
39103,unrelated
264033,unrelated
23630,agreed
215637,agreed
176017,agreed
128651,unrelated
77066,agreed
289776,unrelated
150985,agreed
315819,unrelated
247795,unrelated
113529,unrelated
99882,agreed
296073,agreed
168935,agreed
300219,unrelated
201621,agreed
146018,unrelated
126477,unrelated
161312,unrelated
194047,agreed
94173,unrelated
132310,unrelated
297959,unrelated
258690,unrelated
155503,unrelated
136078,unrelated
151223,unrelated
284430,agreed
60871,agreed
198302,unrelated
303606,unrelated
296603,unrelated
193509,unrelated
185276,agreed
68171,unrelated
207180,unrelated
24474,unrelated
289015,unrelated
268207,agreed
136723,unrelated
186931,unrelated
318735,agreed
222044,unrelated
223470,disagreed
259709,unrelated
280368,agreed
242469,unrelated
102902,unrelated
45833,unrelated
190602,unrelated
52219,unrelated
78199,unrelated
32844,unrelated
57799,unrelated
229341,agreed
97093,agreed
183659,agreed
56075,unrelated
217613,unrelated
147287,agreed
84274,unrelated
58282,unrelated
228121,unrelated
164468,agreed
259203,unrelated
262560,unrelated
174270,unrelated
152545,unrelated
94844,unrelated
107098,agreed
246606,unrelated
238840,unrelated
125599,unrelated
288773,unrelated
221055,agreed
14294,unrelated
85343,unrelated
41925,agreed
25770,unrelated
94850,unrelated
83741,unrelated
22142,unrelated
43371,unrelated
112940,unrelated
126420,unrelated
129700,unrelated
311807,unrelated
22944,unrelated
172813,unrelated
175537,unrelated
96211,agreed
179454,agreed
82662,unrelated
142230,unrelated
2614,unrelated
296262,unrelated
5249,unrelated
187722,unrelated
210250,agreed
38254,unrelated
81508,unrelated
3988,unrelated
201173,unrelated
266326,unrelated
35605,unrelated
112840,agreed
126724,unrelated
53217,unrelated
67684,unrelated
77795,unrelated
238906,agreed
112034,agreed
127990,unrelated
304568,unrelated
27515,unrelated
227095,unrelated
143680,unrelated
185625,agreed
173097,unrelated
269049,agreed
269128,unrelated
237518,unrelated
308637,unrelated
220932,unrelated
224547,unrelated
113302,agreed
22161,unrelated
49606,unrelated
218365,unrelated
314973,unrelated
55739,agreed
48944,agreed
306570,agreed
56046,agreed
219538,unrelated
286842,unrelated
267851,agreed
75216,agreed
200777,unrelated
101811,agreed
314042,agreed
224792,agreed
264232,unrelated
75596,disagreed
247623,unrelated
300715,unrelated
79030,agreed
70231,unrelated
81527,unrelated
98626,unrelated
246102,unrelated
196174,unrelated
274199,agreed
317315,unrelated
207891,agreed
162481,unrelated
206464,agreed
237746,unrelated
110663,unrelated
277536,unrelated
118525,unrelated
313805,agreed
35161,unrelated
133210,unrelated
210199,agreed
43271,agreed
307356,unrelated
310283,agreed
156166,unrelated
4533,unrelated
80713,unrelated
27464,unrelated
86239,agreed
8348,unrelated
117253,agreed
9498,unrelated
220219,unrelated
256552,agreed
221481,unrelated
303564,agreed
158091,unrelated
133879,unrelated
56276,unrelated
208126,unrelated
125204,unrelated
87500,agreed
6626,unrelated
1105,unrelated
45247,agreed
19404,agreed
236806,unrelated
2776,agreed
61493,unrelated
66556,unrelated
271707,agreed
48629,unrelated
307871,agreed
262559,unrelated
320295,agreed
65196,unrelated
293932,unrelated
51244,unrelated
151916,unrelated
214201,unrelated
233853,unrelated
228710,unrelated
195024,unrelated
117830,unrelated
259145,unrelated
280239,agreed
230027,agreed
299045,unrelated
93611,unrelated
56334,unrelated
209996,agreed
72159,unrelated
243287,unrelated
284871,agreed
162612,unrelated
281787,agreed
213087,unrelated
60779,unrelated
98843,unrelated
159726,disagreed
153181,unrelated
320480,unrelated
313788,agreed
115424,unrelated
321146,unrelated
80931,unrelated
289719,unrelated
120745,unrelated
261941,agreed
227663,agreed
3115,agreed
176177,unrelated
274518,unrelated
266437,unrelated
229836,unrelated
147185,unrelated
61800,unrelated
87460,agreed
201049,agreed
228528,agreed
12024,unrelated
51379,unrelated
297087,unrelated
222339,unrelated
145334,unrelated
65471,unrelated
320338,agreed
98518,agreed
130422,unrelated
128502,agreed
251362,agreed
26572,unrelated
302531,unrelated
156951,agreed
176576,agreed
54308,unrelated
315852,unrelated
247937,unrelated
31902,unrelated
214242,agreed
64214,unrelated
151672,unrelated
87104,unrelated
6320,unrelated
45909,unrelated
93309,agreed
286212,agreed
212326,agreed
78886,agreed
285520,unrelated
76310,unrelated
115529,unrelated
171003,unrelated
73221,unrelated
5221,unrelated
317814,agreed
92673,agreed
162345,unrelated
147254,unrelated
63616,unrelated
213785,unrelated
250914,agreed
291634,agreed
112889,agreed
205215,unrelated
176189,agreed
241622,unrelated
130013,unrelated
293616,unrelated
195070,agreed
126937,unrelated
30461,agreed
263131,unrelated
284923,unrelated
733,agreed
35313,agreed
267623,unrelated
269869,agreed
21298,unrelated
200891,unrelated
62623,agreed
5139,unrelated
2296,agreed
36940,agreed
53273,unrelated
171082,unrelated
209722,unrelated
3461,agreed
261045,agreed
298999,unrelated
311860,agreed
280101,unrelated
107475,agreed
281377,unrelated
224467,unrelated
78012,agreed
269719,unrelated
149675,unrelated
43446,unrelated
103558,agreed
304107,unrelated
145181,unrelated
291144,unrelated
303159,unrelated
207134,unrelated
254287,agreed
264397,unrelated
78484,agreed
129041,unrelated
260934,unrelated
170064,unrelated
58998,unrelated
50429,unrelated
45409,agreed
267858,agreed
45182,unrelated
36143,agreed
100495,unrelated
40091,unrelated
50011,unrelated
151471,unrelated
232289,unrelated
184482,agreed
6199,unrelated
69745,unrelated
151189,unrelated
8064,unrelated
6539,unrelated
140397,agreed
305740,agreed
256749,unrelated
262773,agreed
305599,agreed
184192,unrelated
229722,unrelated
268163,unrelated
64032,unrelated
4319,unrelated
33633,unrelated
272992,unrelated
56656,unrelated
192342,agreed
294620,unrelated
104574,unrelated
109268,unrelated
68249,unrelated
25946,unrelated
126083,agreed
277444,agreed
155089,agreed
77022,agreed
246503,unrelated
113597,unrelated
177341,unrelated
105523,unrelated
259247,agreed
42483,unrelated
262041,unrelated
237469,unrelated
98481,unrelated
17307,agreed
181337,agreed
220304,unrelated
81944,unrelated
210788,unrelated
176505,agreed
256614,unrelated
118625,unrelated
260676,agreed
202034,unrelated
138094,unrelated
285237,unrelated
272525,unrelated
129819,unrelated
224889,unrelated
17708,agreed
207029,agreed
243855,unrelated
353,unrelated
180002,unrelated
105449,agreed
249352,agreed
44264,agreed
15832,unrelated
293037,unrelated
72958,agreed
311929,unrelated
161397,agreed
117961,agreed
271523,unrelated
58388,unrelated
63000,unrelated
135978,unrelated
85791,unrelated
225982,agreed
74216,unrelated
214460,agreed
136666,unrelated
315698,disagreed
215517,unrelated
119473,agreed
1609,agreed
145601,unrelated
247299,agreed
137791,unrelated
164918,unrelated
198251,unrelated
134888,unrelated
277373,unrelated
40872,unrelated
207819,unrelated
145558,unrelated
167633,unrelated
90054,unrelated
253360,unrelated
47409,unrelated
105139,unrelated
130822,agreed
184843,agreed
151285,unrelated
281826,unrelated
242159,unrelated
278694,agreed
145291,unrelated
115241,unrelated
117738,unrelated
252570,unrelated
19018,unrelated
262313,agreed
152744,agreed
121698,unrelated
66168,unrelated
143142,agreed
257584,unrelated
239386,unrelated
279751,agreed
178433,unrelated
27615,unrelated
1094,agreed
65051,unrelated
231414,agreed
86525,agreed
281259,unrelated
311628,agreed
311947,agreed
54103,unrelated
307867,agreed
173100,unrelated
124888,unrelated
47652,agreed
19426,unrelated
143371,agreed
77997,unrelated
98067,unrelated
207538,unrelated
23411,unrelated
26883,unrelated
280394,unrelated
298876,unrelated
294384,unrelated
26939,unrelated
240303,unrelated
194802,agreed
49763,agreed
231549,unrelated
175818,unrelated
222984,disagreed
178490,unrelated
146555,unrelated
19785,agreed
296056,unrelated
302023,unrelated
180108,unrelated
219062,unrelated
116423,unrelated
268727,agreed
138983,unrelated
221380,agreed
147316,unrelated
192802,unrelated
309224,agreed
283528,unrelated
97301,unrelated
1256,unrelated
215631,agreed
300620,unrelated
317067,agreed
295829,unrelated
126763,unrelated
283313,agreed
108422,unrelated
310183,unrelated
290750,unrelated
314782,unrelated
258807,unrelated
234421,unrelated
254930,unrelated
239729,unrelated
140525,unrelated
249052,unrelated
306948,unrelated
25539,agreed
173873,unrelated
104183,unrelated
43560,unrelated
29181,unrelated
111076,agreed
29199,agreed
213376,unrelated
293474,agreed
70130,unrelated
155317,unrelated
174118,unrelated
123004,unrelated
315101,agreed
72050,unrelated
142944,unrelated
129823,unrelated
13615,unrelated
264229,unrelated
287311,unrelated
276746,unrelated
120429,unrelated
4594,unrelated
121505,unrelated
161512,unrelated
124474,unrelated
9842,unrelated
125625,unrelated
4082,unrelated
101991,unrelated
255775,unrelated
273365,unrelated
307693,unrelated
299746,agreed
236192,unrelated
227217,unrelated
262179,agreed
260861,unrelated
29918,unrelated
235694,unrelated
189722,unrelated
79282,unrelated
95342,agreed
256104,unrelated
299657,unrelated
146111,agreed
35020,unrelated
238341,unrelated
290327,unrelated
69789,unrelated
252731,unrelated
27158,agreed
22401,unrelated
203410,unrelated
211280,unrelated
205028,unrelated
144423,agreed
121127,agreed
219805,unrelated
248634,unrelated
126693,unrelated
211533,unrelated
144388,agreed
25279,unrelated
21250,unrelated
276277,agreed
274284,unrelated
146275,unrelated
229664,agreed
157213,unrelated
33333,unrelated
285848,unrelated
131071,unrelated
252553,unrelated
155373,unrelated
166800,unrelated
182347,unrelated
261762,disagreed
270544,unrelated
170244,unrelated
92446,agreed
239423,unrelated
60239,unrelated
220216,unrelated
225261,unrelated
92014,unrelated
218395,unrelated
35246,agreed
220442,unrelated
229900,unrelated
91798,unrelated
54732,unrelated
237672,unrelated
223892,agreed
24802,unrelated
236359,unrelated
261987,agreed
14354,unrelated
227628,unrelated
157991,unrelated
196417,unrelated
59237,unrelated
160352,unrelated
9731,unrelated
233295,agreed
3035,unrelated
96661,unrelated
278849,unrelated
120915,unrelated
41170,unrelated
138878,unrelated
219072,unrelated
10308,unrelated
49134,agreed
65776,unrelated
23376,unrelated
22349,unrelated
211360,agreed
4191,unrelated
168007,unrelated
32717,unrelated
181773,unrelated
79861,unrelated
97837,unrelated
159542,agreed
248593,unrelated
309812,agreed
284643,agreed
310631,unrelated
153320,unrelated
241499,unrelated
82922,unrelated
77315,unrelated
294330,unrelated
217441,unrelated
20154,unrelated
227664,agreed
247970,unrelated
179795,unrelated
27635,unrelated
288663,unrelated
309440,agreed
298054,unrelated
97593,disagreed
175995,unrelated
60842,unrelated
230687,agreed
5189,unrelated
69604,unrelated
262753,unrelated
276033,unrelated
226221,agreed
241223,unrelated
244606,unrelated
103007,unrelated
56470,unrelated
73594,unrelated
109138,agreed
128092,unrelated
46104,unrelated
283425,agreed
266221,agreed
223325,disagreed
295245,unrelated
302623,unrelated
304548,unrelated
3343,unrelated
37455,unrelated
236246,agreed
301893,unrelated
245442,agreed
54192,unrelated
117348,unrelated
206180,agreed
164841,agreed
177947,agreed
269552,unrelated
236553,unrelated
56772,unrelated
98393,unrelated
34028,unrelated
48063,unrelated
313715,unrelated
245932,agreed
170454,unrelated
91738,unrelated
195077,unrelated
144513,unrelated
68983,agreed
260709,unrelated
269185,agreed
313972,unrelated
74707,agreed
73881,unrelated
176011,unrelated
3995,unrelated
167920,unrelated
81814,unrelated
149749,unrelated
306628,unrelated
99462,unrelated
100739,unrelated
285381,unrelated
284714,agreed
99896,unrelated
15543,agreed
188609,unrelated
210115,unrelated
52772,unrelated
141691,unrelated
264130,unrelated
49272,agreed
167897,unrelated
11499,unrelated
259149,unrelated
104600,unrelated
92145,unrelated
94587,unrelated
219262,unrelated
142552,unrelated
244263,agreed
16358,unrelated
189956,agreed
170132,unrelated
79708,unrelated
298000,unrelated
311990,agreed
267690,unrelated
184088,unrelated
115099,agreed
298224,unrelated
49966,unrelated
148134,agreed
183298,agreed
14562,agreed
247111,unrelated
164027,unrelated
285162,unrelated
179296,unrelated
82302,agreed
223504,disagreed
39920,unrelated
109293,unrelated
90770,agreed
15646,agreed
100854,unrelated
229289,unrelated
184478,agreed
313984,unrelated
285678,unrelated
128224,unrelated
37622,unrelated
239682,unrelated
20399,unrelated
162963,unrelated
138401,unrelated
267570,agreed
208053,unrelated
247906,unrelated
261509,unrelated
120279,agreed
25304,unrelated
58835,unrelated
27344,unrelated
278067,unrelated
76801,unrelated
304783,unrelated
132792,agreed
140274,unrelated
199934,unrelated
119126,unrelated
149052,unrelated
158806,unrelated
144868,unrelated
35113,unrelated
9032,unrelated
223321,disagreed
1251,unrelated
24675,unrelated
6654,unrelated
146435,unrelated
94208,unrelated
258308,unrelated
69814,unrelated
169309,agreed
241157,unrelated
98736,unrelated
150963,agreed
297857,unrelated
5651,unrelated
10615,unrelated
50111,unrelated
319860,unrelated
75467,unrelated
119673,agreed
302580,unrelated
145542,unrelated
122251,unrelated
284266,agreed
95413,unrelated
81922,unrelated
201425,unrelated
164067,unrelated
119345,unrelated
160407,unrelated
264315,unrelated
298236,unrelated
27528,unrelated
150623,unrelated
320686,unrelated
91193,agreed
165553,unrelated
312095,unrelated
288820,unrelated
110018,unrelated
212757,unrelated
73183,agreed
95026,unrelated
1950,unrelated
258283,unrelated
314322,unrelated
195466,unrelated
295335,unrelated
216,agreed
147682,unrelated
99535,agreed
280739,unrelated
114612,unrelated
195696,unrelated
198226,unrelated
8063,unrelated
103584,unrelated
95970,agreed
113654,unrelated
203503,disagreed
76289,agreed
245629,agreed
971,unrelated
241253,unrelated
107478,agreed
197784,unrelated
207807,agreed
310912,unrelated
244209,unrelated
139065,agreed
39554,unrelated
238771,unrelated
85642,unrelated
103837,unrelated
154484,unrelated
263968,unrelated
87411,agreed
70356,unrelated
179770,unrelated
152237,unrelated
154556,agreed
304312,unrelated
299773,unrelated
157251,unrelated
192282,unrelated
275876,agreed
54534,agreed
52696,unrelated
6672,agreed
60538,unrelated
255043,agreed
294334,unrelated
178002,agreed
18099,unrelated
262852,agreed
92714,unrelated
106999,agreed
32985,unrelated
21507,agreed
159773,unrelated
32869,unrelated
997,agreed
226614,unrelated
221958,agreed
71299,unrelated
142770,unrelated
114443,unrelated
72943,unrelated
227481,agreed
85207,unrelated
139826,unrelated
256730,agreed
313979,unrelated
160056,unrelated
33860,agreed
156223,unrelated
130915,agreed
122903,agreed
238,disagreed
183288,agreed
154693,unrelated
315817,unrelated
298267,unrelated
163190,agreed
217378,unrelated
67403,disagreed
256038,agreed
137177,unrelated
283287,unrelated
43007,agreed
183106,unrelated
88367,unrelated
259898,unrelated
140387,agreed
142111,unrelated
289205,unrelated
112325,unrelated
294312,agreed
35355,unrelated
269700,unrelated
121067,unrelated
239511,unrelated
147910,disagreed
134574,unrelated
76114,unrelated
276886,agreed
99112,unrelated
198389,agreed
60478,unrelated
9000,agreed
184531,unrelated
272194,agreed
278475,agreed
266641,agreed
223468,disagreed
134802,unrelated
38154,unrelated
249697,unrelated
143650,agreed
95461,unrelated
232665,unrelated
98000,agreed
292400,unrelated
255416,agreed
231496,unrelated
143993,unrelated
286123,agreed
147436,agreed
97481,unrelated
29646,unrelated
209691,unrelated
18778,agreed
131188,agreed
259684,unrelated
17878,unrelated
60552,unrelated
311166,unrelated
226004,agreed
191188,unrelated
103950,unrelated
97021,unrelated
279580,unrelated
133798,agreed
217129,agreed
258880,unrelated
277252,unrelated
224830,agreed
20797,agreed
150043,unrelated
214539,unrelated
137969,unrelated
14222,agreed
298701,unrelated
168319,unrelated
27267,unrelated
61393,unrelated
234702,unrelated
228227,unrelated
257942,unrelated
248438,unrelated
95789,unrelated
172131,unrelated
38224,unrelated
161626,agreed
312119,unrelated
269642,unrelated
92921,agreed
238627,unrelated
290677,unrelated
311953,unrelated
139526,unrelated
204910,agreed
210388,agreed
154432,unrelated
57613,unrelated
15108,agreed
278805,unrelated
308494,unrelated
312262,unrelated
109374,unrelated
3797,unrelated
12781,agreed
72913,unrelated
211021,unrelated
260552,unrelated
255756,unrelated
307179,unrelated
170020,unrelated
152569,unrelated
67772,unrelated
55666,agreed
22323,unrelated
245591,agreed
280682,unrelated
177559,agreed
282996,unrelated
259756,unrelated
207277,unrelated
10860,agreed
278164,unrelated
159544,agreed
248347,unrelated
311858,agreed
238655,unrelated
12682,unrelated
274165,unrelated
314819,unrelated
258715,agreed
190427,unrelated
258245,disagreed
161414,unrelated
293957,agreed
71486,unrelated
162289,agreed
223368,disagreed
32259,unrelated
49719,unrelated
58558,unrelated
25908,unrelated
304134,unrelated
265334,unrelated
311328,agreed
269165,agreed
178591,agreed
98944,unrelated
72474,unrelated
168686,unrelated
238201,unrelated
254456,unrelated
63900,unrelated
28690,unrelated
65954,unrelated
293872,unrelated
180666,unrelated
42011,agreed
35054,unrelated
143578,unrelated
116095,agreed
162142,agreed
4324,unrelated
168702,unrelated
130022,unrelated
202561,agreed
97696,agreed
264802,agreed
221377,agreed
252159,unrelated
23056,unrelated
30308,unrelated
271789,unrelated
12720,unrelated
125894,unrelated
40960,unrelated
27643,unrelated
60545,unrelated
2821,agreed
27429,unrelated
267026,unrelated
189675,unrelated
139377,unrelated
118570,unrelated
241412,unrelated
163319,unrelated
81280,unrelated
4925,agreed
270533,unrelated
318333,unrelated
227378,unrelated
236335,unrelated
40567,unrelated
108695,agreed
118394,unrelated
305559,unrelated
203453,agreed
103727,agreed
70518,agreed
123688,agreed
170332,unrelated
132582,unrelated
43416,unrelated
72594,unrelated
70187,agreed
306199,unrelated
205277,agreed
155061,unrelated
5056,unrelated
227729,unrelated
231535,unrelated
210693,agreed
291201,unrelated
158066,unrelated
208006,unrelated
54880,unrelated
43415,unrelated
279482,unrelated
318965,unrelated
141007,agreed
169151,agreed
237057,agreed
241533,unrelated
260507,unrelated
307151,unrelated
25676,unrelated
30260,unrelated
211696,unrelated
61815,agreed
49624,unrelated
112706,unrelated
86087,unrelated
224706,unrelated
63358,agreed
205485,agreed
257537,unrelated
238104,unrelated
144134,unrelated
59276,unrelated
194240,agreed
176084,unrelated
163753,unrelated
38388,agreed
191103,agreed
6794,unrelated
130635,unrelated
261652,agreed
138364,unrelated
24139,unrelated
83057,unrelated
150085,agreed
83785,unrelated
100624,unrelated
100779,disagreed
246688,unrelated
41433,unrelated
19005,unrelated
132505,agreed
236875,unrelated
304797,agreed
259891,unrelated
267019,unrelated
262432,unrelated
79753,unrelated
252593,agreed
275666,agreed
192113,agreed
150782,agreed
103154,unrelated
165887,unrelated
43514,agreed
309003,unrelated
48631,unrelated
278911,unrelated
69259,unrelated
222173,unrelated
110989,unrelated
159867,unrelated
203188,agreed
42106,agreed
102333,agreed
166662,agreed
188199,unrelated
2860,agreed
33038,unrelated
187612,unrelated
71125,unrelated
130648,unrelated
247092,unrelated
260274,unrelated
250677,unrelated
178186,unrelated
70036,unrelated
49884,unrelated
234460,agreed
158271,agreed
35153,unrelated
35589,agreed
138387,unrelated
72285,unrelated
236616,unrelated
145942,unrelated
84676,agreed
170315,unrelated
149819,unrelated
185939,unrelated
138649,unrelated
4036,unrelated
300180,unrelated
96049,unrelated
210452,unrelated
277069,unrelated
67580,unrelated
280058,unrelated
224259,unrelated
211542,unrelated
110074,unrelated
179085,unrelated
267454,agreed
106654,unrelated
255019,agreed
65893,unrelated
35634,unrelated
315488,agreed
104191,unrelated
257477,agreed
66983,unrelated
232873,agreed
85106,unrelated
317341,unrelated
72112,agreed
18543,unrelated
110477,unrelated
255778,unrelated
141249,unrelated
85332,unrelated
300119,unrelated
55163,unrelated
72056,agreed
53477,unrelated
68865,unrelated
221966,unrelated
52588,unrelated
12209,unrelated
170562,agreed
124832,agreed
109572,unrelated
66534,unrelated
62938,agreed
33391,unrelated
179813,agreed
241382,unrelated
153895,unrelated
113980,unrelated
77492,unrelated
164354,agreed
203119,agreed
97038,unrelated
263443,unrelated
149545,agreed
318187,agreed
182027,agreed
30500,unrelated
129898,unrelated
108233,agreed
28344,unrelated
897,disagreed
441,agreed
7147,unrelated
275522,agreed
168676,agreed
115249,unrelated
241078,disagreed
60351,unrelated
182801,agreed
90171,unrelated
297825,unrelated
212676,unrelated
185944,unrelated
60725,unrelated
252044,agreed
7436,unrelated
310385,unrelated
58074,unrelated
233633,unrelated
318021,agreed
172433,agreed
291888,unrelated
294908,unrelated
212977,unrelated
37107,agreed
98408,unrelated
303948,unrelated
202650,agreed
311785,unrelated
12649,unrelated
193601,agreed
226399,unrelated
297476,unrelated
299609,unrelated
293624,unrelated
71974,agreed
242207,unrelated
256775,unrelated
138,unrelated
58154,unrelated
183676,unrelated
85550,unrelated
109276,unrelated
93446,unrelated
267349,agreed
45444,unrelated
238336,unrelated
197297,unrelated
129303,unrelated
180509,unrelated
48249,agreed
312163,unrelated
158322,agreed
159640,unrelated
119245,unrelated
214812,unrelated
301875,unrelated
168246,unrelated
260689,unrelated
194934,unrelated
307299,unrelated
101775,unrelated
114132,agreed
177642,unrelated
318689,unrelated
42013,unrelated
100490,unrelated
138685,unrelated
201485,agreed
251749,agreed
170729,unrelated
12562,agreed
199859,unrelated
1317,unrelated
42713,unrelated
102003,unrelated
239790,unrelated
83080,unrelated
141490,unrelated
26479,unrelated
210506,unrelated
120126,unrelated
243725,agreed
318952,unrelated
179981,unrelated
302834,unrelated
78146,agreed
292267,unrelated
197650,agreed
238517,unrelated
133763,unrelated
134280,unrelated
312097,unrelated
268121,agreed
292264,agreed
314471,agreed
13880,unrelated
92946,unrelated
68937,agreed
74329,unrelated
146045,agreed
66025,agreed
133,unrelated
299973,unrelated
7802,agreed
119233,unrelated
230443,unrelated
83604,unrelated
242698,unrelated
147352,unrelated
137356,unrelated
223916,unrelated
24503,unrelated
143040,unrelated
37714,unrelated
168667,unrelated
248048,unrelated
303678,unrelated
140604,agreed
80080,unrelated
70947,unrelated
167584,unrelated
231514,agreed
82542,unrelated
311098,unrelated
36185,unrelated
30830,agreed
191326,unrelated
105034,unrelated
200760,unrelated
53810,unrelated
20263,unrelated
215940,unrelated
259073,agreed
62170,unrelated
51399,unrelated
106759,unrelated
36266,unrelated
170437,unrelated
89468,unrelated
120937,unrelated
215191,unrelated
128678,unrelated
223371,disagreed
152825,unrelated
283615,unrelated
129639,agreed
223896,agreed
295795,unrelated
91456,unrelated
295873,unrelated
94220,unrelated
260490,unrelated
112000,unrelated
287359,unrelated
37497,unrelated
239109,unrelated
252865,unrelated
205910,unrelated
246264,agreed
86490,agreed
182462,unrelated
254392,unrelated
93700,unrelated
132186,unrelated
122159,agreed
319225,unrelated
84954,unrelated
58209,unrelated
65864,unrelated
261520,disagreed
217806,agreed
52428,agreed
87367,unrelated
175462,unrelated
54050,unrelated
269849,agreed
107510,unrelated
34703,unrelated
273672,unrelated
319905,unrelated
96215,agreed
140626,agreed
65557,unrelated
88392,unrelated
112051,unrelated
291052,unrelated
85069,unrelated
57868,unrelated
70306,agreed
251957,unrelated
39114,unrelated
243722,agreed
20191,unrelated
68804,agreed
209423,unrelated
45354,agreed
270819,unrelated
87153,unrelated
60951,unrelated
63070,unrelated
220452,unrelated
170549,unrelated
104523,unrelated
216439,unrelated
110846,unrelated
236516,unrelated
92722,unrelated
109695,unrelated
151281,unrelated
166894,unrelated
186067,unrelated
189314,unrelated
107948,unrelated
137367,unrelated
255024,unrelated
62720,agreed
242547,unrelated
178044,unrelated
240016,agreed
67750,unrelated
132088,unrelated
173729,agreed
39568,unrelated
1176,unrelated
32582,unrelated
180623,unrelated
65878,unrelated
112823,unrelated
178171,unrelated
127229,agreed
136164,unrelated
205438,agreed
129402,unrelated
159060,agreed
152115,unrelated
263321,unrelated
82379,unrelated
233085,agreed
43905,agreed
110164,unrelated
41881,agreed
234679,unrelated
125704,agreed
97981,unrelated
171361,agreed
111109,unrelated
26672,unrelated
314301,unrelated
113771,unrelated
58134,unrelated
261637,disagreed
157626,unrelated
232238,unrelated
299888,unrelated
19308,unrelated
43775,agreed
97130,unrelated
14953,unrelated
203844,unrelated
206350,disagreed
180640,unrelated
311157,unrelated
268614,unrelated
310693,unrelated
172308,unrelated
7552,agreed
76854,unrelated
24156,unrelated
146229,agreed
222591,agreed
163224,agreed
56696,unrelated
212377,unrelated
190839,disagreed
87742,unrelated
234147,unrelated
78136,unrelated
45616,unrelated
88810,unrelated
17629,unrelated
264001,agreed
138666,unrelated
11928,agreed
289940,agreed
107456,agreed
278632,agreed
181333,unrelated
321140,unrelated
147684,unrelated
102937,unrelated
309554,unrelated
161729,unrelated
67651,agreed
228226,unrelated
146666,agreed
271314,unrelated
91132,unrelated
269066,unrelated
13867,unrelated
195490,agreed
20605,unrelated
201190,unrelated
89151,unrelated
95319,agreed
274865,unrelated
194751,unrelated
14472,unrelated
282438,unrelated
172220,agreed
117955,agreed
222654,unrelated
13098,unrelated
56182,unrelated
306795,agreed
65305,unrelated
188753,agreed
250990,agreed
2882,unrelated
200830,unrelated
237685,unrelated
128725,agreed
109247,agreed
9677,unrelated
181252,unrelated
285029,unrelated
57369,unrelated
168881,unrelated
65326,unrelated
186516,unrelated
80808,unrelated
204059,unrelated
12311,unrelated
245131,unrelated
305726,unrelated
237408,unrelated
162796,agreed
179656,agreed
93218,agreed
271525,agreed
87876,unrelated
65896,unrelated
30755,unrelated
59478,unrelated
173943,agreed
251558,agreed
113145,unrelated
17256,unrelated
57667,agreed
51211,unrelated
119793,unrelated
155304,unrelated
64400,agreed
167634,unrelated
47597,unrelated
220735,unrelated
114639,unrelated
119275,agreed
33525,unrelated
35964,unrelated
243757,agreed
289419,agreed
39128,agreed
90946,unrelated
59901,unrelated
131730,unrelated
210781,unrelated
151184,unrelated
27566,unrelated
250364,agreed
290003,unrelated
289543,unrelated
111447,unrelated
202137,unrelated
88220,unrelated
45708,agreed
279025,agreed
161122,unrelated
178671,agreed
128761,unrelated
171387,unrelated
248779,unrelated
32803,unrelated
184364,unrelated
58219,unrelated
214366,unrelated
140287,unrelated
255809,unrelated
240811,unrelated
58812,unrelated
270562,unrelated
26876,unrelated
22104,unrelated
75510,unrelated
36685,unrelated
79262,unrelated
15144,unrelated
309401,unrelated
5344,unrelated
154206,unrelated
60147,unrelated
161549,unrelated
316435,unrelated
72908,agreed
99293,unrelated
26042,unrelated
221200,unrelated
212511,unrelated
36424,unrelated
166890,unrelated
75297,unrelated
41144,agreed
266599,unrelated
70559,agreed
102179,unrelated
216612,unrelated
220326,unrelated
50615,unrelated
13647,unrelated
74127,unrelated
249159,agreed
71642,unrelated
160330,agreed
129485,unrelated
189494,unrelated
99571,unrelated
162249,agreed
174002,agreed
268943,unrelated
11999,agreed
48964,agreed
42918,unrelated
153265,unrelated
114444,unrelated
27130,agreed
288566,unrelated
69065,agreed
305916,unrelated
229909,unrelated
248237,unrelated
59964,unrelated
138968,agreed
222471,agreed
181020,agreed
134871,agreed
152521,unrelated
223185,unrelated
125036,unrelated
170603,unrelated
139202,unrelated
119644,unrelated
165417,unrelated
275964,unrelated
152787,unrelated
63689,unrelated
51046,unrelated
291147,unrelated
207615,unrelated
38757,unrelated
267733,disagreed
219160,agreed
236029,unrelated
68534,agreed
205271,unrelated
308785,unrelated
204988,agreed
293793,unrelated
216862,unrelated
4453,unrelated
283309,unrelated
241462,unrelated
102093,unrelated
62384,unrelated
254570,agreed
66727,unrelated
120,agreed
120369,unrelated
49737,agreed
30571,disagreed
135175,unrelated
297011,unrelated
264684,unrelated
278734,unrelated
54614,unrelated
262320,unrelated
263818,unrelated
298770,unrelated
311283,unrelated
31510,unrelated
5057,unrelated
169555,unrelated
123311,agreed
268661,unrelated
45620,agreed
198149,unrelated
170859,unrelated
38222,unrelated
212897,unrelated
222457,agreed
51137,agreed
45687,agreed
280676,agreed
19619,agreed
105498,unrelated
263186,unrelated
290999,agreed
142592,agreed
113927,unrelated
249973,unrelated
77240,unrelated
178073,unrelated
176975,agreed
234230,agreed
30835,agreed
37213,unrelated
216073,agreed
9520,agreed
191461,agreed
51500,agreed
99823,agreed
259323,agreed
135771,unrelated
63984,unrelated
197716,unrelated
174944,agreed
146489,unrelated
33640,agreed
211992,unrelated
149538,agreed
100802,unrelated
242019,unrelated
246087,agreed
197311,unrelated
104150,unrelated
219798,unrelated
69681,unrelated
91149,unrelated
138961,unrelated
34759,unrelated
53405,unrelated
192390,unrelated
39980,agreed
45936,unrelated
171229,unrelated
286206,agreed
117211,unrelated
263205,unrelated
155255,agreed
177844,agreed
318241,unrelated
302251,unrelated
257796,unrelated
284344,unrelated
7706,unrelated
47717,agreed
10963,unrelated
66076,unrelated
186975,unrelated
247457,unrelated
65886,unrelated
89090,unrelated
8292,unrelated
50354,unrelated
67124,unrelated
297307,unrelated
312441,agreed
276117,unrelated
56368,agreed
302372,unrelated
50533,unrelated
196633,unrelated
199597,unrelated
172281,unrelated
78462,agreed
227789,unrelated
270104,agreed
135665,unrelated
88719,unrelated
294953,unrelated
313725,unrelated
257349,unrelated
78170,agreed
200618,unrelated
249022,unrelated
214333,agreed
215676,agreed
121974,agreed
292235,unrelated
203221,agreed
244226,unrelated
67613,disagreed
146807,unrelated
57132,unrelated
94267,unrelated
288110,unrelated
142568,unrelated
17477,unrelated
54532,agreed
109316,unrelated
207187,agreed
174255,unrelated
35961,unrelated
23251,agreed
118505,unrelated
167913,unrelated
178816,disagreed
232815,unrelated
257102,agreed
2885,unrelated
233673,unrelated
218072,unrelated
70457,agreed
300457,unrelated
295952,unrelated
193361,disagreed
312682,unrelated
79531,unrelated
172023,unrelated
306319,agreed
135437,agreed
273482,unrelated
16911,agreed
239068,unrelated
211612,unrelated
232913,agreed
160288,agreed
300705,unrelated
224559,unrelated
287063,agreed
178931,unrelated
86614,unrelated
290569,unrelated
85093,unrelated
261130,unrelated
247289,agreed
122388,agreed
198019,agreed
177384,unrelated
79604,disagreed
4064,agreed
297355,unrelated
264865,unrelated
138708,unrelated
165639,unrelated
240717,unrelated
217853,unrelated
265593,agreed
47313,unrelated
263493,unrelated
222701,agreed
159425,unrelated
155127,unrelated
125225,unrelated
132131,unrelated
305843,unrelated
126629,unrelated
240319,unrelated
161262,agreed
30060,unrelated
76710,unrelated
320012,agreed
274300,unrelated
229020,unrelated
114856,disagreed
251821,unrelated
96124,agreed
208709,unrelated
123425,agreed
8001,unrelated
214954,unrelated
263277,unrelated
251112,agreed
18583,unrelated
253953,unrelated
290710,unrelated
185288,unrelated
183248,unrelated
295623,unrelated
214528,agreed
48226,agreed
18103,unrelated
52707,unrelated
206014,agreed
126034,agreed
39295,unrelated
200682,unrelated
142073,unrelated
146398,unrelated
3865,unrelated
92691,unrelated
1838,unrelated
38732,unrelated
217181,unrelated
68743,unrelated
162923,unrelated
136377,agreed
234027,agreed
19043,unrelated
260594,unrelated
72772,agreed
249926,agreed
187083,agreed
213081,unrelated
15827,unrelated
122914,agreed
49578,unrelated
158793,agreed
14240,unrelated
152758,disagreed
248703,unrelated
33812,unrelated
225071,unrelated
160378,unrelated
36395,unrelated
237720,agreed
124622,unrelated
28777,unrelated
16920,unrelated
252729,unrelated
134136,unrelated
79308,unrelated
279494,agreed
64857,unrelated
91357,agreed
157801,unrelated
26112,unrelated
142829,unrelated
246793,agreed
84646,agreed
64061,unrelated
125897,unrelated
135183,unrelated
8245,unrelated
302336,agreed
159280,unrelated
100659,unrelated
210671,unrelated
254596,unrelated
3363,unrelated
199613,unrelated
280866,unrelated
129145,agreed
237851,unrelated
274867,agreed
225660,agreed
249215,unrelated
246345,unrelated
298223,unrelated
11739,agreed
61408,unrelated
221542,agreed
296286,unrelated
162986,unrelated
64221,unrelated
124868,agreed
3526,unrelated
281763,unrelated
130474,unrelated
146173,unrelated
250903,agreed
141985,agreed
139680,unrelated
244049,agreed
224126,unrelated
57504,unrelated
102489,unrelated
181491,unrelated
176609,agreed
88634,unrelated
282730,unrelated
260630,unrelated
206881,disagreed
263706,unrelated
243354,unrelated
29790,unrelated
107945,unrelated
171523,unrelated
127978,unrelated
187504,unrelated
225284,unrelated
116585,unrelated
210848,unrelated
115464,unrelated
205779,unrelated
100816,unrelated
238436,agreed
155972,unrelated
150499,unrelated
137587,agreed
245437,unrelated
131634,unrelated
293476,agreed
78001,unrelated
293956,agreed
35391,unrelated
29633,unrelated
69919,unrelated
73155,unrelated
208861,unrelated
35340,unrelated
302236,unrelated
193416,agreed
130075,unrelated
45607,agreed
182374,agreed
250357,agreed
36608,agreed
244063,unrelated
24504,unrelated
147812,unrelated
308104,unrelated
138489,unrelated
199106,unrelated
54485,unrelated
44314,unrelated
117759,agreed
187496,unrelated
296516,unrelated
287260,unrelated
99027,unrelated
161173,agreed
129167,agreed
142340,unrelated
295751,unrelated
281386,agreed
199451,unrelated
100204,unrelated
126368,unrelated
15506,agreed
138613,unrelated
6420,unrelated
209785,unrelated
279406,unrelated
206007,agreed
240566,unrelated
69883,unrelated
99082,unrelated
202724,agreed
213346,unrelated
289860,unrelated
184153,unrelated
33701,unrelated
109536,unrelated
288114,unrelated
114345,unrelated
198468,unrelated
290832,unrelated
119591,agreed
66508,agreed
28785,agreed
171614,agreed
65113,agreed
54787,unrelated
20698,unrelated
185016,agreed
226916,agreed
132375,unrelated
159454,unrelated
222065,unrelated
109098,unrelated
163597,unrelated
5875,unrelated
214455,agreed
171680,unrelated
133635,unrelated
90728,unrelated
313834,agreed
25438,unrelated
142671,unrelated
113763,unrelated
316927,unrelated
112839,agreed
264835,agreed
205345,unrelated
245715,unrelated
47497,unrelated
214801,unrelated
271036,agreed
107434,unrelated
145027,unrelated
203344,unrelated
60410,unrelated
18852,unrelated
106181,agreed
43565,agreed
259517,unrelated
130852,unrelated
174338,unrelated
3037,unrelated
177098,agreed
115366,unrelated
12102,unrelated
84970,unrelated
209151,unrelated
69229,unrelated
23528,unrelated
245319,agreed
165241,unrelated
205731,unrelated
140181,unrelated
3412,unrelated
83313,agreed
68047,unrelated
300459,unrelated
68970,unrelated
585,unrelated
290421,unrelated
109334,unrelated
51239,unrelated
58117,unrelated
157984,unrelated
133562,unrelated
214770,unrelated
121420,unrelated
2029,unrelated
119231,unrelated
17628,unrelated
320304,unrelated
176686,unrelated
167336,unrelated
73937,unrelated
187170,unrelated
271327,agreed
65302,unrelated
195025,agreed
280054,unrelated
305905,unrelated
224820,agreed
221261,unrelated
314345,unrelated
57869,unrelated
289023,disagreed
53656,unrelated
33727,unrelated
96079,unrelated
233237,unrelated
183056,unrelated
78900,agreed
95952,unrelated
13728,unrelated
196857,unrelated
187453,unrelated
163736,unrelated
45051,agreed
58249,unrelated
216099,agreed
144823,agreed
109983,unrelated
257455,agreed
204793,unrelated
266029,agreed
230385,unrelated
182715,agreed
134171,unrelated
65927,agreed
8907,unrelated
97821,unrelated
229583,unrelated
76051,unrelated
211436,unrelated
311387,unrelated
36935,agreed
99706,disagreed
143240,agreed
20527,unrelated
24814,unrelated
179578,unrelated
274608,unrelated
246076,agreed
68795,unrelated
197581,agreed
149782,unrelated
281682,unrelated
25308,unrelated
236187,unrelated
222235,unrelated
310491,agreed
220398,unrelated
195051,agreed
169250,agreed
149377,unrelated
175174,disagreed
31191,unrelated
249238,disagreed
158315,unrelated
278991,unrelated
35022,unrelated
53320,unrelated
293974,agreed
57494,unrelated
12940,agreed
271103,agreed
25450,agreed
168976,unrelated
47763,agreed
128291,agreed
149935,unrelated
141976,agreed
276865,unrelated
300980,unrelated
237151,agreed
3481,unrelated
49783,agreed
276060,agreed
223730,agreed
79722,unrelated
156899,unrelated
133970,unrelated
294847,unrelated
84760,agreed
302544,agreed
248584,unrelated
170194,unrelated
5769,unrelated
133000,unrelated
195656,unrelated
288404,unrelated
278905,unrelated
307456,agreed
44408,unrelated
45492,unrelated
309296,unrelated
262711,unrelated
81499,unrelated
82436,unrelated
155781,agreed
2748,agreed
65702,unrelated
67635,unrelated
94863,unrelated
24462,unrelated
311238,agreed
272130,unrelated
265222,unrelated
231132,unrelated
49614,unrelated
226509,unrelated
33748,unrelated
220975,agreed
201831,agreed
75959,unrelated
149391,unrelated
93416,unrelated
320235,unrelated
13789,agreed
31330,unrelated
289566,agreed
269506,unrelated
240925,unrelated
252140,disagreed
58840,unrelated
132834,unrelated
136819,unrelated
85972,unrelated
22385,unrelated
304518,unrelated
166776,agreed
8482,unrelated
134168,unrelated
103325,agreed
273667,unrelated
284979,unrelated
148768,unrelated
15671,agreed
242100,unrelated
13719,unrelated
17260,unrelated
280415,unrelated
285376,unrelated
253255,unrelated
286605,unrelated
133724,unrelated
298598,unrelated
180747,unrelated
41663,unrelated
227946,unrelated
215101,unrelated
98525,agreed
27452,unrelated
59799,agreed
147774,unrelated
6163,unrelated
284696,unrelated
151416,unrelated
198677,unrelated
105262,disagreed
97042,unrelated
229336,unrelated
265643,unrelated
31151,unrelated
223738,agreed
150350,unrelated
170112,unrelated
3487,agreed
22935,unrelated
164949,unrelated
255952,unrelated
182876,unrelated
276124,unrelated
273536,agreed
85096,unrelated
76331,agreed
318503,unrelated
55063,unrelated
55812,unrelated
186444,unrelated
42685,unrelated
121285,unrelated
33447,unrelated
24388,agreed
294729,disagreed
225378,unrelated
36786,unrelated
93841,unrelated
172283,unrelated
53221,unrelated
246755,unrelated
175390,unrelated
87036,unrelated
111348,agreed
167593,unrelated
294222,unrelated
8443,unrelated
81584,unrelated
306857,agreed
305895,unrelated
260514,unrelated
204562,unrelated
156202,unrelated
155488,unrelated
282196,unrelated
21935,unrelated
310909,unrelated
41111,unrelated
75414,unrelated
27247,unrelated
40406,unrelated
177028,unrelated
125705,agreed
56401,unrelated
92351,agreed
309142,unrelated
310500,agreed
298961,unrelated
139783,unrelated
311621,agreed
1369,unrelated
926,unrelated
306040,agreed
90330,unrelated
291826,unrelated
112076,agreed
28841,agreed
96418,unrelated
190648,unrelated
273333,unrelated
137523,unrelated
135788,unrelated
154089,agreed
311754,unrelated
73191,agreed
317532,unrelated
272405,agreed
313596,unrelated
63798,agreed
184708,unrelated
246395,unrelated
66466,unrelated
210046,unrelated
106278,unrelated
107498,agreed
119510,unrelated
60739,unrelated
27212,unrelated
42009,agreed
181602,unrelated
250259,agreed
158468,unrelated
48704,unrelated
134634,unrelated
173462,unrelated
284185,unrelated
138603,unrelated
19044,unrelated
227301,agreed
307851,agreed
209641,unrelated
195354,unrelated
215860,unrelated
55985,unrelated
222363,unrelated
69213,unrelated
285008,unrelated
232240,unrelated
34868,unrelated
247195,unrelated
214653,unrelated
144277,agreed
3815,unrelated
92458,unrelated
280803,agreed
197949,unrelated
186352,unrelated
194972,unrelated
286484,unrelated
315991,unrelated
126285,unrelated
292871,unrelated
114193,unrelated
175489,unrelated
51749,agreed
38486,agreed
9294,agreed
131511,agreed
110231,unrelated
293280,unrelated
276360,unrelated
78245,unrelated
43408,agreed
138884,unrelated
114050,unrelated
110252,unrelated
227674,unrelated
103926,unrelated
160037,unrelated
109243,unrelated
223604,disagreed
150133,unrelated
150609,unrelated
190752,unrelated
184320,unrelated
256365,agreed
48781,unrelated
287503,unrelated
142904,unrelated
38558,agreed
202161,unrelated
10772,unrelated
39970,agreed
206192,agreed
282160,unrelated
172454,agreed
195682,unrelated
173417,agreed
271916,agreed
320501,unrelated
179602,agreed
107362,unrelated
150732,unrelated
183767,agreed
106582,unrelated
131840,unrelated
270521,unrelated
265002,unrelated
95273,agreed
197075,unrelated
134396,unrelated
320164,unrelated
99053,unrelated
185878,unrelated
156958,unrelated
151221,unrelated
186790,unrelated
112040,unrelated
198678,unrelated
123054,unrelated
124700,unrelated
94122,unrelated
8313,unrelated
271239,unrelated
73287,agreed
39373,agreed
308592,unrelated
301430,unrelated
42730,unrelated
94471,unrelated
283116,unrelated
170080,unrelated
75534,agreed
75708,agreed
303760,unrelated
135168,unrelated
224255,unrelated
232805,unrelated
88172,unrelated
62510,unrelated
108394,unrelated
96131,agreed
55276,unrelated
1986,unrelated
200661,agreed
4023,unrelated
155058,unrelated
231154,agreed
284859,unrelated
90255,agreed
188449,unrelated
104334,agreed
51016,unrelated
317039,unrelated
227451,unrelated
130062,unrelated
186635,unrelated
307826,unrelated
230119,unrelated
16937,agreed
2836,agreed
311104,unrelated
163561,unrelated
158283,unrelated
254752,agreed
294979,unrelated
112152,agreed
193059,agreed
104827,agreed
148567,unrelated
235740,agreed
264608,unrelated
75067,agreed
149316,agreed
221193,unrelated
152183,agreed
33719,unrelated
108489,unrelated
131433,agreed
5146,unrelated
13849,agreed
5319,unrelated
253658,unrelated
205487,unrelated
177533,unrelated
102191,agreed
118028,unrelated
84665,agreed
14845,agreed
227523,agreed
176499,agreed
183727,unrelated
261066,unrelated
53504,unrelated
203670,unrelated
66648,unrelated
67638,unrelated
102370,unrelated
194562,agreed
189043,unrelated
110485,unrelated
295047,unrelated
96787,agreed
234867,unrelated
214053,unrelated
319260,unrelated
123892,unrelated
230236,agreed
118167,agreed
230356,agreed
254256,unrelated
142066,unrelated
17787,agreed
158512,agreed
69533,unrelated
235960,agreed
232357,unrelated
80769,unrelated
230261,unrelated
282574,unrelated
45403,agreed
125848,unrelated
293488,agreed
49658,agreed
24545,unrelated
227944,unrelated
168398,unrelated
295418,unrelated
204823,unrelated
130069,unrelated
32543,unrelated
224942,unrelated
122160,agreed
78187,unrelated
23946,agreed
75065,agreed
157281,unrelated
317078,agreed
30168,unrelated
5810,agreed
3816,unrelated
129451,unrelated
162696,agreed
284308,unrelated
189821,unrelated
181733,agreed
209913,agreed
313365,unrelated
93685,agreed
286297,unrelated
180391,unrelated
219957,unrelated
60532,agreed
253058,unrelated
26306,unrelated
143723,agreed
33917,unrelated
97564,agreed
283120,unrelated
20635,unrelated
135907,unrelated
235674,agreed
231092,agreed
319286,unrelated
285673,unrelated
34924,unrelated
41256,unrelated
135551,unrelated
249132,agreed
56173,unrelated
212012,unrelated
221737,agreed
275140,unrelated
167875,unrelated
214776,unrelated
100397,unrelated
180766,unrelated
320331,agreed
223245,disagreed
152400,unrelated
226870,unrelated
57631,unrelated
202062,unrelated
59491,unrelated
274834,unrelated
201514,unrelated
318718,unrelated
226499,agreed
215041,unrelated
166400,agreed
209246,unrelated
118594,unrelated
88324,unrelated
96819,agreed
14628,unrelated
79079,unrelated
185387,unrelated
237154,agreed
148620,unrelated
172909,unrelated
210289,agreed
69157,unrelated
134233,agreed
151200,agreed
253533,unrelated
71422,unrelated
151980,unrelated
263623,unrelated
137607,unrelated
34029,unrelated
185326,unrelated
210868,agreed
144071,unrelated
179009,unrelated
108973,agreed
170323,unrelated
221918,agreed
66500,unrelated
317306,agreed
95660,unrelated
145640,unrelated
253668,unrelated
201971,unrelated
289936,agreed
196151,unrelated
59053,unrelated
62044,unrelated
92123,unrelated
319997,unrelated
21822,unrelated
19753,unrelated
141110,unrelated
211987,unrelated
143253,unrelated
140806,agreed
64081,unrelated
64543,unrelated
76444,unrelated
168472,agreed
242028,unrelated
55576,unrelated
58947,unrelated
256789,unrelated
284548,unrelated
198010,unrelated
157433,unrelated
198543,unrelated
247920,unrelated
184158,unrelated
48969,unrelated
266359,unrelated
9569,agreed
263438,unrelated
176937,agreed
288419,unrelated
258640,agreed
69242,unrelated
15835,unrelated
133469,agreed
72976,agreed
19345,unrelated
158933,agreed
317497,agreed
88396,agreed
14334,unrelated
103781,unrelated
108817,unrelated
228686,unrelated
283363,unrelated
290459,unrelated
189443,unrelated
187016,unrelated
159983,unrelated
212884,unrelated
259229,unrelated
233350,agreed
97961,unrelated
92443,unrelated
286485,unrelated
106330,unrelated
235710,unrelated
246016,unrelated
206570,unrelated
77339,unrelated
276947,unrelated
152856,unrelated
50931,agreed
196689,agreed
4639,unrelated
96697,unrelated
66554,unrelated
234339,agreed
255880,unrelated
53208,agreed
154030,agreed
74980,unrelated
305158,unrelated
308669,agreed
42456,agreed
208701,unrelated
266750,unrelated
282674,agreed
66176,unrelated
147146,agreed
163335,unrelated
10686,agreed
295886,unrelated
260174,unrelated
247138,unrelated
249731,unrelated
31239,agreed
201213,unrelated
311968,agreed
317560,unrelated
207765,agreed
122837,unrelated
184853,unrelated
70333,unrelated
177389,agreed
224728,agreed
42216,agreed
172906,unrelated
253592,unrelated
113311,unrelated
74844,unrelated
64492,unrelated
171154,unrelated
67275,unrelated
175786,disagreed
22457,unrelated
59425,unrelated
61602,unrelated
72196,unrelated
105721,unrelated
120151,unrelated
31660,agreed
106957,unrelated
154045,unrelated
4310,unrelated
88009,agreed
260280,unrelated
26353,agreed
18589,unrelated
195033,agreed
119353,agreed
99085,unrelated
200628,unrelated
125652,agreed
126442,unrelated
307925,unrelated
52206,unrelated
154034,unrelated
129047,unrelated
170590,unrelated
174994,agreed
261498,disagreed
286400,unrelated
231314,unrelated
139540,agreed
192322,agreed
298616,unrelated
50257,unrelated
72036,unrelated
203694,unrelated
105627,unrelated
2756,agreed
205612,agreed
285560,unrelated
192821,unrelated
159876,unrelated
112488,agreed
32308,unrelated
68768,unrelated
70909,unrelated
93583,unrelated
120045,unrelated
296046,unrelated
121799,agreed
199916,unrelated
118406,unrelated
262396,agreed
135301,agreed
300972,unrelated
215026,unrelated
239826,agreed
54745,unrelated
291784,agreed
64522,agreed
250553,unrelated
252458,unrelated
95104,unrelated
64683,agreed
245412,unrelated
229748,unrelated
298858,unrelated
214522,unrelated
87230,unrelated
180070,unrelated
58496,unrelated
60860,unrelated
200352,unrelated
156973,unrelated
41858,agreed
80827,unrelated
290493,unrelated
246235,agreed
60944,unrelated
52994,unrelated
253283,agreed
31314,unrelated
105201,unrelated
296694,unrelated
14659,unrelated
183673,unrelated
830,agreed
172119,agreed
298976,unrelated
192983,unrelated
116672,unrelated
317492,unrelated
151370,unrelated
38903,unrelated
247120,unrelated
86364,unrelated
269411,unrelated
21832,unrelated
103117,unrelated
127624,agreed
55791,agreed
275936,unrelated
231460,agreed
266744,unrelated
270988,unrelated
213710,agreed
120775,agreed
295884,unrelated
228320,disagreed
110484,unrelated
228268,unrelated
37202,agreed
229904,unrelated
98118,agreed
117523,unrelated
169714,disagreed
155151,unrelated
191937,unrelated
279512,unrelated
222945,agreed
231201,unrelated
241294,unrelated
42341,agreed
312430,agreed
61149,unrelated
127671,agreed
68559,unrelated
80470,unrelated
290336,unrelated
105801,unrelated
14647,unrelated
310427,agreed
160998,unrelated
302249,unrelated
252047,unrelated
295730,unrelated
220693,unrelated
278044,unrelated
283758,agreed
283077,unrelated
270654,unrelated
201355,unrelated
260554,unrelated
94633,unrelated
122121,unrelated
144954,agreed
155352,unrelated
164710,agreed
26759,agreed
164868,agreed
254378,unrelated
56226,unrelated
136887,unrelated
274914,unrelated
132227,unrelated
26557,unrelated
270926,unrelated
318035,unrelated
134839,agreed
118083,unrelated
302659,unrelated
281930,agreed
215473,unrelated
242083,unrelated
287783,unrelated
101389,unrelated
220041,unrelated
305833,unrelated
165067,unrelated
157440,unrelated
157736,unrelated
66445,unrelated
247575,disagreed
146464,agreed
61368,unrelated
170153,unrelated
89231,agreed
78850,unrelated
236816,unrelated
77986,agreed
50278,unrelated
237373,agreed
183930,agreed
114825,unrelated
309153,unrelated
250899,agreed
80734,unrelated
21756,unrelated
218504,agreed
42298,agreed
135179,unrelated
287646,unrelated
138132,unrelated
239822,agreed
6398,unrelated
125061,unrelated
84416,unrelated
122672,unrelated
59977,agreed
231107,agreed
149668,unrelated
73858,unrelated
184154,unrelated
231792,unrelated
49980,unrelated
252292,unrelated
277195,agreed
141032,agreed
168850,unrelated
113956,unrelated
98289,agreed
224213,unrelated
111084,agreed
130631,unrelated
57233,agreed
200273,unrelated
238675,agreed
248330,unrelated
49432,agreed
180481,unrelated
304542,unrelated
163230,unrelated
287904,unrelated
113735,unrelated
296932,unrelated
163382,unrelated
73094,unrelated
208264,unrelated
56597,agreed
280663,agreed
283789,unrelated
254464,unrelated
27318,unrelated
168004,unrelated
253878,agreed
267194,unrelated
121646,unrelated
244748,unrelated
73906,agreed
50698,unrelated
48289,agreed
164618,agreed
244368,unrelated
70184,agreed
10760,agreed
177105,unrelated
267281,agreed
201263,unrelated
237867,unrelated
61132,unrelated
250145,unrelated
66226,unrelated
111106,unrelated
243120,agreed
165116,unrelated
34919,agreed
269349,agreed
184481,agreed
103858,unrelated
285248,unrelated
311736,agreed
56391,unrelated
134208,unrelated
161124,unrelated
89299,unrelated
130141,agreed
101819,unrelated
188037,unrelated
243429,agreed
59105,unrelated
200783,unrelated
5780,unrelated
25692,unrelated
211585,unrelated
257060,unrelated
245489,unrelated
21748,unrelated
241800,agreed
4893,unrelated
44213,unrelated
45773,unrelated
112205,agreed
228314,disagreed
89866,unrelated
11610,unrelated
161209,agreed
19528,agreed
285410,unrelated
267518,agreed
36822,agreed
273124,unrelated
9490,agreed
41950,unrelated
204291,agreed
154074,unrelated
56250,unrelated
142701,agreed
141792,agreed
203962,unrelated
78132,unrelated
40253,unrelated
159945,unrelated
61015,unrelated
288696,unrelated
110253,unrelated
112682,unrelated
297681,agreed
160127,unrelated
32043,unrelated
126627,unrelated
22675,unrelated
131092,unrelated
242258,unrelated
122531,unrelated
319482,agreed
126457,unrelated
92191,agreed
113851,unrelated
13472,unrelated
296345,unrelated
212154,unrelated
146012,unrelated
83644,unrelated
197467,unrelated
206318,agreed
21164,unrelated
236015,agreed
89413,unrelated
245974,unrelated
11974,agreed
257927,unrelated
209020,unrelated
179185,agreed
271218,agreed
295857,unrelated
163560,unrelated
252097,agreed
125649,agreed
202565,agreed
33819,unrelated
82440,unrelated
305134,unrelated
312632,agreed
28113,unrelated
186944,unrelated
242447,unrelated
80288,agreed
192940,unrelated
143547,unrelated
6263,agreed
254429,unrelated
19566,agreed
105637,unrelated
305692,unrelated
47757,unrelated
188935,unrelated
247706,unrelated
219704,unrelated
4089,unrelated
251436,unrelated
38469,unrelated
181012,unrelated
175875,unrelated
57987,unrelated
155776,agreed
46617,unrelated
292188,unrelated
125147,unrelated
189305,unrelated
225190,unrelated
165803,unrelated
112464,unrelated
156770,agreed
302141,unrelated
168105,unrelated
164536,unrelated
239562,unrelated
67796,unrelated
29054,unrelated
132109,unrelated
309894,unrelated
15806,unrelated
132570,agreed
231833,unrelated
9732,unrelated
252685,unrelated
191401,unrelated
262496,unrelated
273701,agreed
190860,unrelated
212440,unrelated
182429,unrelated
213893,agreed
88205,unrelated
95934,unrelated
21363,unrelated
314829,unrelated
162154,unrelated
116122,unrelated
53356,agreed
73006,agreed
209981,agreed
137618,unrelated
78309,unrelated
106647,unrelated
12887,agreed
81915,unrelated
85062,agreed
36509,unrelated
101226,agreed
28908,unrelated
311623,agreed
261187,unrelated
307037,unrelated
311553,unrelated
223944,unrelated
296015,unrelated
294786,unrelated
306964,unrelated
198991,agreed
161437,agreed
114414,unrelated
287146,agreed
302046,unrelated
296170,unrelated
234438,agreed
202319,agreed
230163,agreed
295459,unrelated
209317,unrelated
195947,unrelated
285905,agreed
289477,unrelated
264316,agreed
180063,unrelated
88973,unrelated
206980,unrelated
279936,unrelated
260089,agreed
274710,agreed
297455,unrelated
223023,disagreed
159539,agreed
108113,agreed
47344,unrelated
81611,agreed
149773,unrelated
251485,unrelated
96023,agreed
65646,unrelated
56601,unrelated
69390,unrelated
12257,agreed
216903,unrelated
22105,agreed
163995,unrelated
32662,unrelated
31790,agreed
245795,agreed
23569,unrelated
175154,disagreed
91212,unrelated
106022,unrelated
87789,unrelated
298588,unrelated
195928,unrelated
64025,unrelated
128913,agreed
87012,unrelated
37739,unrelated
302124,agreed
145476,unrelated
221067,agreed
296860,unrelated
290256,unrelated
24509,unrelated
62966,unrelated
240027,unrelated
135695,agreed
154764,unrelated
300998,unrelated
49717,unrelated
5725,unrelated
289366,unrelated
134959,agreed
81695,unrelated
5177,disagreed
44858,unrelated
309911,agreed
158768,unrelated
310187,unrelated
39068,unrelated
278781,unrelated
205454,unrelated
271575,unrelated
169550,unrelated
8941,agreed
59871,agreed
291063,unrelated
198604,agreed
22988,unrelated
73383,agreed
320415,unrelated
270550,unrelated
157979,unrelated
56815,unrelated
254415,unrelated
200334,unrelated
6390,unrelated
160373,agreed
98727,unrelated
233094,agreed
82685,unrelated
278239,unrelated
82047,unrelated
316125,unrelated
204002,unrelated
227212,unrelated
156775,agreed
162537,unrelated
279031,unrelated
73481,unrelated
7423,unrelated
206851,unrelated
55807,agreed
1981,unrelated
48387,unrelated
84507,agreed
305326,unrelated
25083,unrelated
5191,unrelated
188555,unrelated
47624,unrelated
90317,agreed
62169,unrelated
310796,agreed
56990,unrelated
311448,unrelated
163057,unrelated
297961,unrelated
217919,unrelated
316509,unrelated
247367,unrelated
229162,agreed
76610,unrelated
191458,unrelated
122393,agreed
265316,unrelated
22298,agreed
284733,unrelated
56817,unrelated
116766,agreed
123855,unrelated
217600,unrelated
211247,unrelated
2982,unrelated
109944,unrelated
259215,unrelated
4318,unrelated
198620,unrelated
193606,agreed
55975,agreed
64710,agreed
197711,unrelated
160188,unrelated
96158,agreed
272931,unrelated
52902,unrelated
35890,unrelated
17427,agreed
201736,agreed
275616,agreed
230819,unrelated
194410,agreed
193602,agreed
301443,unrelated
7521,agreed
230413,unrelated
272895,unrelated
234598,unrelated
294925,unrelated
3768,unrelated
157793,unrelated
131213,unrelated
308607,unrelated
19097,unrelated
294043,unrelated
284956,unrelated
88713,unrelated
216831,unrelated
167461,unrelated
91278,agreed
178344,unrelated
183809,unrelated
173226,unrelated
277230,unrelated
251040,agreed
37383,unrelated
168602,unrelated
220966,unrelated
224182,unrelated
19567,agreed
276125,unrelated
187625,unrelated
308422,unrelated
146624,agreed
300915,unrelated
301220,unrelated
227822,unrelated
14399,unrelated
82565,unrelated
223309,disagreed
29903,unrelated
171712,unrelated
83180,agreed
310593,agreed
235414,unrelated
192188,agreed
293021,unrelated
250569,unrelated
249371,unrelated
172289,unrelated
135241,unrelated
298494,unrelated
79196,unrelated
119325,agreed
283774,unrelated
143444,unrelated
30805,unrelated
6635,agreed
56005,agreed
315030,disagreed
78498,unrelated
172911,unrelated
13064,agreed
197531,unrelated
152967,unrelated
321070,unrelated
102310,agreed
197877,unrelated
222705,agreed
197298,unrelated
141948,unrelated
141595,unrelated
33783,unrelated
120873,agreed
170653,unrelated
219695,unrelated
38977,unrelated
117525,unrelated
315924,unrelated
101726,unrelated
211274,disagreed
146123,unrelated
14169,agreed
88210,agreed
276703,agreed
138322,unrelated
32316,unrelated
189724,unrelated
108793,unrelated
15022,agreed
278173,unrelated
14790,unrelated
103967,unrelated
215746,unrelated
44986,agreed
52761,unrelated
311017,unrelated
316506,agreed
45702,unrelated
36405,unrelated
78908,unrelated
238277,unrelated
33741,agreed
119861,unrelated
315859,unrelated
28000,unrelated
138971,unrelated
285154,unrelated
6902,agreed
19242,unrelated
84532,agreed
152908,agreed
114614,unrelated
116154,unrelated
178505,unrelated
212425,unrelated
155286,unrelated
18447,unrelated
102045,unrelated
247997,unrelated
28514,unrelated
68018,unrelated
80928,unrelated
16708,agreed
14139,unrelated
76472,unrelated
50247,agreed
96058,unrelated
74089,agreed
250478,unrelated
148803,unrelated
280186,unrelated
107212,agreed
169702,agreed
163712,unrelated
28118,unrelated
21197,unrelated
73186,agreed
160495,agreed
163748,unrelated
201707,unrelated
209852,unrelated
199641,unrelated
254487,unrelated
98149,agreed
124042,agreed
14655,agreed
33091,unrelated
211834,unrelated
169516,unrelated
30750,unrelated
134222,agreed
93056,agreed
119627,agreed
130251,agreed
103999,agreed
173506,agreed
153712,unrelated
92864,unrelated
118776,unrelated
98810,unrelated
214908,unrelated
249996,unrelated
259909,unrelated
106712,unrelated
161168,unrelated
257898,unrelated
93482,agreed
253418,unrelated
57321,unrelated
278745,unrelated
272223,unrelated
311851,agreed
56011,agreed
23280,agreed
58992,unrelated
142220,unrelated
260443,unrelated
220451,unrelated
305028,agreed
175830,unrelated
214224,unrelated
66109,unrelated
72146,unrelated
16228,agreed
32358,unrelated
71332,agreed
28753,unrelated
248350,agreed
291108,agreed
126577,unrelated
61264,unrelated
140661,unrelated
265520,agreed
66910,disagreed
43725,unrelated
41260,unrelated
247834,unrelated
71997,unrelated
247280,unrelated
56433,unrelated
28569,unrelated
302613,unrelated
159560,unrelated
176967,unrelated
191961,unrelated
195418,unrelated
106575,unrelated
199479,unrelated
75278,unrelated
162160,agreed
140038,agreed
7889,unrelated
241330,unrelated
294899,unrelated
66114,agreed
116166,unrelated
20097,disagreed
91597,unrelated
219142,unrelated
253243,unrelated
241758,agreed
120864,unrelated
110136,unrelated
312025,unrelated
170135,unrelated
94981,unrelated
178635,unrelated
220151,agreed
82394,unrelated
137260,unrelated
134416,unrelated
162731,unrelated
300134,agreed
186649,unrelated
42924,agreed
22311,agreed
259197,unrelated
115521,unrelated
41883,agreed
128108,unrelated
120564,agreed
280863,unrelated
150217,unrelated
93449,agreed
129540,unrelated
250436,unrelated
225246,unrelated
156996,unrelated
66085,unrelated
116013,unrelated
255641,unrelated
126002,unrelated
231723,unrelated
48125,unrelated
266438,unrelated
97580,agreed
109767,unrelated
223334,agreed
210858,agreed
69802,unrelated
320367,agreed
16940,agreed
113359,agreed
98374,unrelated
1923,unrelated
294895,unrelated
127141,unrelated
312109,unrelated
274858,unrelated
254768,unrelated
10657,agreed
50732,unrelated
179716,unrelated
318985,unrelated
159382,unrelated
188455,unrelated
45261,unrelated
24588,unrelated
151294,unrelated
159553,unrelated
163546,unrelated
167554,unrelated
137985,unrelated
296670,unrelated
276893,unrelated
155123,unrelated
100469,unrelated
167342,unrelated
293356,unrelated
215383,unrelated
6391,unrelated
28975,unrelated
49979,unrelated
139676,unrelated
146455,unrelated
2900,agreed
163111,agreed
29224,unrelated
23496,unrelated
250621,unrelated
4646,unrelated
283146,unrelated
181983,unrelated
129616,unrelated
73478,unrelated
285094,agreed
60324,agreed
253287,agreed
157634,unrelated
83268,unrelated
43242,unrelated
38514,unrelated
10867,unrelated
197782,unrelated
177685,agreed
274586,unrelated
202262,unrelated
215599,disagreed
73144,disagreed
211642,unrelated
308053,agreed
7412,unrelated
310388,unrelated
304079,unrelated
40040,unrelated
137266,unrelated
43193,unrelated
22701,unrelated
173094,unrelated
69642,unrelated
288106,unrelated
110297,unrelated
47741,unrelated
106048,unrelated
184865,unrelated
166286,unrelated
198502,agreed
306728,agreed
170472,agreed
112244,unrelated
21530,unrelated
69634,unrelated
289931,agreed
49010,agreed
213566,unrelated
23044,unrelated
36754,unrelated
94167,unrelated
215673,unrelated
190806,unrelated
43732,agreed
136434,unrelated
22366,unrelated
97901,agreed
37783,unrelated
160486,agreed
228613,unrelated
231182,agreed
171497,unrelated
222884,unrelated
210044,unrelated
82327,unrelated
165458,unrelated
173030,unrelated
214874,agreed
171868,unrelated
293866,unrelated
263264,unrelated
162157,agreed
6741,unrelated
173254,agreed
27422,unrelated
312216,unrelated
296592,unrelated
5046,unrelated
4602,disagreed
203901,agreed
193054,agreed
315344,unrelated
171975,unrelated
239253,unrelated
151131,agreed
114915,agreed
242778,unrelated
173855,agreed
109382,unrelated
200719,agreed
93590,agreed
305379,agreed
134827,agreed
212485,unrelated
18628,agreed
121064,unrelated
213653,unrelated
310763,agreed
253978,unrelated
193264,unrelated
154280,unrelated
314668,unrelated
95519,unrelated
81211,unrelated
203090,agreed
202337,agreed
110860,agreed
275388,unrelated
132714,unrelated
253794,agreed
226311,unrelated
19907,unrelated
135578,agreed
231929,agreed
79659,agreed
67239,agreed
151079,unrelated
220439,unrelated
270121,agreed
296446,agreed
184607,unrelated
185681,agreed
110813,unrelated
189224,unrelated
15218,agreed
267143,agreed
250467,unrelated
262231,agreed
57194,unrelated
33840,agreed
127570,unrelated
314607,unrelated
306250,unrelated
144715,agreed
68481,unrelated
203292,unrelated
282965,unrelated
118851,unrelated
252096,unrelated
320960,unrelated
17827,unrelated
80738,agreed
196471,unrelated
61146,unrelated
307094,unrelated
318745,unrelated
261611,unrelated
217278,agreed
74949,unrelated
246951,unrelated
299838,unrelated
13803,agreed
56881,unrelated
198309,unrelated
142052,unrelated
306590,unrelated
222700,agreed
225082,agreed
185876,unrelated
124661,unrelated
301433,unrelated
270764,unrelated
109519,unrelated
133028,unrelated
269426,unrelated
271491,agreed
66328,agreed
240796,unrelated
165961,agreed
34662,unrelated
250302,unrelated
247653,unrelated
204275,unrelated
3918,unrelated
90302,unrelated
68792,unrelated
255390,unrelated
302711,unrelated
58610,unrelated
90915,agreed
15054,agreed
97297,unrelated
232673,unrelated
275542,agreed
82051,unrelated
300765,agreed
49989,unrelated
87356,agreed
159551,agreed
171608,agreed
316066,agreed
282155,disagreed
151049,agreed
86561,unrelated
111364,agreed
77824,agreed
22957,unrelated
274609,unrelated
246405,unrelated
75982,unrelated
150102,unrelated
234880,unrelated
310512,agreed
109507,unrelated
15434,agreed
308760,unrelated
6669,agreed
138212,unrelated
222690,agreed
162257,unrelated
321165,unrelated
229291,unrelated
241935,unrelated
270476,unrelated
64429,unrelated
295919,unrelated
49352,unrelated
236611,unrelated
18815,agreed
204042,agreed
128395,unrelated
121729,agreed
295315,unrelated
239673,unrelated
283384,agreed
135751,agreed
130314,unrelated
25753,unrelated
221304,unrelated
199094,unrelated
201527,unrelated
34697,unrelated
294401,unrelated
230783,unrelated
20500,agreed
194601,unrelated
104003,unrelated
140802,unrelated
171156,unrelated
143376,unrelated
280366,agreed
83653,unrelated
111242,agreed
31604,unrelated
260092,agreed
229727,unrelated
265239,unrelated
104577,unrelated
130169,agreed
309095,unrelated
282394,unrelated
29564,unrelated
160979,agreed
233692,unrelated
199242,unrelated
39801,agreed
304182,agreed
273729,agreed
270071,agreed
69841,unrelated
112641,unrelated
285360,unrelated
99546,unrelated
57046,unrelated
175073,unrelated
114730,unrelated
251199,agreed
220190,unrelated
135131,agreed
105222,unrelated
3364,unrelated
231915,unrelated
11038,unrelated
41676,unrelated
111905,agreed
83531,unrelated
175187,unrelated
280323,unrelated
130969,unrelated
58304,unrelated
105631,agreed
4020,unrelated
19508,agreed
43595,agreed
49321,unrelated
208884,unrelated
266303,unrelated
31022,unrelated
1242,unrelated
133971,agreed
166462,agreed
219157,agreed
83945,agreed
107679,unrelated
121241,unrelated
250285,unrelated
181644,disagreed
288266,unrelated
133349,agreed
193317,unrelated
5777,unrelated
203126,unrelated
129537,unrelated
176133,unrelated
238002,agreed
132306,unrelated
84982,agreed
210498,agreed
6944,unrelated
229631,unrelated
130137,unrelated
51829,unrelated
205643,unrelated
65964,unrelated
200082,unrelated
184344,unrelated
104133,unrelated
185885,agreed
102413,agreed
84058,unrelated
297851,unrelated
288309,agreed
126963,unrelated
180350,unrelated
223734,agreed
266897,agreed
225059,unrelated
239545,unrelated
220446,unrelated
57528,unrelated
104115,unrelated
203348,unrelated
182331,unrelated
101267,agreed
120371,unrelated
7306,unrelated
30699,unrelated
62501,unrelated
8796,agreed
50133,unrelated
104795,disagreed
228848,unrelated
52391,unrelated
181508,unrelated
96683,unrelated
261059,unrelated
295410,unrelated
300200,unrelated
28458,unrelated
234424,unrelated
26910,unrelated
68986,unrelated
243794,agreed
251598,unrelated
154299,unrelated
154468,unrelated
23762,agreed
87606,agreed
271957,agreed
227784,unrelated
25102,agreed
37629,unrelated
91621,unrelated
229288,unrelated
266117,unrelated
78841,unrelated
196102,unrelated
12293,agreed
74942,unrelated
257575,agreed
110237,unrelated
138964,unrelated
21459,unrelated
135950,unrelated
304295,unrelated
71417,agreed
135419,agreed
306383,unrelated
68383,unrelated
138447,unrelated
98062,unrelated
167627,unrelated
129275,unrelated
307254,unrelated
62837,unrelated
201913,unrelated
283119,unrelated
301780,agreed
177349,agreed
108004,unrelated
220026,agreed
273832,unrelated
108521,unrelated
161484,agreed
166678,unrelated
141974,agreed
305042,unrelated
67496,unrelated
279653,unrelated
175103,unrelated
304653,unrelated
199993,unrelated
212934,unrelated
9783,unrelated
299362,unrelated
245872,agreed
150927,agreed
151890,unrelated
215894,unrelated
309962,agreed
38297,unrelated
80789,unrelated
99325,unrelated
15045,agreed
283249,unrelated
151212,agreed
119580,unrelated
62646,unrelated
106527,unrelated
159593,unrelated
119424,unrelated
253781,unrelated
108484,unrelated
224810,unrelated
162075,unrelated
230173,unrelated
192179,agreed
153779,agreed
270582,unrelated
97971,agreed
30117,agreed
266878,agreed
87862,unrelated
41395,unrelated
214636,unrelated
123812,agreed
101231,agreed
321052,unrelated
79217,unrelated
165829,agreed
107891,disagreed
21302,unrelated
120872,agreed
32593,unrelated
106750,unrelated
33418,unrelated
272831,unrelated
192086,unrelated
96491,unrelated
194621,agreed
155168,unrelated
237297,unrelated
23749,unrelated
110475,unrelated
74640,unrelated
114256,unrelated
300580,unrelated
241923,agreed
25063,agreed
134916,agreed
287041,unrelated
171398,unrelated
122856,unrelated
99397,unrelated
83997,unrelated
92093,agreed
234414,agreed
137842,unrelated
246794,agreed
23476,unrelated
108196,agreed
173963,unrelated
283626,unrelated
51403,unrelated
56332,unrelated
225558,unrelated
316321,unrelated
268546,unrelated
26536,agreed
308457,unrelated
56335,unrelated
306117,unrelated
204104,unrelated
88550,unrelated
179336,agreed
102871,unrelated
191770,agreed
37085,agreed
293232,unrelated
167916,unrelated
190543,disagreed
75873,unrelated
100805,unrelated
51855,unrelated
201256,unrelated
94938,unrelated
13067,agreed
96077,agreed
86895,unrelated
216532,agreed
106342,unrelated
153627,unrelated
23661,unrelated
244099,unrelated
37247,agreed
180401,unrelated
300002,unrelated
135047,unrelated
174053,unrelated
215844,unrelated
170781,unrelated
74629,agreed
237215,unrelated
97380,unrelated
7383,unrelated
47593,unrelated
285124,unrelated
86816,unrelated
279354,unrelated
140158,unrelated
115012,unrelated
136018,unrelated
117563,unrelated
38362,unrelated
232336,agreed
6097,unrelated
304617,agreed
28394,unrelated
288214,unrelated
87711,unrelated
74672,unrelated
177962,unrelated
216248,unrelated
39853,unrelated
154706,unrelated
221871,unrelated
281455,agreed
236771,unrelated
41882,agreed
253752,unrelated
244001,unrelated
133157,unrelated
169567,unrelated
266347,unrelated
126521,unrelated
271937,unrelated
118733,agreed
296349,unrelated
286022,agreed
152049,unrelated
66048,unrelated
84950,unrelated
242101,unrelated
238982,unrelated
95994,unrelated
247329,unrelated
4355,unrelated
115416,unrelated
55241,unrelated
258271,agreed
115961,unrelated
171688,unrelated
96277,unrelated
260598,unrelated
237803,unrelated
252934,unrelated
207144,unrelated
320758,agreed
281953,agreed
595,unrelated
114189,agreed
84206,unrelated
315359,agreed
42961,agreed
188792,unrelated
213564,unrelated
281431,agreed
81185,unrelated
231301,unrelated
219418,unrelated
316905,unrelated
42921,unrelated
8241,unrelated
247357,unrelated
71298,unrelated
93834,unrelated
104020,unrelated
139338,unrelated
256191,unrelated
96695,unrelated
227872,unrelated
294081,unrelated
247959,unrelated
120159,unrelated
106236,unrelated
283500,agreed
47004,unrelated
33721,unrelated
199069,unrelated
296913,unrelated
176828,unrelated
155380,unrelated
111746,agreed
275195,agreed
80676,unrelated
292623,unrelated
140760,unrelated
188485,unrelated
134869,agreed
288582,unrelated
89681,agreed
95884,unrelated
315733,unrelated
202249,agreed
5019,agreed
24727,agreed
34066,unrelated
192999,unrelated
256305,agreed
159354,unrelated
116071,unrelated
84164,agreed
82495,unrelated
162487,agreed
9311,unrelated
23244,agreed
13536,unrelated
34834,unrelated
40178,agreed
257542,agreed
266919,unrelated
226213,agreed
220067,agreed
55900,unrelated
140550,agreed
1679,unrelated
319181,unrelated
94253,unrelated
318229,agreed
185338,unrelated
189943,agreed
219206,unrelated
998,agreed
123464,unrelated
54187,unrelated
257681,unrelated
174469,agreed
35199,agreed
314589,agreed
244649,unrelated
245035,unrelated
153868,unrelated
119361,unrelated
222692,agreed
133130,agreed
281985,agreed
164394,unrelated
150152,unrelated
266244,agreed
161121,unrelated
28029,unrelated
23305,unrelated
217662,unrelated
93769,agreed
266951,agreed
205378,unrelated
239579,unrelated
197780,unrelated
212926,unrelated
204870,unrelated
100292,unrelated
151374,unrelated
197753,unrelated
298850,unrelated
244440,unrelated
266909,agreed
85628,agreed
84795,unrelated
77268,unrelated
57589,unrelated
236946,unrelated
220800,agreed
281662,agreed
33601,unrelated
278131,agreed
285943,agreed
70148,unrelated
240573,unrelated
119818,unrelated
240364,disagreed
260859,agreed
47161,unrelated
15299,agreed
148268,unrelated
102825,unrelated
86876,agreed
84706,unrelated
251267,unrelated
40824,agreed
300538,unrelated
288192,agreed
53715,unrelated
127518,unrelated
200890,unrelated
248998,unrelated
136201,unrelated
291985,unrelated
8640,unrelated
315510,agreed
61539,agreed
277678,agreed
134696,agreed
175587,unrelated
167513,unrelated
225288,agreed
81889,unrelated
139839,agreed
310923,agreed
27666,unrelated
218040,unrelated
41734,agreed
54162,agreed
281908,unrelated
316113,unrelated
117809,unrelated
155802,agreed
7216,unrelated
112867,agreed
98041,unrelated
67944,unrelated
113938,unrelated
275314,unrelated
276547,agreed
35574,unrelated
108862,unrelated
157302,unrelated
295257,unrelated
189394,unrelated
195572,agreed
122841,unrelated
245013,agreed
291177,unrelated
229489,agreed
282801,unrelated
66417,unrelated
173508,unrelated
88337,unrelated
33064,unrelated
115671,agreed
60591,unrelated
266569,unrelated
13776,agreed
254672,unrelated
124752,agreed
191591,unrelated
94412,unrelated
112362,agreed
60583,unrelated
113074,unrelated
177010,unrelated
231589,agreed
17225,agreed
17337,agreed
216810,agreed
121488,unrelated
253759,agreed
50152,unrelated
136400,agreed
1876,unrelated
5120,unrelated
74709,agreed
258626,agreed
163339,unrelated
78656,agreed
143674,agreed
219339,unrelated
271711,unrelated
108058,agreed
165559,unrelated
113605,unrelated
248446,unrelated
72806,unrelated
288144,agreed
23229,unrelated
99074,agreed
46469,unrelated
40358,unrelated
76928,unrelated
215006,unrelated
162697,unrelated
141823,unrelated
18462,unrelated
284605,unrelated
177535,unrelated
238665,unrelated
120056,unrelated
10512,unrelated
129588,unrelated
85083,unrelated
270551,unrelated
79780,unrelated
161040,unrelated
188101,unrelated
273195,agreed
246256,unrelated
204607,disagreed
205415,agreed
132035,unrelated
263700,unrelated
304427,unrelated
24034,unrelated
151976,unrelated
38529,unrelated
68677,unrelated
33464,agreed
227882,unrelated
301181,unrelated
161018,unrelated
11646,agreed
316911,agreed
126020,agreed
66824,unrelated
250504,unrelated
206413,unrelated
15522,agreed
5776,unrelated
180050,agreed
96391,agreed
231240,agreed
235302,unrelated
102188,agreed
100903,unrelated
13373,agreed
215319,unrelated
49962,agreed
87994,unrelated
200202,unrelated
49280,unrelated
76311,unrelated
217106,unrelated
254184,agreed
182144,unrelated
86271,unrelated
232499,agreed
68905,unrelated
244234,unrelated
143562,unrelated
289250,unrelated
217218,agreed
315729,unrelated
308171,unrelated
198903,agreed
167452,agreed
64654,unrelated
54077,unrelated
128474,disagreed
195958,unrelated
91539,unrelated
282110,unrelated
280220,unrelated
277353,unrelated
247285,unrelated
44478,unrelated
289479,unrelated
70026,unrelated
2943,agreed
482,unrelated
313721,unrelated
144523,unrelated
166532,agreed
284854,agreed
237346,unrelated
300991,unrelated
57089,unrelated
255457,agreed
134880,unrelated
189162,unrelated
45933,unrelated
58886,unrelated
181817,unrelated
255455,unrelated
212487,unrelated
113721,unrelated
112346,agreed
144016,unrelated
232732,unrelated
51210,unrelated
13096,unrelated
86868,agreed
192305,unrelated
95301,unrelated
214751,unrelated
58069,unrelated
119647,agreed
282615,agreed
111850,unrelated
228238,unrelated
37165,unrelated
90144,unrelated
65331,unrelated
44008,unrelated
198434,unrelated
285501,unrelated
59384,unrelated
228922,unrelated
129128,agreed
137557,unrelated
219116,agreed
272386,unrelated
293335,unrelated
68406,agreed
256154,unrelated
23788,unrelated
172975,unrelated
41618,unrelated
144496,unrelated
182533,agreed
231153,agreed
134599,unrelated
296612,unrelated
313410,agreed
173610,unrelated
35261,unrelated
128906,agreed
167247,unrelated
217948,unrelated
201486,unrelated
84276,unrelated
202804,unrelated
269187,agreed
70268,unrelated
106618,unrelated
137412,unrelated
114090,unrelated
122296,agreed
5762,agreed
27746,agreed
66050,unrelated
298625,unrelated
56473,unrelated
260903,agreed
15230,unrelated
98902,agreed
228433,agreed
122249,unrelated
109776,unrelated
103309,unrelated
297305,unrelated
310061,agreed
154215,unrelated
253955,unrelated
308690,unrelated
182856,agreed
54655,unrelated
165246,agreed
242776,unrelated
127284,unrelated
151628,agreed
15554,agreed
245262,unrelated
14074,unrelated
93373,unrelated
291002,unrelated
223800,unrelated
175476,unrelated
104164,agreed
147831,unrelated
112123,agreed
118012,unrelated
112099,agreed
88501,agreed
199651,unrelated
337,unrelated
249785,agreed
315334,agreed
49004,agreed
296794,unrelated
290492,unrelated
263050,unrelated
278384,unrelated
18531,unrelated
42022,agreed
149176,unrelated
278429,unrelated
317204,unrelated
194061,agreed
221204,agreed
233156,unrelated
132433,unrelated
299747,agreed
18882,agreed
204833,unrelated
11302,unrelated
3154,unrelated
256808,unrelated
317135,unrelated
315409,agreed
122466,unrelated
308555,unrelated
43424,unrelated
278048,unrelated
201574,unrelated
68718,unrelated
232154,unrelated
161460,unrelated
222323,agreed
128323,unrelated
46590,disagreed
76325,unrelated
151083,agreed
137689,unrelated
189552,unrelated
18701,unrelated
294595,agreed
312345,unrelated
28824,agreed
5493,unrelated
20443,agreed
182289,unrelated
230322,unrelated
140913,unrelated
28427,unrelated
20856,unrelated
200060,agreed
31754,agreed
209248,unrelated
187596,unrelated
258305,unrelated
238473,agreed
23508,disagreed
313315,unrelated
160720,agreed
171445,unrelated
290789,unrelated
77246,agreed
203489,unrelated
209776,unrelated
122690,agreed
176822,unrelated
141960,unrelated
64865,unrelated
313389,agreed
203282,unrelated
237351,agreed
271736,unrelated
249838,unrelated
316962,unrelated
255206,unrelated
60683,unrelated
210311,agreed
256326,unrelated
224524,agreed
298995,unrelated
212586,unrelated
162901,unrelated
80471,unrelated
289795,agreed
142726,agreed
12536,unrelated
297129,unrelated
21993,unrelated
92920,agreed
51373,unrelated
147002,unrelated
162179,unrelated
291150,unrelated
317134,unrelated
14336,unrelated
261659,unrelated
7970,unrelated
321087,unrelated
243969,unrelated
45752,unrelated
14339,agreed
72212,unrelated
152833,agreed
84485,unrelated
38782,unrelated
148720,agreed
281418,unrelated
77132,unrelated
233081,unrelated
179776,unrelated
98322,unrelated
292568,agreed
282659,agreed
206937,unrelated
299804,agreed
194098,agreed
176076,unrelated
200283,agreed
48703,unrelated
282649,agreed
29146,unrelated
73756,unrelated
100576,agreed
199184,unrelated
13822,agreed
223531,disagreed
261136,unrelated
204540,unrelated
97242,unrelated
288625,unrelated
98905,agreed
225439,unrelated
248373,unrelated
232025,unrelated
195977,agreed
244930,unrelated
112623,unrelated
82569,unrelated
111601,agreed
262545,unrelated
88202,agreed
138804,agreed
270030,unrelated
132293,unrelated
311269,agreed
79934,agreed
317961,unrelated
301380,unrelated
56215,unrelated
296963,unrelated
174292,unrelated
267775,agreed
62221,unrelated
218523,agreed
301349,unrelated
242918,unrelated
28386,unrelated
18857,unrelated
14145,agreed
229393,unrelated
192931,agreed
236174,unrelated
185191,unrelated
97159,unrelated
137857,unrelated
185990,unrelated
170634,unrelated
134249,unrelated
121885,agreed
107728,unrelated
134524,unrelated
289718,unrelated
164130,unrelated
205586,unrelated
128011,unrelated
224753,unrelated
51185,agreed
265615,unrelated
119685,unrelated
268510,unrelated
219660,unrelated
266364,unrelated
211531,unrelated
79231,agreed
63621,unrelated
205169,agreed
86975,unrelated
248734,agreed
321133,unrelated
216186,agreed
297428,unrelated
293955,unrelated
269660,unrelated
225576,unrelated
231862,unrelated
169488,unrelated
196979,unrelated
91457,unrelated
81775,agreed
89841,unrelated
124902,unrelated
131353,unrelated
180928,agreed
109159,agreed
171466,unrelated
208627,agreed
181148,unrelated
172416,agreed
283130,unrelated
174668,agreed
25751,unrelated
128915,agreed
185339,unrelated
140117,agreed
98621,unrelated
155923,unrelated
296050,unrelated
144095,unrelated
263831,unrelated
19787,agreed
235827,unrelated
45524,agreed
187562,agreed
242433,unrelated
160916,unrelated
169405,agreed
138694,unrelated
42333,agreed
12541,agreed
80957,unrelated
153298,unrelated
65079,agreed
172765,unrelated
174965,unrelated
51752,agreed
32900,unrelated
527,unrelated
181771,unrelated
166669,unrelated
218014,unrelated
49503,unrelated
311367,unrelated
265748,agreed
303343,unrelated
109932,unrelated
79963,unrelated
87051,agreed
127565,unrelated
33196,unrelated
252352,agreed
137606,unrelated
216294,unrelated
213996,unrelated
67848,unrelated
35107,agreed
42491,agreed
166471,agreed
118512,unrelated
149630,unrelated
280476,unrelated
221290,unrelated
197674,agreed
312305,unrelated
304985,unrelated
233575,unrelated
268281,unrelated
64423,unrelated
36771,unrelated
166307,unrelated
130583,unrelated
204623,unrelated
261915,agreed
132574,agreed
85671,unrelated
93547,agreed
148358,unrelated
35301,unrelated
55738,agreed
313850,unrelated
313303,unrelated
99471,unrelated
53122,unrelated
245055,unrelated
315773,unrelated
191813,unrelated
157103,unrelated
191380,unrelated
163935,unrelated
262082,unrelated
113773,unrelated
84141,unrelated
218398,unrelated
194935,unrelated
80712,unrelated
272087,unrelated
242051,unrelated
13765,agreed
41029,unrelated
33623,unrelated
241320,unrelated
117613,unrelated
229754,unrelated
96590,unrelated
207152,unrelated
2816,agreed
17605,unrelated
293324,unrelated
150759,unrelated
214463,unrelated
205004,agreed
64940,agreed
20883,agreed
256897,agreed
155208,unrelated
220410,unrelated
8458,unrelated
277126,agreed
190631,agreed
103865,unrelated
46514,unrelated
133291,unrelated
162234,agreed
170434,unrelated
130047,unrelated
191877,unrelated
289476,unrelated
313549,unrelated
223473,agreed
141044,agreed
301851,agreed
49916,unrelated
197830,unrelated
226258,agreed
26992,unrelated
218634,unrelated
274540,unrelated
217107,unrelated
63895,unrelated
230582,unrelated
238991,unrelated
130454,agreed
63253,unrelated
206876,disagreed
140876,unrelated
296312,unrelated
305954,unrelated
136762,unrelated
169348,unrelated
89433,unrelated
233869,agreed
103838,unrelated
70785,agreed
301400,unrelated
56644,unrelated
11494,unrelated
220307,unrelated
308584,unrelated
303273,unrelated
297667,agreed
203686,unrelated
207902,agreed
21136,unrelated
228142,unrelated
62847,agreed
306361,agreed
259272,unrelated
200258,unrelated
217941,unrelated
46191,unrelated
259905,unrelated
237765,unrelated
122985,unrelated
110818,unrelated
82852,agreed
48506,unrelated
293814,unrelated
142483,agreed
57963,unrelated
18936,unrelated
63641,unrelated
319903,unrelated
57815,unrelated
254587,unrelated
294697,unrelated
215655,agreed
321183,unrelated
294571,unrelated
42098,unrelated
250501,unrelated
90409,agreed
35685,agreed
152154,unrelated
20391,agreed
62875,unrelated
172349,agreed
214391,unrelated
91373,agreed
74318,unrelated
261633,unrelated
233624,unrelated
194672,agreed
229888,unrelated
134766,unrelated
262245,disagreed
175101,unrelated
155661,unrelated
65386,unrelated
251596,unrelated
272529,unrelated
274880,unrelated
69652,unrelated
296777,unrelated
196398,unrelated
3615,unrelated
282813,unrelated
306277,unrelated
202299,unrelated
46800,unrelated
178982,disagreed
172564,unrelated
183064,unrelated
224127,unrelated
4439,unrelated
108999,unrelated
107581,agreed
29433,unrelated
306436,agreed
200862,unrelated
263441,unrelated
96861,unrelated
173576,unrelated
217017,unrelated
320333,agreed
310309,unrelated
179954,unrelated
75734,unrelated
42615,unrelated
63313,unrelated
4482,unrelated
146219,agreed
253606,unrelated
117710,agreed
282972,unrelated
129778,unrelated
265583,agreed
94380,unrelated
281649,unrelated
110009,unrelated
146129,unrelated
143052,unrelated
163337,unrelated
46054,unrelated
270197,unrelated
275400,unrelated
119054,unrelated
264225,unrelated
239548,unrelated
255499,unrelated
312937,agreed
49317,agreed
257229,unrelated
211135,unrelated
142684,agreed
173843,unrelated
258498,agreed
163391,unrelated
301678,unrelated
40862,agreed
1512,unrelated
97802,unrelated
9387,unrelated
17903,agreed
190079,unrelated
209883,unrelated
86743,unrelated
255245,unrelated
320483,unrelated
233481,unrelated
163215,unrelated
99933,unrelated
127935,unrelated
198667,unrelated
47073,unrelated
309313,agreed
295832,unrelated
68998,unrelated
339,unrelated
285082,unrelated
315605,agreed
130956,agreed
165561,unrelated
57862,unrelated
100166,agreed
134884,unrelated
189929,unrelated
234870,unrelated
48508,unrelated
277260,unrelated
110668,unrelated
86237,agreed
31810,unrelated
239476,unrelated
79702,unrelated
319044,unrelated
190510,unrelated
267587,agreed
152321,unrelated
246045,unrelated
158616,unrelated
285372,unrelated
194281,agreed
7509,unrelated
180877,unrelated
71822,unrelated
16499,agreed
314475,agreed
87198,unrelated
147115,unrelated
149147,unrelated
186322,unrelated
106880,unrelated
158107,unrelated
319910,unrelated
15267,unrelated
82057,unrelated
260318,unrelated
119736,unrelated
143725,agreed
269177,agreed
273196,agreed
42264,agreed
61796,agreed
271805,unrelated
250639,unrelated
159705,unrelated
159921,unrelated
43956,unrelated
248171,agreed
17888,unrelated
196175,unrelated
289722,unrelated
219205,unrelated
191013,agreed
256569,agreed
215929,unrelated
235639,agreed
267463,agreed
157664,unrelated
210631,agreed
292070,unrelated
175916,unrelated
74818,agreed
95590,unrelated
298133,agreed
25514,unrelated
278511,agreed
306347,unrelated
240714,unrelated
75408,agreed
272061,unrelated
272501,unrelated
203831,unrelated
5370,agreed
226392,unrelated
251034,agreed
173211,unrelated
55687,agreed
60419,unrelated
125765,agreed
258481,agreed
289290,unrelated
43405,unrelated
38385,agreed
26817,unrelated
134337,unrelated
314637,agreed
95670,agreed
262687,agreed
123142,agreed
68924,unrelated
64941,agreed
123275,unrelated
281228,agreed
238611,unrelated
173544,unrelated
209174,unrelated
140467,unrelated
222791,unrelated
241071,unrelated
288507,unrelated
23275,agreed
29179,unrelated
68741,unrelated
195780,unrelated
140979,agreed
255845,unrelated
307376,unrelated
264484,unrelated
125051,unrelated
316175,agreed
5751,agreed
256946,unrelated
217390,unrelated
5001,unrelated
59824,agreed
291594,unrelated
145502,unrelated
291593,unrelated
44333,unrelated
132665,agreed
137852,unrelated
152285,unrelated
299361,unrelated
305762,unrelated
79838,disagreed
8886,unrelated
270481,unrelated
269996,unrelated
213908,unrelated
121815,unrelated
17655,unrelated
280554,unrelated
66903,unrelated
307753,unrelated
218352,unrelated
17659,unrelated
126288,unrelated
235559,unrelated
161894,agreed
211460,unrelated
205708,agreed
105615,unrelated
197271,agreed
275315,unrelated
289988,unrelated
22332,unrelated
254206,unrelated
290851,unrelated
99747,agreed
179707,unrelated
175313,agreed
147091,agreed
190044,unrelated
161159,unrelated
95345,agreed
57710,unrelated
286371,agreed
270517,unrelated
79556,unrelated
288479,unrelated
208101,unrelated
22331,unrelated
51745,agreed
98854,agreed
184970,unrelated
178234,unrelated
74010,unrelated
134654,unrelated
303814,unrelated
68233,unrelated
214464,agreed
40558,unrelated
149166,unrelated
20743,agreed
213283,unrelated
152239,unrelated
137232,unrelated
137622,unrelated
66329,agreed
279848,disagreed
193403,agreed
21376,unrelated
155624,unrelated
8361,unrelated
235350,unrelated
199469,unrelated
206221,agreed
248410,unrelated
286509,unrelated
101659,agreed
63303,unrelated
110883,unrelated
314909,unrelated
143299,unrelated
63996,unrelated
126551,unrelated
221862,unrelated
28531,unrelated
88253,unrelated
109479,unrelated
241024,unrelated
127197,unrelated
1917,unrelated
232810,unrelated
106148,agreed
35413,unrelated
231980,unrelated
112856,unrelated
38822,unrelated
220586,agreed
168654,unrelated
38585,agreed
39355,agreed
208492,unrelated
283061,unrelated
316067,agreed
230310,unrelated
269568,unrelated
135664,unrelated
200555,agreed
239277,unrelated
78262,unrelated
233614,unrelated
281877,agreed
137013,unrelated
176112,agreed
231780,unrelated
133532,agreed
192018,unrelated
42943,agreed
10190,unrelated
68542,agreed
13744,agreed
274617,unrelated
221233,unrelated
292570,agreed
59153,unrelated
103854,unrelated
306731,unrelated
274430,unrelated
284942,unrelated
81491,unrelated
134346,unrelated
161203,unrelated
213919,unrelated
104539,unrelated
201020,unrelated
2700,unrelated
41643,unrelated
176287,unrelated
158509,agreed
89127,unrelated
103760,unrelated
234854,agreed
132788,unrelated
45808,unrelated
40321,unrelated
249735,unrelated
244235,unrelated
291917,unrelated
159813,agreed
251767,unrelated
234888,unrelated
138013,unrelated
142259,unrelated
197358,agreed
245064,agreed
179832,agreed
166468,unrelated
266524,unrelated
12785,unrelated
124225,unrelated
227280,agreed
247546,unrelated
91577,unrelated
14410,agreed
205712,unrelated
25223,agreed
216593,unrelated
25310,unrelated
260146,unrelated
309885,unrelated
7200,unrelated
34469,unrelated
81295,agreed
309658,unrelated
8124,unrelated
264834,agreed
300912,unrelated
264659,unrelated
152557,unrelated
13216,unrelated
30890,unrelated
85660,unrelated
38096,unrelated
101159,agreed
41361,unrelated
127512,unrelated
195462,agreed
286190,unrelated
178180,unrelated
72430,unrelated
308065,agreed
148813,unrelated
242021,unrelated
179179,agreed
213079,unrelated
245651,agreed
266778,agreed
219005,agreed
71511,unrelated
301026,unrelated
114248,unrelated
149194,unrelated
21889,agreed
308043,unrelated
217293,agreed
32273,unrelated
7273,unrelated
78652,agreed
210564,unrelated
274965,unrelated
62862,unrelated
300704,unrelated
156745,agreed
112003,unrelated
170405,unrelated
58664,disagreed
265234,unrelated
277998,disagreed
83748,unrelated
279161,unrelated
64709,agreed
131231,agreed
203953,unrelated
152683,unrelated
33293,unrelated
129564,unrelated
80658,unrelated
296924,unrelated
138365,unrelated
82762,unrelated
178114,unrelated
265205,unrelated
268205,unrelated
292509,unrelated
269740,unrelated
287403,unrelated
140678,agreed
153748,agreed
107892,unrelated
294894,unrelated
30864,unrelated
82600,unrelated
265821,unrelated
188145,agreed
136969,unrelated
120461,unrelated
124468,unrelated
13007,unrelated
97168,unrelated
157476,unrelated
182185,unrelated
79486,unrelated
226639,agreed
316504,agreed
304695,unrelated
8966,agreed
72567,unrelated
91438,unrelated
259980,unrelated
112635,unrelated
118518,unrelated
116840,unrelated
141764,unrelated
79131,unrelated
174401,unrelated
291808,unrelated
151537,unrelated
259355,unrelated
119193,unrelated
309319,agreed
194113,agreed
141222,agreed
75164,unrelated
178230,unrelated
10059,unrelated
87203,unrelated
19751,unrelated
211157,disagreed
210649,agreed
143679,unrelated
81143,unrelated
263565,unrelated
192397,unrelated
157540,unrelated
86139,unrelated
318327,unrelated
79014,agreed
304746,unrelated
36015,unrelated
182879,unrelated
159370,unrelated
302095,agreed
234204,agreed
13743,agreed
208816,agreed
27627,unrelated
111876,unrelated
292185,unrelated
313272,unrelated
294111,unrelated
246739,unrelated
256940,agreed
93193,unrelated
22703,unrelated
160211,unrelated
311780,unrelated
196426,agreed
13399,unrelated
216724,unrelated
303253,unrelated
173200,unrelated
54198,agreed
182484,agreed
103157,unrelated
222523,unrelated
234191,unrelated
306124,agreed
154568,unrelated
274210,agreed
161531,unrelated
228781,unrelated
168705,disagreed
196815,unrelated
126342,agreed
174342,unrelated
32651,unrelated
12218,unrelated
46202,unrelated
12909,agreed
195001,unrelated
104811,unrelated
256814,unrelated
297918,unrelated
279632,unrelated
143589,agreed
206770,unrelated
31115,unrelated
269515,agreed
39544,unrelated
160846,unrelated
82698,unrelated
64937,unrelated
210354,unrelated
155158,unrelated
54893,unrelated
256015,unrelated
139172,unrelated
45285,unrelated
271240,unrelated
264092,unrelated
271562,unrelated
177801,agreed
194262,unrelated
182663,unrelated
36633,unrelated
293999,agreed
220202,unrelated
160459,unrelated
54155,unrelated
171311,unrelated
91081,unrelated
195308,unrelated
213305,unrelated
154087,unrelated
265379,unrelated
303505,unrelated
10761,agreed
183159,unrelated
199041,agreed
231055,unrelated
48738,unrelated
122193,unrelated
277622,agreed
99013,unrelated
104121,unrelated
161537,agreed
112072,agreed
310843,agreed
209431,agreed
93798,unrelated
238521,unrelated
282149,disagreed
92018,unrelated
150784,agreed
136392,unrelated
264831,agreed
75131,unrelated
141560,unrelated
309829,agreed
96754,unrelated
33823,unrelated
34729,unrelated
300522,unrelated
289135,agreed
175705,unrelated
18456,unrelated
145350,unrelated
60610,unrelated
231008,agreed
44322,unrelated
3345,unrelated
63451,unrelated
90651,unrelated
65960,agreed
160263,unrelated
314684,unrelated
89570,unrelated
168837,unrelated
242043,unrelated
242066,agreed
21264,unrelated
258132,agreed
119506,unrelated
239701,unrelated
186967,unrelated
316652,unrelated
26305,unrelated
34707,unrelated
126045,unrelated
243311,unrelated
182598,unrelated
180447,unrelated
176764,unrelated
130453,agreed
259906,unrelated
62006,unrelated
187337,unrelated
33789,agreed
217819,unrelated
228006,unrelated
242812,unrelated
37166,unrelated
193532,unrelated
143398,unrelated
279321,agreed
280312,unrelated
14254,unrelated
311612,unrelated
47651,agreed
296268,unrelated
304923,unrelated
78375,unrelated
107711,agreed
104411,unrelated
85107,unrelated
91089,unrelated
67576,unrelated
180775,unrelated
82801,unrelated
100242,unrelated
81400,unrelated
10734,agreed
296100,unrelated
87890,unrelated
110797,unrelated
226530,agreed
32620,unrelated
141103,unrelated
24079,unrelated
128528,disagreed
76373,unrelated
109782,unrelated
23201,unrelated
87558,unrelated
175593,unrelated
41197,unrelated
58068,unrelated
272242,agreed
110407,unrelated
53293,unrelated
154805,unrelated
183507,unrelated
101273,unrelated
31508,agreed
68661,agreed
292325,agreed
65606,agreed
248509,unrelated
260302,agreed
232938,unrelated
242785,unrelated
75289,agreed
104848,unrelated
244390,agreed
175291,unrelated
310911,unrelated
70078,unrelated
42775,unrelated
287451,agreed
247650,unrelated
63881,unrelated
121733,unrelated
85245,unrelated
315938,unrelated
205280,unrelated
2119,agreed
210818,unrelated
130970,unrelated
124905,unrelated
120716,unrelated
115150,agreed
227181,unrelated
272918,unrelated
47625,unrelated
269520,agreed
34489,unrelated
91044,agreed
189784,unrelated
314863,unrelated
29283,unrelated
44738,unrelated
149022,unrelated
144916,unrelated
59585,agreed
37780,unrelated
31561,unrelated
292672,unrelated
228839,unrelated
262213,disagreed
49221,agreed
191132,agreed
317671,unrelated
48281,unrelated
10145,unrelated
203872,agreed
72506,unrelated
35409,agreed
158117,unrelated
137774,unrelated
250050,agreed
128369,agreed
281046,unrelated
102981,unrelated
55284,unrelated
131070,unrelated
234444,agreed
59534,unrelated
115590,unrelated
225994,unrelated
81231,unrelated
113667,unrelated
283552,unrelated
174635,unrelated
65460,unrelated
218988,unrelated
139902,agreed
175164,disagreed
272573,unrelated
18444,unrelated
87898,unrelated
53480,unrelated
154102,unrelated
139787,unrelated
266325,unrelated
305085,unrelated
40822,unrelated
185029,agreed
249139,unrelated
33810,unrelated
286350,unrelated
150536,unrelated
120897,unrelated
175323,agreed
173618,agreed
75709,unrelated
173433,unrelated
140312,unrelated
195546,agreed
318682,unrelated
229026,unrelated
197789,agreed
316964,agreed
143544,unrelated
269028,agreed
112001,unrelated
135868,unrelated
94888,unrelated
46606,unrelated
6287,agreed
195805,agreed
258302,unrelated
129156,agreed
296549,unrelated
65593,unrelated
286789,unrelated
252230,agreed
150583,unrelated
248460,unrelated
175617,unrelated
36893,unrelated
286325,unrelated
203619,unrelated
86164,unrelated
167752,unrelated
50395,unrelated
122175,unrelated
267694,agreed
103591,unrelated
173370,unrelated
221573,agreed
272166,unrelated
153866,unrelated
18808,unrelated
50538,unrelated
198526,unrelated
174085,unrelated
256150,unrelated
37143,unrelated
156079,unrelated
50524,unrelated
142125,agreed
75669,unrelated
47759,agreed
123234,unrelated
276240,unrelated
248181,unrelated
312087,unrelated
194761,unrelated
319723,unrelated
98781,agreed
259568,unrelated
307770,unrelated
8225,agreed
2455,unrelated
169592,unrelated
198569,unrelated
120572,agreed
261582,unrelated
70939,unrelated
312566,disagreed
6080,unrelated
91540,agreed
221509,agreed
135465,unrelated
284984,agreed
83795,unrelated
316879,unrelated
168408,unrelated
127032,unrelated
79037,unrelated
69252,unrelated
283263,unrelated
226261,agreed
290772,unrelated
20789,unrelated
187326,unrelated
112477,agreed
259763,agreed
50440,unrelated
151130,agreed
299201,unrelated
262235,disagreed
175699,unrelated
238643,agreed
285317,unrelated
178838,agreed
109489,unrelated
245162,unrelated
95737,unrelated
127362,unrelated
117406,unrelated
81256,unrelated
242560,unrelated
208887,disagreed
31060,unrelated
37517,unrelated
306933,unrelated
316482,agreed
108929,unrelated
151950,unrelated
95175,agreed
19253,unrelated
82822,unrelated
291153,unrelated
147701,unrelated
300711,unrelated
284684,unrelated
75790,unrelated
154524,unrelated
143889,unrelated
70972,unrelated
203746,unrelated
117583,unrelated
31685,agreed
263437,unrelated
73457,agreed
150215,unrelated
221759,agreed
79863,unrelated
298594,unrelated
133741,unrelated
52114,unrelated
132178,unrelated
262782,unrelated
129134,unrelated
170813,unrelated
178377,unrelated
287285,unrelated
104829,agreed
133313,unrelated
208956,unrelated
254330,agreed
101505,unrelated
135636,agreed
60902,unrelated
315502,agreed
265612,agreed
196941,unrelated
2942,agreed
272189,unrelated
16583,unrelated
163629,unrelated
11387,unrelated
201181,unrelated
72275,unrelated
291799,unrelated
202243,unrelated
317412,unrelated
313424,unrelated
228058,unrelated
76594,unrelated
175000,unrelated
55202,unrelated
146617,agreed
92852,agreed
241039,unrelated
97358,agreed
46792,unrelated
151060,agreed
188820,agreed
253901,unrelated
224460,agreed
18723,unrelated
13985,agreed
270297,unrelated
300802,unrelated
3440,unrelated
169466,unrelated
162432,unrelated
142667,unrelated
39164,unrelated
261805,unrelated
194896,agreed
206374,unrelated
288711,unrelated
224060,unrelated
28088,agreed
255545,unrelated
104818,unrelated
220368,agreed
77285,unrelated
115951,unrelated
312137,unrelated
200238,unrelated
309682,unrelated
215192,unrelated
76525,agreed
5424,unrelated
192327,agreed
209878,unrelated
101647,agreed
109443,unrelated
196315,agreed
102038,unrelated
386,unrelated
219877,unrelated
177805,agreed
78922,agreed
108535,unrelated
230128,unrelated
204801,agreed
245943,agreed
24766,agreed
60116,unrelated
156891,agreed
283830,agreed
197322,unrelated
31395,agreed
27149,agreed
273456,unrelated
63450,unrelated
19740,agreed
13314,unrelated
302060,unrelated
188344,unrelated
229992,unrelated
314150,agreed
294302,agreed
264462,unrelated
162713,agreed
183149,unrelated
24923,unrelated
110248,unrelated
306563,unrelated
269279,unrelated
240630,unrelated
4163,unrelated
144192,unrelated
251045,agreed
113745,unrelated
303057,unrelated
293865,unrelated
308742,unrelated
5697,unrelated
231709,unrelated
182549,unrelated
201593,unrelated
217364,unrelated
53235,unrelated
276645,unrelated
111133,unrelated
103433,unrelated
55991,agreed
46261,unrelated
257452,agreed
234507,agreed
11729,unrelated
140110,unrelated
31009,unrelated
84851,unrelated
79210,unrelated
1928,unrelated
43451,agreed
11649,agreed
121138,unrelated
276438,unrelated
109225,unrelated
185893,unrelated
143710,agreed
74325,unrelated
214368,unrelated
153391,unrelated
230390,unrelated
22984,unrelated
18755,agreed
315666,agreed
60722,unrelated
309768,unrelated
280398,agreed
282171,agreed
94437,unrelated
201492,unrelated
162168,unrelated
145618,unrelated
164044,unrelated
53408,agreed
76120,unrelated
258222,unrelated
68801,unrelated
45544,agreed
55510,unrelated
257447,unrelated
293953,unrelated
37055,agreed
80195,unrelated
257348,unrelated
282395,unrelated
159177,agreed
197796,unrelated
59091,unrelated
62008,unrelated
159712,unrelated
62539,unrelated
159866,unrelated
247502,unrelated
181711,unrelated
195049,unrelated
228186,unrelated
174751,agreed
239086,unrelated
125927,disagreed
89586,unrelated
101508,unrelated
195673,unrelated
88431,unrelated
168255,unrelated
310413,unrelated
266017,unrelated
166486,agreed
63145,unrelated
275312,agreed
174135,unrelated
105874,agreed
52094,unrelated
224773,unrelated
116396,agreed
116880,unrelated
153096,unrelated
296926,unrelated
25744,unrelated
263419,unrelated
75649,agreed
256737,unrelated
82007,unrelated
219306,unrelated
137810,agreed
201202,unrelated
51972,unrelated
280175,unrelated
15200,unrelated
121530,unrelated
315426,agreed
84594,unrelated
166513,unrelated
42443,agreed
308601,agreed
314831,agreed
296010,unrelated
215097,unrelated
79318,unrelated
4942,agreed
193580,unrelated
224842,agreed
277150,agreed
36539,unrelated
254602,unrelated
211888,unrelated
240883,unrelated
213956,unrelated
133171,agreed
202482,agreed
20467,unrelated
15611,unrelated
149533,unrelated
310897,unrelated
314354,unrelated
30827,agreed
152498,unrelated
78226,unrelated
170088,unrelated
294793,unrelated
58309,unrelated
104111,unrelated
250698,unrelated
314529,agreed
190168,unrelated
22891,unrelated
195030,agreed
224801,unrelated
317880,agreed
2280,agreed
125242,unrelated
285801,unrelated
201070,agreed
57973,unrelated
95331,unrelated
270547,unrelated
47187,unrelated
254525,unrelated
59683,unrelated
203551,agreed
302729,unrelated
133978,agreed
216140,unrelated
66741,unrelated
28068,unrelated
260771,unrelated
242529,unrelated
299193,unrelated
84088,unrelated
61086,unrelated
243997,unrelated
205596,unrelated
155191,unrelated
224099,agreed
113515,unrelated
320237,unrelated
11623,unrelated
290194,unrelated
272128,unrelated
244781,unrelated
46658,unrelated
204716,unrelated
299531,unrelated
246821,agreed
227157,agreed
299135,unrelated
270669,unrelated
157391,unrelated
69181,unrelated
73559,agreed
137853,unrelated
162108,unrelated
132784,agreed
318388,agreed
288901,unrelated
179885,agreed
68000,unrelated
98064,unrelated
76818,unrelated
274452,unrelated
218821,unrelated
209482,unrelated
219530,unrelated
236055,unrelated
187335,unrelated
253226,unrelated
4982,agreed
125021,unrelated
212259,unrelated
30856,agreed
119001,unrelated
10816,unrelated
83401,unrelated
158513,agreed
73042,unrelated
118661,unrelated
305840,unrelated
96933,unrelated
219259,unrelated
108009,agreed
288379,unrelated
38172,unrelated
102941,unrelated
98377,unrelated
148015,unrelated
152618,agreed
229398,agreed
88528,agreed
279933,unrelated
263258,unrelated
5570,unrelated
170516,unrelated
125200,unrelated
146723,agreed
285702,unrelated
28359,unrelated
130933,agreed
157492,unrelated
185932,unrelated
64649,unrelated
311128,agreed
298912,disagreed
321148,unrelated
112017,unrelated
307855,agreed
262698,agreed
75444,unrelated
308476,unrelated
71686,unrelated
207362,disagreed
38634,unrelated
157026,unrelated
1287,unrelated
198728,agreed
229342,unrelated
249910,agreed
257475,agreed
51628,agreed
7598,agreed
288440,unrelated
123850,unrelated
58432,unrelated
60844,unrelated
192611,unrelated
244881,agreed
171828,unrelated
274090,unrelated
224311,unrelated
33092,unrelated
277286,agreed
313847,unrelated
36107,unrelated
271110,agreed
54533,agreed
320740,agreed
21586,unrelated
18483,unrelated
28671,agreed
164572,unrelated
171970,unrelated
53346,unrelated
72952,unrelated
229294,unrelated
164828,unrelated
222633,agreed
70704,agreed
165603,unrelated
254522,unrelated
299128,unrelated
5091,agreed
144090,unrelated
62022,unrelated
15492,agreed
112514,unrelated
123875,unrelated
266959,unrelated
43429,unrelated
187381,unrelated
185437,unrelated
13831,agreed
280319,unrelated
55973,unrelated
279062,agreed
122999,unrelated
220540,unrelated
156835,unrelated
78593,unrelated
208246,unrelated
210726,unrelated
82472,unrelated
108108,unrelated
289216,unrelated
311615,unrelated
305879,unrelated
230903,agreed
111203,unrelated
300447,unrelated
130263,agreed
52086,unrelated
198474,agreed
195954,unrelated
175839,unrelated
63546,unrelated
265649,unrelated
11787,agreed
308705,agreed
42122,agreed
163166,unrelated
150615,unrelated
160492,agreed
147666,unrelated
17450,unrelated
305454,unrelated
123206,unrelated
22623,unrelated
194207,unrelated
314697,unrelated
232296,unrelated
15134,unrelated
168767,agreed
146197,agreed
225291,agreed
45323,unrelated
67773,unrelated
228133,unrelated
302090,agreed
52245,unrelated
135706,unrelated
19925,unrelated
178041,unrelated
238651,agreed
40913,unrelated
183856,agreed
187886,unrelated
146850,unrelated
186283,unrelated
249177,unrelated
55673,agreed
26257,unrelated
160374,agreed
96803,unrelated
309117,unrelated
307144,unrelated
168276,unrelated
271846,agreed
78393,unrelated
59944,agreed
319131,unrelated
28887,unrelated
265026,unrelated
292808,agreed
170814,unrelated
112886,unrelated
296847,unrelated
254869,agreed
124914,unrelated
214964,unrelated
31392,unrelated
165705,agreed
258664,unrelated
247821,unrelated
79080,unrelated
285856,unrelated
119821,unrelated
121801,unrelated
19144,unrelated
127658,agreed
97097,agreed
184719,unrelated
235649,unrelated
257294,unrelated
97104,unrelated
71031,unrelated
288076,agreed
224478,unrelated
249671,unrelated
40810,unrelated
183857,unrelated
45126,unrelated
271008,unrelated
250958,unrelated
169793,agreed
3911,unrelated
83399,unrelated
121356,unrelated
288019,unrelated
272453,unrelated
318764,agreed
278852,unrelated
201614,agreed
234258,unrelated
15494,agreed
36289,unrelated
289303,unrelated
311719,agreed
121918,agreed
262321,unrelated
181139,agreed
126554,unrelated
167647,unrelated
275218,unrelated
158664,unrelated
255612,unrelated
259357,unrelated
153759,agreed
70843,agreed
248247,unrelated
62865,unrelated
50157,unrelated
108501,unrelated
14967,unrelated
72335,unrelated
274075,unrelated
20410,unrelated
289549,unrelated
221651,agreed
242919,agreed
170993,unrelated
218437,agreed
99969,unrelated
55619,unrelated
118282,unrelated
174924,agreed
232813,unrelated
278219,unrelated
63239,unrelated
261631,unrelated
171141,unrelated
263220,unrelated
178247,unrelated
295604,unrelated
121188,unrelated
287572,unrelated
225805,unrelated
240125,unrelated
58169,unrelated
14152,unrelated
130840,unrelated
196549,unrelated
189799,unrelated
245895,unrelated
296950,unrelated
270290,unrelated
201145,unrelated
33313,unrelated
41482,unrelated
146078,agreed
14390,unrelated
318492,unrelated
8191,agreed
62476,unrelated
46417,unrelated
56018,unrelated
283656,unrelated
1151,unrelated
134095,unrelated
191164,unrelated
5926,unrelated
231553,unrelated
148376,unrelated
313571,agreed
158246,unrelated
49773,unrelated
201437,unrelated
117750,unrelated
138109,unrelated
1238,unrelated
255890,unrelated
17134,unrelated
199605,unrelated
37416,unrelated
37592,unrelated
21273,unrelated
262,unrelated
247717,unrelated
130298,unrelated
73085,disagreed
116213,agreed
137290,unrelated
84635,unrelated
15323,unrelated
124639,unrelated
144348,agreed
153293,unrelated
79381,unrelated
289672,unrelated
293993,unrelated
41121,unrelated
7971,agreed
257057,unrelated
233454,unrelated
297201,unrelated
91272,unrelated
2737,agreed
104764,unrelated
50474,unrelated
17205,agreed
264872,unrelated
89289,unrelated
93979,unrelated
26885,unrelated
51528,unrelated
272629,unrelated
315441,agreed
166656,agreed
110516,unrelated
92914,agreed
223124,unrelated
45042,unrelated
249651,unrelated
316405,agreed
126608,unrelated
67460,agreed
157470,unrelated
210934,unrelated
14159,unrelated
109370,unrelated
51616,unrelated
143522,unrelated
27637,unrelated
13805,agreed
292504,agreed
188349,agreed
2934,unrelated
269132,agreed
275339,unrelated
93051,agreed
38574,agreed
77843,unrelated
197818,unrelated
28146,unrelated
273511,agreed
75395,unrelated
4156,unrelated
264501,unrelated
171406,agreed
231647,agreed
195917,unrelated
199080,agreed
4489,unrelated
125207,unrelated
29560,unrelated
72756,agreed
236332,unrelated
112234,agreed
299486,unrelated
315550,agreed
204494,unrelated
117649,unrelated
170259,unrelated
189354,unrelated
179181,disagreed
54143,unrelated
100189,disagreed
68656,unrelated
209637,agreed
253950,unrelated
159941,unrelated
61825,agreed
69888,agreed
170475,agreed
292864,unrelated
32380,unrelated
18265,unrelated
123763,agreed
257769,unrelated
50324,agreed
159477,agreed
242030,unrelated
21577,unrelated
246770,agreed
158654,unrelated
320542,unrelated
225046,agreed
224211,unrelated
125093,agreed
47914,unrelated
17721,unrelated
117530,unrelated
83312,agreed
282466,unrelated
148759,agreed
24457,unrelated
210284,agreed
275047,unrelated
73757,unrelated
268384,unrelated
311976,unrelated
120213,unrelated
152468,unrelated
246128,unrelated
138486,unrelated
82014,unrelated
301460,unrelated
218518,agreed
249283,unrelated
140303,unrelated
119481,unrelated
307157,unrelated
241197,unrelated
221293,agreed
88285,unrelated
287571,unrelated
65406,unrelated
105654,unrelated
134709,unrelated
150073,agreed
140744,agreed
184488,agreed
97945,agreed
288474,unrelated
318130,agreed
287852,unrelated
37450,unrelated
215826,unrelated
192715,unrelated
126875,unrelated
272601,unrelated
8453,unrelated
3821,agreed
125148,unrelated
205121,unrelated
90954,agreed
92771,unrelated
112430,agreed
50390,unrelated
22581,unrelated
314233,agreed
103690,unrelated
75241,unrelated
37522,unrelated
266015,unrelated
168868,agreed
273619,unrelated
238338,unrelated
266780,unrelated
320204,unrelated
265576,agreed
242840,unrelated
56361,unrelated
160445,unrelated
56643,unrelated
268294,unrelated
110073,unrelated
266607,unrelated
48886,unrelated
163324,unrelated
32197,unrelated
239117,unrelated
222492,agreed
21800,agreed
9473,unrelated
246401,unrelated
226332,unrelated
171510,unrelated
119448,unrelated
56318,agreed
214381,unrelated
11882,unrelated
261658,unrelated
52051,unrelated
171262,unrelated
200669,unrelated
185992,agreed
98224,unrelated
299002,unrelated
293270,unrelated
164275,agreed
312799,agreed
37567,unrelated
272510,unrelated
86345,agreed
69499,unrelated
259834,unrelated
274322,unrelated
1500,unrelated
277957,unrelated
64600,unrelated
186791,agreed
293024,unrelated
65504,unrelated
68929,agreed
15024,agreed
280469,agreed
31997,unrelated
219916,unrelated
98085,agreed
232176,unrelated
259090,unrelated
119745,unrelated
309612,unrelated
181506,unrelated
158889,unrelated
307051,unrelated
102873,unrelated
209210,unrelated
197161,unrelated
94004,unrelated
194635,agreed
150353,unrelated
203252,agreed
285480,unrelated
88789,unrelated
231163,agreed
24563,unrelated
313875,agreed
21617,unrelated
174527,agreed
12602,unrelated
242909,unrelated
300682,unrelated
89883,unrelated
138228,unrelated
130532,agreed
301881,agreed
134214,unrelated
142057,unrelated
86925,unrelated
166481,unrelated
210397,agreed
175707,unrelated
70869,unrelated
317363,agreed
101850,unrelated
302432,unrelated
125565,unrelated
263539,unrelated
73976,agreed
41091,unrelated
117864,unrelated
104247,agreed
271740,unrelated
188847,unrelated
145730,unrelated
164780,unrelated
22343,unrelated
63372,unrelated
117381,unrelated
217714,unrelated
25939,unrelated
239201,unrelated
286372,unrelated
79644,agreed
66220,unrelated
220611,agreed
29561,unrelated
121694,unrelated
189945,agreed
33724,unrelated
302136,agreed
163669,unrelated
320014,agreed
222534,agreed
275376,unrelated
18407,unrelated
207251,unrelated
256454,agreed
42477,unrelated
64980,agreed
235259,agreed
92334,agreed
272600,unrelated
82501,unrelated
228009,agreed
62979,unrelated
36899,agreed
66267,agreed
50934,agreed
2206,unrelated
230682,unrelated
294080,unrelated
36427,unrelated
268852,unrelated
197964,agreed
302140,unrelated
156500,unrelated
313156,unrelated
200121,unrelated
83950,agreed
57387,unrelated
245080,agreed
38602,unrelated
8569,unrelated
293951,unrelated
110726,unrelated
105560,unrelated
230635,unrelated
25992,unrelated
273178,unrelated
139049,agreed
117787,unrelated
103593,unrelated
223486,disagreed
198059,agreed
232714,unrelated
276987,unrelated
267236,unrelated
129396,unrelated
226810,unrelated
157643,unrelated
244199,agreed
114453,unrelated
44823,agreed
6873,unrelated
187235,unrelated
84554,unrelated
305233,agreed
153161,unrelated
161819,unrelated
316029,agreed
183464,agreed
129445,unrelated
33902,unrelated
91094,unrelated
141655,unrelated
101926,unrelated
105921,unrelated
298671,unrelated
164862,agreed
136112,agreed
176695,unrelated
291342,unrelated
181122,agreed
135522,agreed
195055,agreed
82477,unrelated
296272,unrelated
154523,unrelated
280749,agreed
13033,unrelated
139217,agreed
116352,unrelated
119097,unrelated
35198,agreed
274143,unrelated
216087,agreed
33008,unrelated
199581,unrelated
296639,unrelated
109974,unrelated
245299,agreed
251097,agreed
29099,agreed
277713,agreed
3584,unrelated
243210,unrelated
257013,unrelated
205663,unrelated
150860,agreed
194951,unrelated
205279,unrelated
168112,unrelated
285822,unrelated
68563,unrelated
260263,agreed
28511,unrelated
100118,agreed
81461,unrelated
311142,unrelated
33609,unrelated
29458,agreed
210702,agreed
288310,agreed
173515,unrelated
308740,unrelated
266134,unrelated
200176,unrelated
18567,unrelated
56219,unrelated
17061,unrelated
305253,unrelated
215252,unrelated
302657,unrelated
46724,unrelated
51518,unrelated
36287,unrelated
172262,unrelated
182610,unrelated
1385,agreed
45538,agreed
83432,unrelated
99223,unrelated
229435,unrelated
309566,unrelated
88013,unrelated
55084,unrelated
211978,unrelated
224150,agreed
20428,unrelated
141787,unrelated
272822,unrelated
114848,unrelated
67222,agreed
3382,unrelated
194716,unrelated
25921,unrelated
95560,unrelated
46178,unrelated
84447,unrelated
185458,unrelated
69757,unrelated
261283,agreed
247983,agreed
103724,agreed
123961,unrelated
1032,agreed
138348,unrelated
28480,unrelated
232446,unrelated
33697,unrelated
61452,unrelated
46081,unrelated
269461,agreed
146295,agreed
109571,unrelated
305906,unrelated
112333,agreed
257574,unrelated
288956,unrelated
197423,agreed
23463,unrelated
47421,unrelated
157184,unrelated
185267,agreed
28959,unrelated
206844,agreed
200495,unrelated
50976,agreed
312164,unrelated
40496,unrelated
274874,agreed
204351,unrelated
70883,unrelated
308211,unrelated
228671,unrelated
152428,unrelated
26017,unrelated
191586,unrelated
42237,agreed
195236,agreed
145074,unrelated
214364,unrelated
13337,unrelated
64979,agreed
65298,unrelated
70983,unrelated
319429,unrelated
48739,unrelated
15904,unrelated
19431,unrelated
85382,agreed
266076,agreed
164088,unrelated
219420,unrelated
59343,unrelated
50637,unrelated
107119,agreed
291675,unrelated
171545,unrelated
136925,unrelated
315490,agreed
108520,unrelated
250637,unrelated
220788,unrelated
267339,unrelated
138825,unrelated
65020,agreed
211291,disagreed
50082,unrelated
153252,unrelated
181085,agreed
19468,agreed
25998,unrelated
132446,agreed
300857,unrelated
57976,unrelated
260245,unrelated
13984,unrelated
137006,unrelated
117344,unrelated
176081,unrelated
169336,agreed
60647,unrelated
228188,unrelated
103629,unrelated
209357,unrelated
152195,agreed
61420,unrelated
246507,unrelated
100577,agreed
126346,unrelated
239766,unrelated
301006,agreed
174592,agreed
93038,agreed
72113,unrelated
101637,agreed
122760,unrelated
255300,unrelated
170536,unrelated
160314,unrelated
225950,unrelated
212031,unrelated
71351,unrelated
137418,agreed
237143,unrelated
300852,unrelated
56002,agreed
314166,unrelated
311722,agreed
87794,unrelated
222303,unrelated
182211,agreed
76945,unrelated
224831,agreed
38197,unrelated
17382,unrelated
315167,agreed
34479,unrelated
253269,agreed
208290,unrelated
213524,unrelated
272121,unrelated
156604,agreed
169581,unrelated
67070,unrelated
20983,unrelated
75403,unrelated
277670,agreed
330,unrelated
93312,agreed
52789,unrelated
31478,agreed
70715,agreed
100774,unrelated
306390,unrelated
135071,agreed
259594,unrelated
164611,unrelated
245126,unrelated
53031,unrelated
254375,unrelated
293100,unrelated
230057,unrelated
96490,unrelated
101567,unrelated
174231,unrelated
111414,unrelated
237474,unrelated
171045,unrelated
64565,unrelated
104854,unrelated
206903,unrelated
231254,unrelated
320971,agreed
171949,unrelated
236812,unrelated
191529,unrelated
278365,unrelated
290588,unrelated
187277,unrelated
84767,agreed
162747,unrelated
232914,unrelated
45657,agreed
262999,unrelated
27740,agreed
164607,unrelated
167851,unrelated
290823,unrelated
231613,unrelated
117326,unrelated
20824,unrelated
123041,unrelated
53465,agreed
286237,unrelated
141997,unrelated
208430,unrelated
168951,unrelated
18615,agreed
81134,unrelated
45301,unrelated
113501,unrelated
202678,agreed
201456,unrelated
178293,agreed
273538,agreed
100489,agreed
172008,unrelated
189896,agreed
58849,unrelated
298098,unrelated
61239,unrelated
157946,agreed
320785,unrelated
289559,agreed
6160,unrelated
277326,unrelated
296822,unrelated
29157,unrelated
166004,agreed
186877,unrelated
104858,unrelated
210106,unrelated
159317,agreed
235166,unrelated
171050,unrelated
161224,agreed
258608,agreed
180291,agreed
263669,unrelated
240227,unrelated
168537,unrelated
38202,unrelated
71010,unrelated
223382,disagreed
25054,agreed
50724,unrelated
113191,agreed
234780,unrelated
206739,agreed
197402,agreed
109259,unrelated
48333,unrelated
166027,unrelated
90233,agreed
75008,agreed
79403,unrelated
237992,agreed
271423,unrelated
86480,agreed
110854,agreed
187694,unrelated
306463,unrelated
161876,unrelated
83337,unrelated
277262,unrelated
90362,unrelated
52381,agreed
260148,unrelated
159740,unrelated
85427,agreed
244225,unrelated
58300,unrelated
295518,unrelated
221961,unrelated
235616,unrelated
139132,unrelated
295164,unrelated
124381,unrelated
22985,unrelated
31097,unrelated
147346,agreed
278000,disagreed
205031,agreed
145901,unrelated
24951,unrelated
288715,unrelated
7280,unrelated
208270,unrelated
303070,unrelated
169946,disagreed
97400,agreed
11050,disagreed
17650,unrelated
279169,agreed
126129,unrelated
80444,unrelated
219952,unrelated
225282,unrelated
152761,unrelated
65598,agreed
222623,unrelated
107771,unrelated
246125,unrelated
166943,unrelated
113165,agreed
222747,unrelated
18953,agreed
202842,unrelated
201666,unrelated
266019,unrelated
203808,unrelated
261697,disagreed
152015,unrelated
300639,unrelated
250759,unrelated
192222,agreed
190242,unrelated
10775,unrelated
173161,unrelated
126350,agreed
180621,unrelated
4731,agreed
49629,unrelated
290537,unrelated
120110,unrelated
137671,agreed
115536,unrelated
269825,unrelated
119221,unrelated
250528,agreed
275132,agreed
65162,agreed
275857,unrelated
59842,unrelated
35085,unrelated
205391,unrelated
228570,unrelated
248792,unrelated
14814,unrelated
185631,unrelated
54619,unrelated
297371,unrelated
123366,unrelated
159958,unrelated
38673,unrelated
158829,agreed
69315,unrelated
27386,unrelated
270518,unrelated
109108,unrelated
83955,agreed
304367,unrelated
48324,agreed
247302,agreed
299060,unrelated
218855,unrelated
34232,agreed
48813,unrelated
120957,unrelated
206112,agreed
234375,agreed
88015,unrelated
207445,unrelated
194862,agreed
179683,agreed
9943,unrelated
186140,unrelated
80892,unrelated
279066,agreed
143809,unrelated
66578,unrelated
23124,agreed
262060,unrelated
16158,unrelated
311438,unrelated
249618,agreed
292877,unrelated
317112,agreed
89039,unrelated
294740,unrelated
36251,unrelated
156895,unrelated
127309,agreed
85307,unrelated
317416,unrelated
137803,unrelated
236232,unrelated
97643,agreed
161994,unrelated
306358,agreed
128464,unrelated
258730,agreed
82077,unrelated
192583,unrelated
247070,unrelated
167830,unrelated
21278,unrelated
319987,agreed
64476,agreed
266475,unrelated
186836,agreed
49256,agreed
224171,unrelated
152241,unrelated
235201,agreed
112877,unrelated
290080,unrelated
108815,unrelated
61982,unrelated
18271,agreed
260286,unrelated
296754,unrelated
168420,unrelated
264163,unrelated
258488,unrelated
143567,unrelated
205174,unrelated
290899,unrelated
230492,unrelated
224551,unrelated
7668,unrelated
79524,unrelated
71392,unrelated
233632,unrelated
237718,unrelated
310956,unrelated
255086,agreed
199526,unrelated
126527,unrelated
229089,unrelated
10207,agreed
302017,unrelated
206338,agreed
100525,unrelated
21216,unrelated
63993,unrelated
269441,agreed
37144,unrelated
299559,unrelated
166367,agreed
71411,unrelated
138316,unrelated
156554,unrelated
145732,unrelated
44499,unrelated
129428,unrelated
309031,unrelated
279605,agreed
68883,unrelated
47238,unrelated
176005,agreed
263670,unrelated
187030,unrelated
77314,unrelated
32509,unrelated
236818,unrelated
128741,unrelated
181327,unrelated
81576,unrelated
198624,agreed
169081,unrelated
132432,unrelated
223061,unrelated
258467,unrelated
182773,agreed
237838,agreed
290010,unrelated
201881,unrelated
94675,unrelated
180068,unrelated
15058,agreed
304849,agreed
203327,unrelated
150032,unrelated
49655,agreed
8495,unrelated
122679,unrelated
48575,agreed
39686,unrelated
89319,agreed
28600,unrelated
231066,unrelated
172946,unrelated
97581,agreed
290024,unrelated
150281,agreed
184533,agreed
248765,unrelated
179123,unrelated
87777,unrelated
259843,agreed
145451,unrelated
191507,unrelated
303241,unrelated
523,unrelated
199579,unrelated
41646,unrelated
137237,agreed
231913,agreed
280535,unrelated
4311,unrelated
246372,unrelated
25888,unrelated
105395,unrelated
46322,unrelated
249258,unrelated
155044,unrelated
123308,unrelated
63240,unrelated
201362,unrelated
41874,agreed
69664,unrelated
320360,agreed
80814,agreed
162509,agreed
283103,unrelated
295929,unrelated
244118,agreed
66952,unrelated
289112,unrelated
283793,agreed
182861,agreed
120022,unrelated
43526,unrelated
64286,unrelated
89822,agreed
36689,unrelated
47934,unrelated
272776,unrelated
24468,agreed
65061,unrelated
185856,agreed
5257,unrelated
17969,unrelated
279907,agreed
203278,unrelated
289542,unrelated
58403,unrelated
134644,unrelated
245354,agreed
89375,unrelated
153260,unrelated
111948,agreed
142484,agreed
18789,unrelated
277807,agreed
62555,agreed
224254,unrelated
18094,agreed
253477,agreed
63354,agreed
240762,unrelated
174211,unrelated
260712,unrelated
400,agreed
17808,unrelated
32300,unrelated
238939,agreed
232720,unrelated
199795,unrelated
193391,agreed
105278,unrelated
125287,unrelated
196363,agreed
280452,unrelated
72747,unrelated
242638,unrelated
206426,unrelated
57607,unrelated
233659,unrelated
266821,agreed
214069,unrelated
116597,unrelated
279752,agreed
166779,unrelated
9905,disagreed
175513,unrelated
193378,unrelated
237315,unrelated
94298,agreed
106031,unrelated
107916,unrelated
204260,unrelated
186155,agreed
21511,agreed
279487,unrelated
278803,unrelated
148210,unrelated
116633,unrelated
146999,agreed
152069,unrelated
276631,unrelated
129166,unrelated
198303,unrelated
187293,agreed
319253,unrelated
145287,agreed
254326,agreed
23133,unrelated
297654,disagreed
34619,unrelated
114837,unrelated
20828,unrelated
90736,unrelated
172718,unrelated
70523,agreed
57042,agreed
140676,unrelated
208040,agreed
58511,unrelated
89306,agreed
64526,unrelated
241221,unrelated
300350,unrelated
189536,unrelated
299246,unrelated
211131,unrelated
126498,unrelated
208014,unrelated
248060,unrelated
4243,unrelated
177088,unrelated
146367,unrelated
157882,agreed
233241,agreed
16613,agreed
219097,unrelated
243374,agreed
112130,agreed
169154,agreed
227576,unrelated
313016,unrelated
19561,unrelated
163490,agreed
125812,unrelated
6409,unrelated
276351,unrelated
85267,unrelated
161756,unrelated
151733,unrelated
114673,agreed
28858,agreed
133495,agreed
197029,unrelated
214755,unrelated
295635,unrelated
119084,unrelated
111732,agreed
261758,disagreed
131622,unrelated
279230,agreed
52637,unrelated
283219,unrelated
170677,unrelated
110509,unrelated
283954,unrelated
41851,unrelated
32855,unrelated
183751,agreed
307166,unrelated
52811,agreed
64235,unrelated
107285,agreed
174604,agreed
287881,unrelated
220381,agreed
176422,unrelated
156401,agreed
242899,unrelated
263597,unrelated
209745,unrelated
219327,unrelated
194874,agreed
49219,agreed
229505,unrelated
176758,unrelated
225115,unrelated
146406,unrelated
178358,unrelated
305787,unrelated
205360,agreed
49795,unrelated
86883,agreed
21878,agreed
262573,unrelated
113825,unrelated
16260,agreed
171075,unrelated
285872,agreed
114184,unrelated
165997,agreed
193481,unrelated
22854,unrelated
306007,unrelated
75026,unrelated
163645,unrelated
7858,agreed
102557,agreed
151708,unrelated
5846,agreed
169016,unrelated
14161,unrelated
114685,unrelated
8073,unrelated
283786,unrelated
10463,unrelated
262508,unrelated
149192,unrelated
44822,unrelated
284958,unrelated
134518,agreed
172120,unrelated
80775,agreed
280955,unrelated
235305,unrelated
103824,unrelated
225662,unrelated
48004,unrelated
48777,unrelated
149752,unrelated
217534,unrelated
245498,unrelated
26453,unrelated
217879,unrelated
317360,agreed
191830,agreed
14980,agreed
252002,unrelated
183136,unrelated
192557,unrelated
207756,agreed
54392,unrelated
169617,unrelated
17372,unrelated
297440,unrelated
61561,agreed
8328,unrelated
111036,agreed
115011,unrelated
131746,unrelated
319141,unrelated
120835,unrelated
150539,unrelated
78513,unrelated
5270,unrelated
39219,unrelated
203877,unrelated
110786,agreed
78024,unrelated
156624,agreed
177577,unrelated
92197,agreed
43051,agreed
181691,unrelated
60903,agreed
15178,unrelated
158843,agreed
289465,agreed
106703,unrelated
217786,unrelated
35372,unrelated
157173,unrelated
189251,unrelated
166045,unrelated
267568,agreed
197244,unrelated
186271,agreed
188290,agreed
167248,unrelated
241914,unrelated
165201,unrelated
300092,agreed
157018,unrelated
17498,agreed
119089,unrelated
76152,unrelated
233459,unrelated
166918,agreed
125047,unrelated
187505,unrelated
96780,unrelated
208240,unrelated
242264,unrelated
305612,agreed
314140,agreed
90359,unrelated
182032,unrelated
45242,unrelated
17571,unrelated
151574,unrelated
127574,unrelated
298298,unrelated
181238,unrelated
303157,agreed
152244,unrelated
205246,unrelated
264176,unrelated
159811,unrelated
10618,unrelated
256647,agreed
182841,agreed
266587,unrelated
149417,agreed
240103,unrelated
74986,unrelated
24631,unrelated
282393,unrelated
176075,unrelated
315820,unrelated
60255,unrelated
70900,unrelated
69922,unrelated
88910,unrelated
303406,unrelated
259600,agreed
217536,unrelated
308385,unrelated
195763,agreed
58910,unrelated
253265,agreed
7347,agreed
319463,unrelated
62653,unrelated
36598,agreed
278287,unrelated
180109,unrelated
147125,agreed
254967,unrelated
148571,unrelated
280528,unrelated
169156,unrelated
63100,unrelated
315290,agreed
121720,unrelated
25132,unrelated
280740,unrelated
264061,agreed
233076,unrelated
83307,unrelated
296767,unrelated
301417,unrelated
139036,agreed
142930,unrelated
102853,unrelated
132704,unrelated
91164,unrelated
51348,unrelated
89740,unrelated
173794,unrelated
64741,unrelated
52726,unrelated
186993,unrelated
272191,unrelated
182112,unrelated
23888,unrelated
131031,unrelated
62083,unrelated
15665,agreed
99514,unrelated
79229,unrelated
107188,unrelated
254534,agreed
244401,agreed
114952,agreed
83021,unrelated
11342,unrelated
291628,agreed
37582,unrelated
153106,unrelated
178790,unrelated
153189,unrelated
91326,agreed
203280,agreed
88896,unrelated
137728,unrelated
222680,agreed
101564,agreed
300738,unrelated
2918,unrelated
299868,unrelated
200341,agreed
277658,agreed
87962,unrelated
242933,unrelated
279307,unrelated
166511,unrelated
54869,unrelated
62268,unrelated
99714,unrelated
307133,unrelated
157421,unrelated
260650,unrelated
84370,unrelated
301447,unrelated
10490,agreed
105862,unrelated
63793,agreed
5480,unrelated
56620,unrelated
95692,unrelated
302484,unrelated
73633,unrelated
251291,agreed
142975,unrelated
279809,unrelated
174765,agreed
181427,unrelated
149196,unrelated
229179,unrelated
298489,unrelated
124970,unrelated
22951,unrelated
174808,unrelated
183794,agreed
9636,agreed
94971,unrelated
142431,unrelated
235415,unrelated
307954,unrelated
175554,unrelated
37279,agreed
174908,agreed
237848,unrelated
228643,unrelated
198049,agreed
314054,agreed
19741,unrelated
249011,unrelated
10562,agreed
270453,unrelated
89421,unrelated
30493,unrelated
286404,unrelated
248477,unrelated
228085,unrelated
131065,unrelated
258887,unrelated
143614,agreed
209272,unrelated
318630,agreed
78983,unrelated
305628,unrelated
28595,unrelated
219212,unrelated
197570,unrelated
32723,unrelated
89906,unrelated
274818,agreed
290342,unrelated
37768,unrelated
313684,unrelated
11842,unrelated
298278,unrelated
317544,unrelated
270405,unrelated
176520,unrelated
282612,unrelated
235742,unrelated
43703,unrelated
310847,agreed
77650,agreed
46860,unrelated
216201,agreed
242141,unrelated
99369,unrelated
255148,unrelated
88230,agreed
147925,disagreed
171397,unrelated
118836,unrelated
286336,unrelated
54464,unrelated
221184,agreed
278137,agreed
161088,unrelated
198922,unrelated
112163,agreed
63374,unrelated
25648,unrelated
237225,unrelated
303521,unrelated
205125,unrelated
153024,unrelated
155385,unrelated
219988,agreed
23053,unrelated
195346,agreed
207600,agreed
4695,unrelated
96804,unrelated
281322,agreed
206287,agreed
213142,unrelated
106901,unrelated
294148,unrelated
268830,unrelated
315068,agreed
169662,unrelated
8100,agreed
149506,agreed
15599,agreed
290755,unrelated
247225,disagreed
75218,agreed
270583,unrelated
132450,unrelated
29174,unrelated
74054,unrelated
10372,unrelated
299849,unrelated
111818,unrelated
25164,agreed
155499,unrelated
7058,unrelated
273191,agreed
39302,unrelated
147535,unrelated
153648,unrelated
293908,unrelated
290620,unrelated
171314,agreed
54618,unrelated
159676,unrelated
257690,agreed
270908,agreed
233962,unrelated
47966,unrelated
38272,unrelated
120983,agreed
3161,unrelated
314791,unrelated
166828,unrelated
19416,agreed
107843,unrelated
41700,unrelated
126714,agreed
77727,agreed
38314,unrelated
48342,agreed
13348,unrelated
210352,unrelated
196074,unrelated
319470,unrelated
249088,unrelated
141225,unrelated
15080,unrelated
7426,unrelated
147245,unrelated
109285,unrelated
240915,unrelated
192030,unrelated
171775,unrelated
150316,unrelated
56921,unrelated
54079,unrelated
60280,unrelated
287472,unrelated
44641,unrelated
249487,agreed
7316,unrelated
205578,unrelated
35424,unrelated
186796,unrelated
107992,agreed
312701,unrelated
26312,unrelated
24280,unrelated
230613,unrelated
289055,agreed
120830,unrelated
164172,unrelated
78251,unrelated
19164,unrelated
168417,unrelated
94860,unrelated
244666,unrelated
95190,unrelated
74262,agreed
308500,agreed
34465,agreed
33694,unrelated
278665,agreed
182837,agreed
286009,agreed
66851,unrelated
301360,unrelated
318406,agreed
71370,unrelated
214236,agreed
250660,unrelated
66544,unrelated
11143,agreed
258695,agreed
56381,unrelated
144245,unrelated
281360,agreed
215350,unrelated
122502,unrelated
63741,agreed
190172,unrelated
293854,unrelated
241789,unrelated
210627,agreed
41324,unrelated
110730,unrelated
216300,unrelated
296168,unrelated
106522,agreed
258913,unrelated
3704,agreed
314492,agreed
122868,unrelated
246783,unrelated
18439,unrelated
104723,unrelated
56396,unrelated
13873,unrelated
187900,unrelated
202996,agreed
202750,unrelated
208746,agreed
319369,unrelated
223451,disagreed
207444,unrelated
94485,unrelated
216929,unrelated
174794,unrelated
181447,unrelated
8151,agreed
83324,unrelated
217771,unrelated
93872,unrelated
100100,unrelated
149335,unrelated
295862,unrelated
105439,unrelated
308350,unrelated
254979,unrelated
233362,unrelated
79646,unrelated
46664,unrelated
274237,unrelated
138631,unrelated
116274,agreed
19734,unrelated
129420,agreed
35178,unrelated
146109,agreed
311007,unrelated
232931,unrelated
112754,agreed
147635,unrelated
83014,unrelated
148606,agreed
60460,agreed
86030,unrelated
114563,unrelated
197555,unrelated
24419,agreed
243474,agreed
211659,unrelated
208382,unrelated
143409,unrelated
301031,unrelated
113263,unrelated
194195,agreed
263721,unrelated
193111,unrelated
18021,disagreed
151413,agreed
47692,unrelated
302403,unrelated
202384,unrelated
140825,agreed
63545,agreed
247257,disagreed
228348,agreed
243303,unrelated
73093,unrelated
305315,agreed
252286,agreed
95552,unrelated
251266,unrelated
4752,agreed
254009,unrelated
193241,unrelated
53253,agreed
237131,agreed
308175,unrelated
290797,unrelated
254592,unrelated
113895,unrelated
36999,unrelated
300196,agreed
170913,unrelated
80039,unrelated
107179,unrelated
221365,agreed
44306,unrelated
176896,unrelated
46844,unrelated
293089,unrelated
299914,agreed
318618,agreed
289145,unrelated
8411,unrelated
25712,unrelated
236350,unrelated
310030,unrelated
231449,agreed
103125,unrelated
144817,unrelated
5030,agreed
43629,unrelated
137103,agreed
89336,unrelated
160291,unrelated
259707,unrelated
144565,unrelated
43768,agreed
90653,unrelated
180360,agreed
107149,unrelated
173911,agreed
249537,unrelated
140627,agreed
94483,unrelated
274739,unrelated
168219,unrelated
292727,unrelated
307804,agreed
49861,unrelated
78438,unrelated
193556,agreed
73754,unrelated
293041,unrelated
173775,agreed
9393,unrelated
262945,unrelated
267759,unrelated
4724,agreed
3537,unrelated
283433,agreed
24878,unrelated
37214,unrelated
206288,agreed
180755,unrelated
91609,agreed
207644,unrelated
26008,unrelated
675,unrelated
317319,unrelated
250556,unrelated
3309,unrelated
184808,unrelated
201657,unrelated
290383,unrelated
106357,agreed
199529,unrelated
259604,agreed
237811,unrelated
274438,unrelated
169001,agreed
44585,agreed
308369,unrelated
236303,unrelated
230432,unrelated
165846,agreed
254799,unrelated
130815,unrelated
22618,agreed
194936,unrelated
66206,unrelated
167474,agreed
69474,unrelated
100640,agreed
230513,unrelated
215707,unrelated
314358,unrelated
204346,unrelated
224410,unrelated
297380,unrelated
159959,unrelated
307309,unrelated
299854,unrelated
53673,unrelated
290278,unrelated
297995,unrelated
312948,agreed
4515,unrelated
2345,unrelated
23754,unrelated
58284,unrelated
15788,agreed
265482,unrelated
170760,unrelated
298813,agreed
19855,unrelated
234207,agreed
204056,unrelated
259315,unrelated
281923,unrelated
108254,unrelated
89293,unrelated
45363,agreed
186035,unrelated
190334,unrelated
182959,unrelated
57082,unrelated
160295,unrelated
319639,unrelated
80378,agreed
101350,unrelated
164937,agreed
271242,unrelated
261689,agreed
258214,agreed
289153,unrelated
146677,agreed
182593,unrelated
11709,unrelated
106937,agreed
90310,unrelated
296782,unrelated
163551,unrelated
289575,unrelated
125421,unrelated
276394,agreed
236322,unrelated
212924,unrelated
82299,unrelated
103320,agreed
68266,unrelated
75773,agreed
274596,unrelated
202578,unrelated
301401,unrelated
182309,unrelated
41225,unrelated
219535,unrelated
177630,agreed
235023,agreed
172129,unrelated
31236,agreed
55750,agreed
307150,unrelated
180406,unrelated
232811,unrelated
292061,disagreed
153045,unrelated
35131,unrelated
253153,unrelated
22767,unrelated
147784,unrelated
160496,agreed
270545,agreed
234423,unrelated
95977,agreed
49385,unrelated
305014,unrelated
146278,agreed
241628,unrelated
167769,unrelated
148098,unrelated
227078,agreed
184196,unrelated
234612,agreed
144497,unrelated
285414,unrelated
1794,unrelated
196256,unrelated
165491,agreed
114699,unrelated
84161,agreed
193746,unrelated
230207,unrelated
272515,unrelated
109367,unrelated
31864,unrelated
206709,unrelated
20201,unrelated
308199,agreed
265642,unrelated
738,unrelated
214477,agreed
211595,unrelated
192585,agreed
103666,unrelated
268425,unrelated
149608,unrelated
121431,disagreed
247666,agreed
158333,unrelated
251429,unrelated
94061,unrelated
265969,unrelated
245359,agreed
143161,unrelated
186150,unrelated
47584,unrelated
288036,unrelated
173888,unrelated
239000,unrelated
203738,unrelated
104014,agreed
237309,unrelated
296641,unrelated
48295,agreed
230889,unrelated
170450,unrelated
74909,unrelated
103908,unrelated
252127,unrelated
58821,unrelated
35454,agreed
222594,agreed
181190,unrelated
70080,unrelated
83465,unrelated
307440,agreed
144867,agreed
149049,unrelated
156440,unrelated
147536,unrelated
207482,unrelated
175508,unrelated
55281,unrelated
103720,unrelated
96817,agreed
85201,unrelated
239034,unrelated
235843,unrelated
18320,agreed
29072,unrelated
137082,agreed
17830,unrelated
71402,agreed
111644,agreed
99671,disagreed
239330,agreed
199542,unrelated
257142,agreed
82582,unrelated
229572,unrelated
287137,agreed
286312,unrelated
129199,unrelated
88284,unrelated
142153,agreed
9084,unrelated
45144,unrelated
94312,unrelated
198183,unrelated
198731,unrelated
110082,unrelated
171633,unrelated
221392,unrelated
181782,unrelated
177733,agreed
295775,unrelated
318528,unrelated
37320,unrelated
108339,agreed
97466,agreed
218161,agreed
159461,unrelated
305737,agreed
192204,unrelated
170954,unrelated
194088,agreed
26562,unrelated
128587,agreed
244815,agreed
145136,unrelated
33755,agreed
19280,unrelated
57884,agreed
274335,unrelated
164151,unrelated
150256,unrelated
254253,agreed
197751,unrelated
286036,agreed
127236,unrelated
117906,unrelated
146477,agreed
122671,unrelated
110910,unrelated
65214,agreed
60017,unrelated
119519,unrelated
158563,unrelated
76843,unrelated
91942,unrelated
32453,unrelated
241824,unrelated
281430,agreed
205826,unrelated
192483,agreed
262333,unrelated
117852,unrelated
16849,unrelated
51083,unrelated
273730,unrelated
245348,agreed
66237,unrelated
42416,agreed
68163,agreed
15720,unrelated
21956,unrelated
194230,agreed
226095,unrelated
104787,unrelated
26208,agreed
178365,unrelated
56238,unrelated
154636,unrelated
314615,unrelated
63703,unrelated
318036,unrelated
124966,unrelated
95667,unrelated
203919,unrelated
276887,agreed
197120,unrelated
130061,unrelated
91407,unrelated
209804,unrelated
243360,agreed
300759,unrelated
95230,unrelated
73518,unrelated
19449,unrelated
90482,unrelated
227960,unrelated
216307,unrelated
165140,unrelated
154369,unrelated
69977,unrelated
319965,unrelated
24168,unrelated
127728,unrelated
294616,unrelated
116858,unrelated
102318,agreed
271779,agreed
151495,unrelated
130762,unrelated
19739,agreed
318899,unrelated
222132,unrelated
134876,unrelated
64508,agreed
202833,unrelated
124010,unrelated
46111,unrelated
269747,unrelated
259695,unrelated
228622,unrelated
314633,unrelated
104589,unrelated
225993,unrelated
87417,agreed
293959,unrelated
180129,unrelated
258051,agreed
93681,agreed
270913,agreed
174249,unrelated
50450,unrelated
288599,unrelated
44200,unrelated
38463,unrelated
309302,agreed
225124,unrelated
285402,unrelated
64359,agreed
281641,agreed
50564,agreed
108395,unrelated
108825,unrelated
201964,unrelated
53700,unrelated
211153,disagreed
191959,unrelated
53987,unrelated
132588,unrelated
120190,unrelated
198970,unrelated
17823,unrelated
3890,agreed
141897,unrelated
222915,unrelated
180166,unrelated
77853,unrelated
9800,unrelated
201740,agreed
152001,unrelated
170202,unrelated
32278,unrelated
49780,agreed
213321,disagreed
30273,unrelated
111402,unrelated
292997,unrelated
242479,unrelated
21569,unrelated
250585,unrelated
109633,unrelated
219973,agreed
275969,unrelated
34412,unrelated
1305,unrelated
217021,unrelated
196000,unrelated
259470,agreed
159592,agreed
168252,unrelated
244433,agreed
248753,unrelated
255518,unrelated
87041,unrelated
106720,agreed
79828,unrelated
104341,unrelated
313251,unrelated
8363,unrelated
186434,unrelated
247620,disagreed
191522,unrelated
25612,unrelated
153279,unrelated
101815,unrelated
158358,unrelated
6737,unrelated
187128,unrelated
303350,agreed
152755,unrelated
34944,unrelated
139196,agreed
49094,agreed
287184,agreed
235418,unrelated
193736,unrelated
231112,agreed
162301,unrelated
314828,unrelated
271089,unrelated
226869,unrelated
45795,unrelated
82339,unrelated
55591,agreed
55800,agreed
23697,unrelated
318864,agreed
104746,unrelated
152345,unrelated
161002,unrelated
152956,unrelated
125318,unrelated
205943,agreed
112340,unrelated
280840,unrelated
21327,unrelated
130521,unrelated
91603,unrelated
23089,unrelated
235695,unrelated
102581,unrelated
181791,unrelated
122965,unrelated
92353,agreed
301037,unrelated
168277,unrelated
144087,disagreed
211286,disagreed
138896,unrelated
111024,agreed
319705,unrelated
257438,agreed
181119,unrelated
127260,unrelated
115465,unrelated
19269,unrelated
263017,unrelated
1336,unrelated
283039,unrelated
117090,unrelated
273570,agreed
218797,agreed
159273,unrelated
280375,agreed
84780,agreed
958,unrelated
295339,unrelated
137193,unrelated
157270,unrelated
316380,agreed
173241,agreed
21022,unrelated
161033,unrelated
303501,unrelated
172442,unrelated
144806,unrelated
277842,unrelated
114160,unrelated
282977,unrelated
43663,unrelated
64160,disagreed
284023,unrelated
140308,unrelated
214327,unrelated
204006,unrelated
90143,unrelated
302984,unrelated
124892,unrelated
161348,agreed
98738,unrelated
223449,disagreed
63323,unrelated
274952,unrelated
42314,unrelated
132850,agreed
143155,agreed
44761,unrelated
101080,unrelated
252851,unrelated
139093,unrelated
10616,agreed
178035,unrelated
225331,unrelated
23416,unrelated
124707,unrelated
292205,unrelated
85569,unrelated
266636,agreed
75328,unrelated
170375,unrelated
78650,unrelated
306537,unrelated
60671,unrelated
317768,agreed
46741,unrelated
74450,unrelated
248978,unrelated
132275,agreed
174682,agreed
283399,agreed
92312,agreed
77271,unrelated
249449,unrelated
176191,agreed
98524,agreed
220813,unrelated
82798,agreed
111525,unrelated
188287,agreed
277727,agreed
188990,agreed
167397,unrelated
218037,unrelated
177483,agreed
135755,unrelated
320875,unrelated
151614,unrelated
250009,unrelated
233084,agreed
117287,unrelated
203118,agreed
27945,unrelated
130610,unrelated
289801,unrelated
154876,agreed
128424,disagreed
17747,unrelated
199095,unrelated
279498,unrelated
316,agreed
6522,unrelated
137032,unrelated
101498,unrelated
282428,unrelated
287115,unrelated
39225,unrelated
41308,agreed
304142,unrelated
30762,unrelated
6932,unrelated
198420,unrelated
246124,unrelated
185101,agreed
277268,agreed
236975,unrelated
180370,unrelated
110712,unrelated
262302,unrelated
276398,unrelated
1096,agreed
256532,unrelated
260504,unrelated
51359,agreed
230758,unrelated
1344,unrelated
55971,unrelated
110209,unrelated
271396,unrelated
28856,agreed
197777,unrelated
297927,unrelated
23119,unrelated
252003,unrelated
50808,unrelated
265933,unrelated
111254,unrelated
201966,unrelated
37379,unrelated
61369,unrelated
125581,unrelated
211917,unrelated
293739,disagreed
180164,unrelated
22453,unrelated
104175,agreed
46872,unrelated
130308,unrelated
278663,agreed
3304,unrelated
174459,unrelated
258032,unrelated
103326,agreed
297297,unrelated
82292,unrelated
280871,unrelated
66353,unrelated
48457,agreed
161143,unrelated
256531,agreed
151793,unrelated
72985,unrelated
237512,agreed
77519,agreed
81468,unrelated
3447,unrelated
156569,agreed
74761,unrelated
149065,agreed
219753,unrelated
114845,unrelated
293395,unrelated
88299,unrelated
30580,agreed
24656,unrelated
12621,unrelated
10913,agreed
11796,agreed
214438,unrelated
244959,agreed
93626,unrelated
284101,agreed
279087,agreed
185104,unrelated
229448,unrelated
286554,unrelated
106072,unrelated
11534,unrelated
175209,unrelated
111461,unrelated
284170,agreed
115751,agreed
59515,unrelated
320926,agreed
73749,unrelated
50630,unrelated
141427,unrelated
186885,unrelated
109580,unrelated
87733,unrelated
227407,agreed
57731,unrelated
308325,unrelated
317526,unrelated
307141,unrelated
310416,unrelated
295655,unrelated
85250,unrelated
13883,agreed
73160,unrelated
163871,unrelated
129122,agreed
139752,agreed
91776,unrelated
256909,unrelated
256457,agreed
312655,agreed
30329,unrelated
31011,agreed
113221,agreed
270940,agreed
264049,unrelated
102911,unrelated
231001,unrelated
119199,unrelated
1359,unrelated
84980,unrelated
241742,agreed
276218,unrelated
144704,unrelated
18066,agreed
239838,agreed
249913,unrelated
63931,unrelated
240979,unrelated
221760,agreed
11482,unrelated
46250,agreed
303111,unrelated
183287,unrelated
249516,unrelated
3446,unrelated
267326,agreed
266441,unrelated
319166,unrelated
195683,unrelated
258726,unrelated
111170,unrelated
239225,unrelated
320305,unrelated
100629,agreed
84973,unrelated
144618,unrelated
65150,unrelated
190887,unrelated
91978,agreed
58691,unrelated
200584,unrelated
125840,agreed
155874,agreed
101254,agreed
165157,unrelated
277017,unrelated
208957,unrelated
75305,agreed
15243,agreed
316786,unrelated
58093,unrelated
247275,unrelated
306583,agreed
275848,unrelated
87042,unrelated
151398,agreed
277926,unrelated
147107,agreed
68708,unrelated
142569,agreed
287196,agreed
197188,agreed
71076,unrelated
309081,unrelated
42751,unrelated
286467,unrelated
228415,unrelated
196574,agreed
293389,unrelated
164194,unrelated
242194,unrelated
51505,unrelated
97665,unrelated
197738,unrelated
206603,unrelated
250051,agreed
249628,agreed
32145,unrelated
71272,unrelated
233551,unrelated
310418,unrelated
193847,agreed
168209,unrelated
272950,unrelated
188793,unrelated
215778,unrelated
51384,unrelated
252209,unrelated
208425,unrelated
264473,unrelated
227817,unrelated
212584,unrelated
85394,unrelated
315656,agreed
96310,unrelated
151631,unrelated
300171,unrelated
53752,unrelated
242901,unrelated
315173,agreed
232272,agreed
193596,unrelated
32745,unrelated
135825,unrelated
142004,unrelated
27336,unrelated
255776,unrelated
166405,agreed
155052,agreed
92,agreed
30386,unrelated
144033,disagreed
19263,unrelated
229369,agreed
270288,unrelated
265688,agreed
113645,unrelated
62207,unrelated
133922,unrelated
26742,unrelated
189022,unrelated
269484,unrelated
202404,unrelated
227003,unrelated
97872,agreed
258408,agreed
305180,unrelated
157968,agreed
192665,unrelated
177992,unrelated
53973,unrelated
109954,unrelated
273898,unrelated
108670,unrelated
71138,unrelated
281099,agreed
166553,unrelated
143659,agreed
76317,unrelated
224498,unrelated
127571,unrelated
246732,unrelated
12376,unrelated
108408,unrelated
236352,unrelated
133494,agreed
110654,unrelated
16168,unrelated
26707,agreed
308754,unrelated
171460,unrelated
105976,unrelated
291098,agreed
173972,unrelated
90657,unrelated
232348,unrelated
195023,unrelated
147285,agreed
124759,agreed
92199,unrelated
93848,unrelated
97149,unrelated
257385,agreed
211046,unrelated
144029,unrelated
168035,unrelated
160395,unrelated
143153,unrelated
248594,unrelated
78182,agreed
91487,agreed
166414,agreed
241418,unrelated
162308,agreed
67338,unrelated
88659,agreed
69110,unrelated
120984,agreed
38778,unrelated
52007,disagreed
93818,unrelated
259782,unrelated
194110,agreed
237511,unrelated
208223,unrelated
254445,unrelated
26250,unrelated
272096,unrelated
282437,unrelated
28546,unrelated
48927,agreed
158669,unrelated
279510,agreed
125265,unrelated
295220,unrelated
43061,agreed
85290,agreed
77016,unrelated
220924,agreed
307720,unrelated
25788,agreed
315183,agreed
316987,agreed
139056,agreed
124487,unrelated
184018,unrelated
291596,unrelated
228600,unrelated
2723,unrelated
123843,unrelated
13012,agreed
15774,unrelated
276187,unrelated
208503,agreed
45911,unrelated
315554,unrelated
280192,unrelated
195848,agreed
220366,agreed
179043,agreed
273008,unrelated
155692,agreed
295563,unrelated
14310,unrelated
320275,agreed
102096,unrelated
175357,unrelated
303094,unrelated
113438,unrelated
22544,unrelated
276579,agreed
161044,unrelated
136160,unrelated
33161,unrelated
225132,agreed
23259,unrelated
92372,agreed
75135,unrelated
3859,agreed
98769,agreed
98431,unrelated
132655,unrelated
191054,unrelated
286311,unrelated
188965,agreed
3499,unrelated
286024,agreed
82493,unrelated
312797,unrelated
264915,agreed
130755,unrelated
90135,unrelated
188178,agreed
244037,agreed
69905,agreed
56695,unrelated
187640,unrelated
296896,unrelated
128403,agreed
54990,unrelated
294836,unrelated
301235,unrelated
148988,unrelated
285095,unrelated
239950,agreed
206123,agreed
187011,unrelated
148406,unrelated
124786,unrelated
255613,unrelated
133997,unrelated
263567,unrelated
308406,unrelated
216365,unrelated
103660,unrelated
257992,agreed
107139,unrelated
23312,unrelated
164001,unrelated
11328,agreed
176425,unrelated
113148,unrelated
279445,unrelated
67561,unrelated
93889,unrelated
188259,unrelated
229914,unrelated
121043,unrelated
208438,unrelated
135188,unrelated
18710,unrelated
37826,unrelated
317105,unrelated
280785,agreed
187584,agreed
270876,unrelated
254270,agreed
78712,agreed
180629,unrelated
189148,agreed
59094,unrelated
60367,agreed
228610,agreed
222321,agreed
215783,agreed
283766,unrelated
155784,agreed
131588,unrelated
10238,unrelated
201579,unrelated
77041,agreed
13280,unrelated
142680,unrelated
157193,unrelated
93114,agreed
120798,agreed
288890,unrelated
119608,agreed
46786,unrelated
96582,unrelated
97182,agreed
11105,agreed
108209,unrelated
166848,unrelated
63608,unrelated
100826,unrelated
77435,unrelated
27294,unrelated
96842,unrelated
190042,unrelated
114877,disagreed
249649,unrelated
269018,unrelated
195373,agreed
282524,unrelated
229854,unrelated
77420,unrelated
186262,unrelated
31324,unrelated
114583,unrelated
231837,unrelated
229496,unrelated
124662,agreed
315357,agreed
186909,unrelated
48468,agreed
77851,unrelated
3083,unrelated
166864,unrelated
172577,unrelated
35191,agreed
90801,unrelated
275458,unrelated
276681,agreed
156270,unrelated
13244,unrelated
288362,unrelated
44230,agreed
225760,agreed
7168,unrelated
81221,unrelated
8866,unrelated
53241,unrelated
139591,agreed
250603,unrelated
182932,unrelated
299056,unrelated
316093,agreed
8042,unrelated
96293,unrelated
123942,agreed
59604,unrelated
151783,unrelated
104062,unrelated
298921,unrelated
22294,unrelated
56728,unrelated
132522,unrelated
261348,agreed
209380,unrelated
247286,unrelated
93978,unrelated
243919,unrelated
235359,unrelated
190085,unrelated
70540,agreed
181064,unrelated
17049,unrelated
171244,unrelated
242749,unrelated
111470,unrelated
284044,unrelated
192997,unrelated
39033,agreed
224552,agreed
133965,agreed
111812,unrelated
301212,unrelated
121082,unrelated
215432,agreed
58369,unrelated
310827,agreed
116628,unrelated
161841,unrelated
17925,unrelated
1569,unrelated
41412,agreed
31655,agreed
5287,unrelated
152016,unrelated
113295,unrelated
311139,agreed
277010,unrelated
250018,unrelated
233965,unrelated
1080,unrelated
289472,unrelated
29342,agreed
273559,agreed
81736,agreed
5184,unrelated
205044,agreed
34842,agreed
178222,unrelated
134484,unrelated
271471,agreed
60396,agreed
104289,agreed
177710,agreed
203612,unrelated
275103,unrelated
184666,unrelated
19098,unrelated
41835,unrelated
150617,unrelated
180345,unrelated
311489,agreed
243609,unrelated
104996,unrelated
230288,unrelated
57267,agreed
7368,unrelated
298970,unrelated
111867,unrelated
232860,unrelated
59042,unrelated
167266,unrelated
15342,unrelated
116667,agreed
225972,unrelated
186640,unrelated
295221,unrelated
242448,unrelated
143131,agreed
141615,agreed
296542,unrelated
22467,unrelated
174256,unrelated
250265,unrelated
126589,unrelated
137895,unrelated
285893,agreed
255878,unrelated
280885,agreed
25937,unrelated
222258,unrelated
314762,unrelated
75799,unrelated
121848,unrelated
43634,agreed
172815,unrelated
216579,unrelated
135041,unrelated
147209,agreed
263044,unrelated
15258,agreed
56834,agreed
113930,unrelated
93404,unrelated
16792,unrelated
80156,unrelated
119573,unrelated
170766,unrelated
167703,unrelated
151778,agreed
87869,unrelated
3854,agreed
291984,agreed
125239,unrelated
293493,agreed
139240,agreed
156159,unrelated
141645,unrelated
35782,agreed
112403,agreed
266044,agreed
63169,unrelated
106038,unrelated
252642,unrelated
210425,unrelated
138259,unrelated
286019,agreed
284763,agreed
138290,unrelated
55579,unrelated
262413,unrelated
92504,unrelated
14816,unrelated
199098,unrelated
63864,unrelated
167778,unrelated
304123,unrelated
276491,agreed
204288,unrelated
258526,agreed
97052,unrelated
278894,unrelated
182890,unrelated
286514,unrelated
156695,unrelated
178388,unrelated
192011,agreed
199677,unrelated
42185,agreed
302682,agreed
295789,unrelated
23422,unrelated
179186,agreed
228807,unrelated
128874,agreed
183307,unrelated
139965,unrelated
316839,unrelated
133483,agreed
231123,agreed
150221,unrelated
219083,agreed
66665,unrelated
257674,unrelated
58956,disagreed
95975,agreed
53852,unrelated
213152,unrelated
282475,unrelated
66489,agreed
290752,unrelated
307900,unrelated
230431,unrelated
35477,unrelated
140703,unrelated
43586,agreed
105677,unrelated
304270,unrelated
312114,unrelated
57428,unrelated
205908,unrelated
63376,unrelated
251775,unrelated
141236,unrelated
118401,unrelated
200059,unrelated
184026,unrelated
176902,unrelated
304181,agreed
209773,unrelated
275338,unrelated
212737,unrelated
279627,unrelated
238475,agreed
39389,unrelated
150423,agreed
316549,unrelated
315745,agreed
236363,unrelated
249046,unrelated
251711,agreed
104351,unrelated
171920,unrelated
187866,unrelated
23205,unrelated
68299,unrelated
185564,agreed
64848,unrelated
133752,unrelated
68489,unrelated
143972,unrelated
68320,unrelated
23519,unrelated
307499,agreed
289551,unrelated
104039,unrelated
11675,unrelated
295079,unrelated
241323,unrelated
257629,agreed
209508,unrelated
220600,agreed
2663,unrelated
82851,unrelated
301736,unrelated
300229,unrelated
121785,unrelated
131682,unrelated
17241,agreed
296691,unrelated
110433,unrelated
289318,unrelated
16977,agreed
307116,unrelated
148807,unrelated
204318,unrelated
253157,unrelated
276305,agreed
227981,unrelated
161396,agreed
236521,unrelated
38816,unrelated
70968,unrelated
308359,unrelated
222206,unrelated
136492,agreed
287499,unrelated
7070,unrelated
311028,unrelated
111281,unrelated
119490,unrelated
36997,unrelated
240157,unrelated
9322,unrelated
85064,agreed
261771,disagreed
295053,unrelated
184200,unrelated
261433,disagreed
165490,agreed
128404,agreed
26716,agreed
239516,unrelated
153369,agreed
294692,unrelated
8272,unrelated
64740,unrelated
309383,agreed
18230,unrelated
175583,unrelated
133376,unrelated
158348,unrelated
178983,unrelated
272772,unrelated
254612,agreed
107933,unrelated
97842,agreed
301309,unrelated
226924,agreed
23093,unrelated
167701,unrelated
320462,unrelated
310274,agreed
152891,unrelated
152496,unrelated
41017,agreed
253717,agreed
206877,disagreed
175306,unrelated
183152,unrelated
182258,agreed
21152,unrelated
200934,unrelated
180702,unrelated
8626,unrelated
46030,unrelated
308271,unrelated
95407,unrelated
113374,unrelated
164131,unrelated
2386,unrelated
4860,unrelated
230214,unrelated
18058,unrelated
297126,unrelated
298875,unrelated
145766,unrelated
73092,unrelated
254011,unrelated
284220,unrelated
168604,unrelated
207263,unrelated
300287,agreed
128866,agreed
296377,unrelated
67540,unrelated
228398,unrelated
11707,unrelated
32210,unrelated
222111,unrelated
286332,unrelated
88271,agreed
271548,unrelated
19273,unrelated
217027,unrelated
113085,agreed
79807,unrelated
143420,agreed
207294,unrelated
39007,unrelated
289788,unrelated
164281,agreed
123542,disagreed
144964,agreed
305960,unrelated
15126,agreed
24048,unrelated
139726,unrelated
287563,unrelated
199102,unrelated
120125,unrelated
204,unrelated
106498,agreed
178920,unrelated
245616,agreed
263371,unrelated
85705,agreed
273995,agreed
160261,unrelated
302919,unrelated
141839,unrelated
218115,agreed
300500,agreed
289674,agreed
307726,unrelated
215941,unrelated
84745,unrelated
30701,unrelated
291529,agreed
121021,unrelated
25665,unrelated
236941,unrelated
227132,unrelated
261551,unrelated
232151,unrelated
77479,unrelated
106597,unrelated
239741,unrelated
100310,unrelated
143620,agreed
211968,unrelated
264827,agreed
213663,unrelated
176157,unrelated
294789,unrelated
95330,unrelated
32741,unrelated
186732,unrelated
128139,unrelated
315447,agreed
306429,agreed
276214,agreed
50379,unrelated
306673,unrelated
312397,agreed
253190,agreed
202211,unrelated
205510,unrelated
255961,unrelated
127116,unrelated
145362,unrelated
258355,unrelated
310595,agreed
226220,agreed
82618,unrelated
307836,agreed
187144,unrelated
128589,unrelated
264429,unrelated
237726,unrelated
58782,unrelated
312515,unrelated
308778,unrelated
242887,unrelated
229474,unrelated
254421,unrelated
2370,unrelated
166014,unrelated
267867,agreed
145398,unrelated
311704,unrelated
152735,unrelated
45840,unrelated
301970,unrelated
136799,unrelated
106752,unrelated
37350,unrelated
50281,unrelated
126259,unrelated
36530,agreed
225213,agreed
294659,unrelated
96024,agreed
251182,agreed
110355,unrelated
32405,unrelated
51479,unrelated
169708,unrelated
224750,unrelated
263702,unrelated
283057,unrelated
86898,unrelated
13724,unrelated
45108,unrelated
110111,agreed
102524,agreed
161499,agreed
187491,unrelated
273556,agreed
61894,unrelated
1042,unrelated
207049,unrelated
36328,unrelated
16675,unrelated
86335,unrelated
249091,agreed
311828,unrelated
255372,unrelated
178756,unrelated
31557,agreed
311559,unrelated
200945,unrelated
216875,unrelated
242414,unrelated
313587,agreed
144680,unrelated
205077,unrelated
276046,unrelated
13668,unrelated
6693,unrelated
97305,agreed
132847,agreed
150754,unrelated
219448,unrelated
258974,agreed
178413,unrelated
24944,unrelated
313639,unrelated
74662,unrelated
76639,unrelated
167275,unrelated
240580,unrelated
174709,agreed
30503,unrelated
216775,unrelated
195597,agreed
206772,unrelated
258157,unrelated
122161,agreed
179784,unrelated
36603,agreed
112104,agreed
254923,unrelated
145313,unrelated
268345,unrelated
169430,unrelated
92304,unrelated
221740,agreed
89347,unrelated
17828,unrelated
104112,unrelated
204827,agreed
98945,unrelated
306612,unrelated
73038,unrelated
8047,unrelated
205864,unrelated
10757,agreed
289349,unrelated
11093,unrelated
217011,unrelated
50159,unrelated
138169,agreed
10623,unrelated
276458,agreed
99705,disagreed
88335,unrelated
45252,unrelated
162456,unrelated
67435,disagreed
120035,agreed
140130,unrelated
131742,unrelated
236785,unrelated
271284,unrelated
264994,unrelated
308774,unrelated
31707,unrelated
170430,unrelated
102143,unrelated
59220,unrelated
279960,unrelated
96129,unrelated
110694,unrelated
42512,agreed
266958,agreed
247291,unrelated
21341,unrelated
123631,unrelated
59148,unrelated
9247,agreed
40897,unrelated
309180,unrelated
245533,agreed
94304,unrelated
73676,agreed
136968,unrelated
281955,agreed
195178,agreed
32718,unrelated
26239,unrelated
188218,unrelated
149187,unrelated
201540,agreed
280714,unrelated
224933,unrelated
145149,unrelated
178820,unrelated
177090,unrelated
230484,unrelated
219837,unrelated
190683,unrelated
150510,unrelated
37254,agreed
303090,agreed
212855,agreed
209622,agreed
126562,unrelated
29287,unrelated
93771,agreed
226985,unrelated
217951,unrelated
118740,unrelated
304010,agreed
106605,unrelated
36686,unrelated
295292,unrelated
151025,unrelated
88643,agreed
108275,unrelated
155738,unrelated
253556,unrelated
202453,unrelated
160264,unrelated
253262,unrelated
244113,unrelated
10105,unrelated
177052,unrelated
190734,unrelated
68886,unrelated
115975,unrelated
150704,unrelated
164222,agreed
28982,unrelated
54295,unrelated
293561,unrelated
139601,unrelated
138796,unrelated
255727,unrelated
91460,unrelated
36610,agreed
96054,unrelated
170262,disagreed
124227,unrelated
281264,unrelated
183150,unrelated
280808,unrelated
236719,unrelated
309520,unrelated
275029,unrelated
297906,unrelated
228727,unrelated
205950,unrelated
183731,unrelated
131408,agreed
250002,unrelated
139468,unrelated
158805,unrelated
9471,agreed
12460,unrelated
171124,unrelated
114244,unrelated
120317,unrelated
298151,unrelated
308602,unrelated
165898,agreed
6922,unrelated
83479,unrelated
311534,unrelated
45599,agreed
14512,unrelated
301301,unrelated
303865,agreed
209058,unrelated
81883,unrelated
231275,unrelated
22847,unrelated
150254,unrelated
171796,unrelated
183852,unrelated
254886,unrelated
318973,unrelated
145252,unrelated
275673,agreed
280733,unrelated
291123,unrelated
318077,agreed
246763,unrelated
141199,unrelated
213864,unrelated
38887,unrelated
145132,unrelated
256794,unrelated
126611,agreed
57175,unrelated
216690,unrelated
177239,agreed
21325,unrelated
116389,agreed
146985,unrelated
163913,unrelated
101599,unrelated
21204,unrelated
162167,unrelated
111503,unrelated
15883,agreed
26719,unrelated
312830,agreed
67542,unrelated
236653,unrelated
251155,agreed
143593,agreed
104012,agreed
31094,unrelated
124103,unrelated
43195,agreed
129768,agreed
102653,unrelated
54381,unrelated
302831,unrelated
217133,unrelated
302114,agreed
127113,unrelated
265398,unrelated
108469,unrelated
136862,unrelated
185808,unrelated
140851,unrelated
201907,unrelated
97773,unrelated
106711,agreed
229573,unrelated
239155,unrelated
292565,agreed
228271,unrelated
183658,unrelated
27219,unrelated
181922,unrelated
302010,unrelated
155518,agreed
109440,unrelated
235790,unrelated
90930,unrelated
54867,unrelated
56796,unrelated
318380,agreed
200149,unrelated
296461,unrelated
23255,agreed
279946,unrelated
132493,unrelated
92457,unrelated
272044,unrelated
264224,unrelated
196344,agreed
224857,unrelated
43081,agreed
290103,unrelated
80160,unrelated
5960,unrelated
94023,unrelated
310291,unrelated
24374,unrelated
168877,agreed
187111,unrelated
152674,unrelated
195249,agreed
266267,unrelated
132417,unrelated
74438,unrelated
236554,agreed
183743,unrelated
262412,unrelated
230756,agreed
218505,agreed
262963,unrelated
5348,unrelated
57371,unrelated
243734,agreed
27569,unrelated
183519,agreed
295375,unrelated
202550,agreed
269932,unrelated
168538,unrelated
6272,agreed
34672,agreed
277527,agreed
162159,agreed
188408,agreed
33421,unrelated
167723,unrelated
282867,unrelated
65250,agreed
293058,unrelated
316312,unrelated
274316,unrelated
200643,unrelated
50005,unrelated
239881,unrelated
160687,unrelated
105258,unrelated
251126,agreed
149078,unrelated
87683,unrelated
127102,unrelated
26568,unrelated
17421,unrelated
47859,unrelated
188150,agreed
286280,unrelated
31983,unrelated
79195,unrelated
289574,unrelated
39173,agreed
64790,disagreed
3347,unrelated
80555,unrelated
61649,unrelated
152087,unrelated
187967,unrelated
293650,unrelated
83564,agreed
241897,unrelated
220394,unrelated
221557,unrelated
295386,unrelated
289622,unrelated
28695,unrelated
199285,unrelated
77799,unrelated
83692,unrelated
225782,unrelated
60109,unrelated
283196,unrelated
38886,unrelated
146604,agreed
235583,agreed
260963,agreed
63268,unrelated
103466,agreed
81069,unrelated
263809,unrelated
75350,unrelated
254401,agreed
228,unrelated
166984,unrelated
286683,unrelated
159728,unrelated
148615,unrelated
117816,unrelated
49867,unrelated
51674,agreed
233902,unrelated
288378,unrelated
273784,unrelated
271962,agreed
185175,unrelated
105495,unrelated
115497,unrelated
165895,unrelated
280576,agreed
63977,unrelated
121604,unrelated
302597,agreed
157379,unrelated
117455,unrelated
155935,agreed
160440,unrelated
169923,unrelated
263252,unrelated
166722,unrelated
160731,unrelated
129855,unrelated
302126,agreed
90476,unrelated
284014,unrelated
106370,unrelated
99248,unrelated
224580,agreed
269273,unrelated
148953,unrelated
44338,unrelated
243730,agreed
86390,agreed
116687,agreed
296399,unrelated
232521,agreed
309900,agreed
210894,unrelated
56278,agreed
158069,unrelated
56732,unrelated
273104,unrelated
73458,agreed
312268,unrelated
162087,unrelated
287835,unrelated
46555,unrelated
41463,agreed
218716,unrelated
177757,agreed
50224,unrelated
174906,agreed
110961,unrelated
240068,unrelated
99277,unrelated
236349,unrelated
130033,unrelated
185818,unrelated
173108,unrelated
247508,unrelated
179512,unrelated
117083,agreed
149363,agreed
184476,agreed
288897,unrelated
246289,agreed
282802,unrelated
165582,unrelated
9644,unrelated
267856,agreed
143939,unrelated
19748,unrelated
251519,agreed
98759,agreed
192263,unrelated
118297,unrelated
45735,unrelated
274448,unrelated
298699,unrelated
40208,unrelated
80319,unrelated
69039,unrelated
136909,unrelated
168010,unrelated
291446,unrelated
58581,unrelated
234120,unrelated
249668,unrelated
100543,unrelated
278940,unrelated
31587,unrelated
141386,agreed
60107,unrelated
98383,unrelated
16294,unrelated
68327,unrelated
280360,agreed
74854,agreed
256944,agreed
47137,unrelated
100979,agreed
17616,unrelated
170139,unrelated
91063,unrelated
126401,agreed
319620,unrelated
14474,unrelated
12844,agreed
117391,unrelated
200160,agreed
171185,unrelated
175686,agreed
103933,unrelated
116333,agreed
105281,unrelated
304756,unrelated
267353,agreed
75852,unrelated
151739,unrelated
17743,unrelated
64951,agreed
278229,unrelated
5179,unrelated
266160,unrelated
131597,unrelated
144576,unrelated
139538,agreed
248635,unrelated
87010,agreed
108272,unrelated
200545,unrelated
299167,unrelated
192499,agreed
75151,unrelated
118568,unrelated
135529,agreed
59088,unrelated
64410,agreed
148077,agreed
210716,agreed
280861,unrelated
298422,unrelated
273372,unrelated
189217,unrelated
69971,agreed
210121,unrelated
175760,unrelated
261886,unrelated
115368,unrelated
264476,agreed
102905,unrelated
146661,agreed
315608,agreed
176905,unrelated
152072,agreed
277099,unrelated
24773,agreed
272196,agreed
202698,unrelated
312643,agreed
49126,agreed
219282,unrelated
152046,unrelated
86515,agreed
202635,agreed
122661,unrelated
201686,unrelated
320131,unrelated
242180,unrelated
189904,unrelated
192985,unrelated
33762,unrelated
78676,agreed
268930,unrelated
36814,agreed
95371,unrelated
226385,unrelated
56606,unrelated
191357,unrelated
156730,unrelated
98731,unrelated
264129,unrelated
7551,unrelated
48113,unrelated
233879,agreed
85254,unrelated
24184,unrelated
256127,unrelated
291352,unrelated
138627,unrelated
204400,agreed
61100,agreed
231467,unrelated
225876,agreed
52,unrelated
70386,unrelated
271150,agreed
181010,unrelated
283421,agreed
49015,unrelated
134573,agreed
265668,agreed
259989,agreed
107872,unrelated
45788,agreed
88277,unrelated
124302,unrelated
142064,agreed
38118,unrelated
132078,unrelated
212951,disagreed
268515,unrelated
202905,unrelated
311121,agreed
76495,agreed
23905,unrelated
53903,unrelated
303464,unrelated
312763,agreed
201284,agreed
247157,unrelated
194563,agreed
278916,unrelated
127557,unrelated
41704,unrelated
260112,agreed
141594,unrelated
318989,unrelated
110379,unrelated
244412,agreed
35930,unrelated
157656,unrelated
315555,unrelated
302389,unrelated
239178,unrelated
174460,unrelated
255738,unrelated
295851,unrelated
85586,agreed
53545,unrelated
10075,unrelated
52260,unrelated
312050,unrelated
84391,unrelated
24362,unrelated
85711,agreed
23935,agreed
72402,unrelated
33788,unrelated
99598,unrelated
314227,agreed
228711,unrelated
309422,unrelated
128539,agreed
14457,agreed
235979,agreed
245166,unrelated
147192,unrelated
242671,unrelated
57603,unrelated
12245,agreed
268222,agreed
234618,unrelated
123675,agreed
158580,unrelated
176004,unrelated
278675,agreed
304141,unrelated
236925,unrelated
246647,agreed
88354,unrelated
230218,agreed
158320,agreed
313008,unrelated
179927,agreed
61660,unrelated
80477,unrelated
206568,unrelated
187261,unrelated
186680,unrelated
309961,agreed
247876,agreed
236448,unrelated
273666,unrelated
209024,unrelated
63307,unrelated
22959,unrelated
174072,unrelated
303028,unrelated
7220,unrelated
275010,unrelated
235544,agreed
280006,agreed
21669,unrelated
276421,agreed
56223,unrelated
112741,unrelated
313423,unrelated
289693,unrelated
145567,agreed
105781,unrelated
83022,unrelated
144980,unrelated
154279,unrelated
107103,unrelated
276751,unrelated
266918,agreed
189975,agreed
10245,agreed
161220,agreed
183539,agreed
66285,unrelated
121133,unrelated
142529,unrelated
204443,unrelated
110705,unrelated
283506,unrelated
115883,agreed
219986,agreed
82206,unrelated
22185,unrelated
200237,unrelated
308451,unrelated
194516,agreed
180546,unrelated
156783,unrelated
254119,agreed
142790,agreed
198007,unrelated
242719,unrelated
270096,agreed
254719,unrelated
254423,unrelated
224332,unrelated
242507,unrelated
303921,agreed
195743,agreed
158998,unrelated
270417,unrelated
150748,unrelated
186215,unrelated
221558,unrelated
315607,agreed
21874,unrelated
6451,unrelated
128814,unrelated
92662,agreed
100015,unrelated
194581,agreed
37089,agreed
307651,unrelated
124039,agreed
9426,unrelated
94105,unrelated
15865,unrelated
64233,unrelated
257802,unrelated
4331,unrelated
286529,unrelated
230151,agreed
47254,unrelated
27905,agreed
242566,unrelated
178875,unrelated
259009,agreed
17087,agreed
126855,unrelated
109376,unrelated
154723,unrelated
123139,agreed
62326,unrelated
262385,unrelated
226003,unrelated
24880,unrelated
34615,unrelated
117865,unrelated
232731,unrelated
188661,unrelated
103774,unrelated
318276,unrelated
128436,disagreed
265120,unrelated
71292,unrelated
229298,unrelated
155595,unrelated
264820,agreed
202212,unrelated
246449,unrelated
89846,unrelated
238489,agreed
56711,unrelated
190403,agreed
68842,unrelated
300024,unrelated
68371,unrelated
223610,disagreed
229440,unrelated
32024,unrelated
127315,agreed
230360,unrelated
232152,unrelated
123679,agreed
18659,unrelated
296209,unrelated
265337,unrelated
278295,unrelated
156662,unrelated
266578,unrelated
154687,unrelated
50909,agreed
315808,unrelated
201323,unrelated
257515,unrelated
313776,unrelated
122674,unrelated
18106,unrelated
66457,unrelated
61864,unrelated
62361,unrelated
231059,agreed
32241,unrelated
141639,unrelated
97463,unrelated
58112,unrelated
291126,unrelated
26085,unrelated
25690,unrelated
250966,agreed
264,unrelated
132761,unrelated
178338,agreed
27289,disagreed
55167,unrelated
218940,agreed
73628,unrelated
154181,unrelated
53824,unrelated
135180,unrelated
211694,unrelated
43278,agreed
107164,unrelated
183103,unrelated
96156,agreed
257006,unrelated
284888,unrelated
279259,unrelated
73000,agreed
154566,unrelated
167681,unrelated
89502,agreed
76574,unrelated
5460,agreed
310888,unrelated
285666,unrelated
208715,unrelated
131220,unrelated
271482,agreed
37740,unrelated
152368,unrelated
57798,unrelated
100650,agreed
209078,unrelated
113244,unrelated
178424,unrelated
208363,unrelated
290092,unrelated
46327,agreed
239191,unrelated
256837,unrelated
32677,unrelated
207393,unrelated
235360,unrelated
248375,unrelated
108955,unrelated
229560,agreed
303736,unrelated
240786,unrelated
184378,unrelated
280421,unrelated
257676,unrelated
6692,unrelated
203470,unrelated
192959,unrelated
157318,agreed
205251,unrelated
228279,unrelated
107760,unrelated
18969,unrelated
79339,agreed
272784,unrelated
82963,unrelated
69332,unrelated
162174,unrelated
254760,agreed
60524,unrelated
277486,unrelated
174131,unrelated
184056,unrelated
219245,unrelated
173707,agreed
149719,unrelated
232454,agreed
252967,unrelated
228156,unrelated
3230,agreed
245043,agreed
306403,unrelated
149885,unrelated
99871,unrelated
207973,agreed
221721,agreed
57661,unrelated
9815,agreed
227976,unrelated
119135,unrelated
282025,agreed
306550,unrelated
47943,unrelated
102095,unrelated
271436,unrelated
114019,unrelated
120231,unrelated
86381,unrelated
287410,unrelated
53416,agreed
294495,agreed
221305,unrelated
264127,unrelated
147193,unrelated
205208,unrelated
44442,unrelated
171738,unrelated
144874,agreed
140827,unrelated
101370,unrelated
181962,unrelated
134407,unrelated
315293,agreed
121568,unrelated
309698,agreed
259097,unrelated
161704,unrelated
32807,agreed
107293,agreed
254655,unrelated
274433,unrelated
729,unrelated
172043,unrelated
272280,unrelated
185799,unrelated
22173,unrelated
29664,agreed
254654,unrelated
190262,agreed
81392,unrelated
150597,unrelated
106626,unrelated
215784,agreed
193854,agreed
259634,agreed
30014,agreed
59055,unrelated
15804,unrelated
158891,agreed
301055,unrelated
5831,agreed
100872,agreed
91607,agreed
103300,agreed
298521,unrelated
66456,unrelated
159990,unrelated
294138,unrelated
73080,unrelated
104753,unrelated
10789,agreed
156146,unrelated
213040,unrelated
63902,unrelated
2216,agreed
92305,unrelated
286021,agreed
177738,agreed
53832,unrelated
216061,agreed
52908,unrelated
123412,agreed
228783,unrelated
267108,unrelated
268014,unrelated
139605,unrelated
81362,disagreed
3473,unrelated
231271,agreed
50965,unrelated
41711,unrelated
262208,agreed
132051,unrelated
185518,unrelated
189844,unrelated
17558,unrelated
160026,unrelated
204408,agreed
9825,agreed
10954,unrelated
234774,unrelated
13594,unrelated
136794,unrelated
225788,unrelated
114076,unrelated
9846,unrelated
179229,unrelated
169904,unrelated
169457,unrelated
71843,unrelated
9701,unrelated
81749,unrelated
155986,unrelated
49005,agreed
242677,unrelated
292019,unrelated
87638,agreed
34826,unrelated
244002,unrelated
15639,unrelated
173380,unrelated
290544,unrelated
22021,agreed
304137,unrelated
75307,unrelated
79305,agreed
149483,unrelated
193895,unrelated
245017,unrelated
27961,unrelated
220311,unrelated
48722,unrelated
185843,unrelated
254890,agreed
167770,unrelated
143592,agreed
134593,unrelated
22708,unrelated
274450,unrelated
120661,unrelated
291416,unrelated
237497,unrelated
28771,unrelated
60929,unrelated
313644,unrelated
222480,unrelated
209614,unrelated
98990,unrelated
89192,agreed
64198,unrelated
137861,unrelated
153832,unrelated
25966,unrelated
135405,agreed
223842,agreed
177785,agreed
319590,unrelated
66818,unrelated
226386,unrelated
79325,unrelated
185575,unrelated
36697,unrelated
162891,agreed
250753,unrelated
273744,agreed
294688,unrelated
187992,unrelated
303434,unrelated
316657,unrelated
220671,unrelated
222360,unrelated
243356,agreed
64085,unrelated
99456,agreed
310840,unrelated
305087,agreed
91350,unrelated
104617,unrelated
215254,unrelated
223083,unrelated
266938,agreed
154856,unrelated
313563,unrelated
25430,agreed
28988,unrelated
254586,unrelated
264855,unrelated
217944,unrelated
62813,unrelated
292324,agreed
296864,unrelated
195652,unrelated
114030,agreed
118338,unrelated
303581,unrelated
66714,unrelated
97096,agreed
214305,unrelated
39221,unrelated
266217,agreed
290753,unrelated
69005,unrelated
205469,unrelated
198070,agreed
295793,unrelated
303744,agreed
308999,unrelated
149639,unrelated
264620,agreed
217371,unrelated
305515,unrelated
238904,unrelated
31230,agreed
295030,unrelated
2474,agreed
176575,unrelated
73812,unrelated
304104,unrelated
239785,unrelated
304150,unrelated
50864,agreed
51833,unrelated
7384,unrelated
190181,agreed
231058,agreed
273290,disagreed
205074,unrelated
153914,unrelated
186183,agreed
55795,unrelated
208121,unrelated
207567,unrelated
251898,unrelated
147247,unrelated
245385,agreed
252253,unrelated
271298,agreed
93021,unrelated
280223,unrelated
26928,unrelated
271467,unrelated
160480,unrelated
195621,unrelated
229693,unrelated
57944,unrelated
170798,unrelated
255543,agreed
196105,unrelated
11277,unrelated
62294,unrelated
299257,unrelated
310164,agreed
136119,agreed
156908,unrelated
269933,unrelated
262195,disagreed
39403,agreed
74880,unrelated
230593,unrelated
106500,unrelated
309850,unrelated
142331,unrelated
63302,unrelated
288086,agreed
269295,agreed
93976,unrelated
125952,unrelated
278121,unrelated
259502,unrelated
252599,agreed
259829,agreed
148943,unrelated
302018,unrelated
282209,unrelated
195676,unrelated
119880,unrelated
74319,unrelated
64988,unrelated
238709,agreed
255648,unrelated
92991,agreed
57932,unrelated
188126,unrelated
31400,agreed
95105,unrelated
181764,unrelated
168617,unrelated
16913,agreed
53086,unrelated
269767,agreed
69857,agreed
206280,agreed
137354,unrelated
255269,unrelated
99131,unrelated
51675,unrelated
264525,unrelated
53988,unrelated
198450,agreed
311813,unrelated
61933,agreed
293166,unrelated
288445,unrelated
200614,agreed
313941,agreed
286637,unrelated
239695,unrelated
297928,unrelated
173589,unrelated
145878,agreed
4366,unrelated
298318,unrelated
198876,agreed
227005,agreed
152598,agreed
320954,unrelated
43357,unrelated
307132,unrelated
160526,agreed
247278,unrelated
207611,unrelated
308691,unrelated
259396,unrelated
74913,unrelated
319524,unrelated
96012,agreed
210890,unrelated
17989,unrelated
71710,unrelated
65014,agreed
279179,agreed
148084,unrelated
73838,unrelated
158279,unrelated
56435,unrelated
32605,agreed
228428,unrelated
250052,agreed
236182,unrelated
96202,unrelated
9949,unrelated
228131,unrelated
186295,unrelated
38334,unrelated
152980,unrelated
47770,unrelated
262407,unrelated
48419,agreed
192868,unrelated
125167,unrelated
2598,unrelated
280164,unrelated
102754,unrelated
319471,unrelated
290565,unrelated
27578,unrelated
305050,unrelated
79837,unrelated
293531,unrelated
36419,unrelated
139488,unrelated
156669,unrelated
213613,unrelated
249577,unrelated
101182,agreed
265098,unrelated
213975,unrelated
173530,unrelated
253427,unrelated
82538,unrelated
284966,agreed
6176,agreed
47393,unrelated
198228,unrelated
85814,unrelated
251293,agreed
300725,unrelated
106321,unrelated
132488,agreed
77258,unrelated
272005,agreed
252746,unrelated
217238,unrelated
53764,unrelated
20674,unrelated
254233,unrelated
246695,unrelated
189283,unrelated
270661,unrelated
12516,unrelated
275325,unrelated
243986,disagreed
56893,unrelated
102387,unrelated
131373,unrelated
144578,unrelated
135275,unrelated
193413,agreed
236814,unrelated
113575,agreed
140933,unrelated
2239,unrelated
158048,unrelated
51433,unrelated
188577,unrelated
255864,unrelated
262948,unrelated
304052,unrelated
171250,unrelated
320015,unrelated
278853,unrelated
304761,unrelated
128256,agreed
217863,unrelated
168974,unrelated
252608,agreed
181888,agreed
276953,agreed
261653,agreed
142883,unrelated
223357,disagreed
217507,agreed
182768,unrelated
14890,agreed
203800,unrelated
260163,agreed
240706,unrelated
14340,agreed
40369,unrelated
88048,unrelated
179165,unrelated
190114,agreed
224602,unrelated
135877,unrelated
113511,unrelated
112291,unrelated
299070,unrelated
88758,unrelated
96951,unrelated
6780,unrelated
318675,unrelated
229138,unrelated
75753,unrelated
228634,unrelated
301765,agreed
129011,unrelated
118332,unrelated
68078,unrelated
261683,agreed
182752,agreed
45498,disagreed
59351,unrelated
293108,unrelated
230808,agreed
89251,unrelated
167865,unrelated
72919,agreed
238969,unrelated
42711,unrelated
183946,unrelated
20477,unrelated
257030,unrelated
281114,agreed
237457,unrelated
272623,unrelated
183400,unrelated
157746,unrelated
112049,unrelated
242963,agreed
208307,unrelated
14467,unrelated
187872,unrelated
78474,agreed
529,unrelated
85279,unrelated
32061,unrelated
208371,unrelated
204113,agreed
235011,agreed
36657,unrelated
289093,unrelated
145418,unrelated
223400,agreed
250846,agreed
300547,unrelated
239526,unrelated
231316,unrelated
61081,unrelated
91706,agreed
200253,unrelated
72843,unrelated
203022,agreed
99339,unrelated
274937,unrelated
139178,unrelated
284229,unrelated
131835,agreed
259988,agreed
36318,unrelated
216756,unrelated
78141,unrelated
268812,agreed
98755,agreed
15764,unrelated
267757,unrelated
72257,unrelated
171700,unrelated
13887,agreed
34228,agreed
15429,agreed
301221,unrelated
210169,unrelated
33295,unrelated
121919,unrelated
35299,unrelated
262546,unrelated
248891,unrelated
219692,unrelated
162667,unrelated
35551,unrelated
159693,unrelated
159675,unrelated
314745,unrelated
258895,unrelated
31325,unrelated
8105,agreed
230013,unrelated
272947,unrelated
275874,unrelated
53383,unrelated
66149,agreed
228431,unrelated
26649,unrelated
163689,agreed
28575,unrelated
237860,unrelated
29324,unrelated
126591,unrelated
187628,agreed
6382,unrelated
285350,unrelated
76975,disagreed
168358,unrelated
131257,unrelated
259117,unrelated
139088,agreed
177480,agreed
61228,unrelated
292371,unrelated
301020,unrelated
166333,unrelated
46523,unrelated
16104,unrelated
68690,unrelated
269146,unrelated
255910,unrelated
271808,agreed
181046,unrelated
59774,unrelated
85709,agreed
72449,unrelated
258551,agreed
195005,unrelated
199644,unrelated
211506,unrelated
236256,unrelated
145909,unrelated
28077,unrelated
53961,unrelated
270939,agreed
154509,unrelated
202656,unrelated
293304,unrelated
206008,agreed
230944,agreed
28186,unrelated
28798,agreed
109756,unrelated
314882,agreed
145263,agreed
5238,unrelated
220362,agreed
124335,unrelated
278372,unrelated
11698,agreed
213615,agreed
213385,unrelated
54861,unrelated
176678,agreed
311254,agreed
263056,unrelated
160537,unrelated
313604,unrelated
23083,unrelated
140513,unrelated
43647,unrelated
245839,unrelated
220755,unrelated
23620,unrelated
264063,agreed
181472,unrelated
83952,agreed
24865,unrelated
21827,unrelated
104304,agreed
121085,unrelated
37520,unrelated
278152,unrelated
37552,unrelated
25583,disagreed
200039,agreed
96043,unrelated
227697,agreed
310373,unrelated
289766,unrelated
182640,unrelated
235935,agreed
312739,unrelated
302047,unrelated
178710,unrelated
285055,unrelated
60163,unrelated
86258,unrelated
141331,unrelated
181486,unrelated
47843,unrelated
182588,unrelated
169361,unrelated
50092,agreed
31082,unrelated
90541,unrelated
17457,unrelated
129068,unrelated
143906,unrelated
23423,unrelated
219165,unrelated
14381,agreed
278202,unrelated
50397,unrelated
262752,unrelated
286884,agreed
21146,unrelated
4821,unrelated
156928,unrelated
202998,agreed
27334,unrelated
184248,agreed
74011,unrelated
153819,unrelated
305124,agreed
284582,unrelated
46285,agreed
256243,unrelated
61271,agreed
314111,unrelated
59653,agreed
10665,unrelated
12446,unrelated
53054,unrelated
246320,unrelated
199639,unrelated
281552,unrelated
172635,unrelated
108165,unrelated
161697,agreed
144422,disagreed
106970,unrelated
257823,unrelated
122548,unrelated
137465,agreed
81074,unrelated
98535,agreed
239333,unrelated
112649,unrelated
133172,unrelated
162331,unrelated
115989,unrelated
150346,unrelated
74727,unrelated
185380,unrelated
181610,agreed
216563,unrelated
70532,agreed
287794,unrelated
67819,unrelated
313204,unrelated
303209,unrelated
162529,unrelated
212367,unrelated
38408,unrelated
277314,agreed
198107,unrelated
138140,unrelated
12638,unrelated
171850,unrelated
193852,agreed
121610,unrelated
24746,agreed
191049,unrelated
126941,unrelated
246897,agreed
282872,unrelated
63512,unrelated
166573,unrelated
156623,agreed
142724,agreed
112987,unrelated
157967,agreed
285688,unrelated
111026,agreed
273172,unrelated
301051,agreed
318793,agreed
33508,unrelated
258848,unrelated
222786,agreed
23414,unrelated
273337,unrelated
42747,unrelated
65973,agreed
149568,unrelated
314379,unrelated
166321,disagreed
302199,unrelated
265541,agreed
304780,unrelated
75012,unrelated
267960,unrelated
141979,agreed
117713,unrelated
10863,agreed
255709,unrelated
188149,agreed
75064,agreed
117562,unrelated
24216,unrelated
308982,unrelated
88828,unrelated
299293,unrelated
143931,unrelated
315217,unrelated
153887,unrelated
238358,unrelated
119545,unrelated
40849,unrelated
71129,unrelated
211173,unrelated
110672,unrelated
217384,unrelated
174720,agreed
39689,unrelated
285897,agreed
161317,unrelated
280270,unrelated
127162,agreed
210268,agreed
188992,unrelated
134150,unrelated
230609,unrelated
232753,unrelated
55863,agreed
235518,agreed
34956,unrelated
143983,agreed
149892,agreed
10031,unrelated
10287,agreed
53065,unrelated
117431,unrelated
321020,unrelated
220792,agreed
168761,unrelated
243155,agreed
193406,agreed
280949,unrelated
296029,unrelated
45713,agreed
318913,unrelated
239846,agreed
34202,unrelated
301350,unrelated
47111,unrelated
314243,unrelated
76896,agreed
221782,agreed
317940,agreed
302299,agreed
311517,agreed
159530,unrelated
256581,unrelated
147043,agreed
96106,agreed
212268,unrelated
42780,unrelated
163655,unrelated
127660,agreed
310591,agreed
183105,unrelated
27390,unrelated
290699,unrelated
142150,unrelated
81627,agreed
300038,unrelated
46447,agreed
26134,unrelated
181899,unrelated
169898,unrelated
171923,unrelated
199945,unrelated
185706,unrelated
150587,unrelated
252907,unrelated
231805,unrelated
124144,unrelated
30618,unrelated
132155,unrelated
27980,unrelated
76318,agreed
51004,agreed
235086,unrelated
126148,agreed
270936,agreed
294665,unrelated
286953,unrelated
255244,unrelated
67498,unrelated
135511,unrelated
167945,unrelated
7823,unrelated
146052,agreed
76151,agreed
172893,unrelated
255770,unrelated
38233,unrelated
62328,unrelated
281207,unrelated
33237,unrelated
244277,unrelated
41086,unrelated
305323,agreed
15023,unrelated
272355,unrelated
279879,unrelated
52642,unrelated
162250,agreed
279689,agreed
301595,unrelated
270189,unrelated
58980,unrelated
95056,agreed
94028,unrelated
193579,agreed
86590,agreed
139786,unrelated
221205,unrelated
202004,agreed
259712,disagreed
127021,unrelated
103777,unrelated
16825,unrelated
103082,agreed
117685,unrelated
26621,unrelated
122190,unrelated
119442,unrelated
164217,agreed
230194,agreed
124090,unrelated
179340,agreed
64042,disagreed
138445,unrelated
222378,unrelated
174239,unrelated
77902,unrelated
126121,agreed
200922,unrelated
184422,unrelated
149834,unrelated
271323,agreed
84835,unrelated
312068,unrelated
42253,unrelated
68624,unrelated
302474,unrelated
201986,unrelated
169436,unrelated
80563,unrelated
166587,unrelated
23149,unrelated
230604,agreed
52883,unrelated
124994,unrelated
262281,disagreed
228646,unrelated
10102,unrelated
253392,unrelated
173272,unrelated
301530,unrelated
10815,unrelated
255000,agreed
261265,agreed
271254,unrelated
308200,unrelated
54997,unrelated
204405,agreed
121292,disagreed
302250,unrelated
248539,unrelated
76013,unrelated
275293,agreed
4455,unrelated
42859,unrelated
150542,unrelated
119415,unrelated
161047,unrelated
202625,agreed
49940,unrelated
307601,unrelated
224136,unrelated
78700,unrelated
125411,unrelated
313759,unrelated
207464,unrelated
7057,unrelated
78869,unrelated
196470,unrelated
124280,unrelated
30233,unrelated
311265,agreed
222127,unrelated
290177,unrelated
86365,agreed
311198,agreed
105507,agreed
287853,disagreed
194490,unrelated
237141,unrelated
58577,unrelated
61810,agreed
122657,unrelated
5612,unrelated
315767,unrelated
261202,unrelated
224671,unrelated
290425,unrelated
16525,agreed
154565,agreed
265223,unrelated
118175,unrelated
44392,agreed
293863,unrelated
252272,agreed
296466,unrelated
221409,unrelated
234795,unrelated
187240,unrelated
101651,unrelated
248865,unrelated
181987,unrelated
17557,unrelated
148467,unrelated
243251,unrelated
207043,agreed
220995,agreed
53364,unrelated
97527,disagreed
49855,unrelated
281750,unrelated
186399,unrelated
62648,agreed
212371,agreed
274855,unrelated
177652,unrelated
57013,agreed
289893,agreed
284130,agreed
155889,disagreed
73828,unrelated
93408,unrelated
3169,unrelated
2072,agreed
218911,unrelated
225423,unrelated
155716,unrelated
302332,unrelated
210112,unrelated
262449,unrelated
7832,disagreed
84181,unrelated
66590,agreed
625,unrelated
53587,agreed
133628,unrelated
312988,agreed
131173,agreed
268192,agreed
264983,unrelated
247652,unrelated
130405,unrelated
84773,agreed
16343,unrelated
241448,unrelated
94792,unrelated
204155,unrelated
90592,agreed
107790,unrelated
11550,agreed
298365,unrelated
188032,agreed
215309,unrelated
246603,agreed
24705,agreed
294551,unrelated
195952,unrelated
188697,unrelated
109202,unrelated
46019,unrelated
95527,unrelated
171241,unrelated
226228,unrelated
207443,unrelated
172163,unrelated
102964,unrelated
40845,unrelated
70602,disagreed
13109,disagreed
37324,unrelated
2108,agreed
74040,agreed
104760,unrelated
65825,agreed
52748,unrelated
77253,unrelated
250790,agreed
279306,unrelated
102394,agreed
32073,unrelated
177751,agreed
305924,agreed
252922,unrelated
3193,agreed
47913,unrelated
182615,unrelated
215750,unrelated
297282,unrelated
226575,unrelated
267863,unrelated
277909,agreed
42926,agreed
275044,unrelated
253353,agreed
73833,unrelated
258529,agreed
272915,unrelated
188198,agreed
258607,unrelated
128102,unrelated
82126,unrelated
157074,agreed
129284,unrelated
199357,agreed
83139,agreed
191156,agreed
196057,unrelated
169284,unrelated
223246,disagreed
179639,agreed
104379,unrelated
127040,unrelated
179067,agreed
273194,agreed
106203,unrelated
209419,unrelated
86631,unrelated
95910,unrelated
154478,agreed
284108,unrelated
120799,unrelated
153855,unrelated
145405,disagreed
206718,unrelated
26346,unrelated
22102,unrelated
70672,agreed
17174,unrelated
110685,unrelated
165382,unrelated
7465,unrelated
162567,unrelated
208909,unrelated
220486,unrelated
158808,unrelated
47967,unrelated
212464,unrelated
239306,unrelated
299943,unrelated
137059,unrelated
299842,unrelated
226915,agreed
196567,agreed
33939,agreed
99878,agreed
204105,unrelated
277280,unrelated
299119,unrelated
198575,unrelated
30253,unrelated
75457,unrelated
272372,unrelated
24235,unrelated
94335,unrelated
115356,unrelated
91707,agreed
191008,unrelated
280551,unrelated
277623,unrelated
218441,agreed
46549,unrelated
57972,unrelated
222897,agreed
53074,unrelated
42565,unrelated
264647,unrelated
302443,agreed
219439,unrelated
262371,unrelated
318366,unrelated
52648,unrelated
285299,unrelated
212,unrelated
146140,unrelated
123943,agreed
155470,agreed
311832,unrelated
109674,unrelated
268349,agreed
68897,unrelated
32216,unrelated
147320,unrelated
87664,unrelated
194051,agreed
217332,unrelated
176545,agreed
317638,agreed
98682,agreed
25777,unrelated
225044,unrelated
201529,unrelated
153557,agreed
317575,unrelated
184072,unrelated
59834,unrelated
140800,unrelated
116336,unrelated
72076,unrelated
129302,unrelated
65807,agreed
283132,unrelated
183563,agreed
94825,agreed
193000,agreed
96827,unrelated
317786,unrelated
239700,unrelated
73966,unrelated
263600,unrelated
111853,unrelated
320846,agreed
171086,agreed
249237,unrelated
78514,unrelated
105088,unrelated
308917,agreed
103390,unrelated
107267,unrelated
257105,unrelated
167014,unrelated
205335,agreed
279709,agreed
73893,unrelated
55928,agreed
103231,unrelated
49312,unrelated
202268,agreed
235274,agreed
201930,agreed
61294,agreed
252444,unrelated
23036,unrelated
102311,agreed
159007,agreed
218323,unrelated
6194,unrelated
40305,unrelated
97904,agreed
97155,unrelated
215386,unrelated
163803,unrelated
109001,unrelated
168377,unrelated
48417,agreed
28326,unrelated
86691,unrelated
297807,unrelated
223739,agreed
169232,unrelated
189026,unrelated
29328,unrelated
166417,agreed
3829,unrelated
64450,unrelated
30286,unrelated
44909,unrelated
289375,agreed
146753,unrelated
38464,unrelated
141640,unrelated
97642,unrelated
77226,agreed
227948,unrelated
3067,unrelated
233010,unrelated
97190,unrelated
302893,unrelated
17667,unrelated
312250,unrelated
54040,unrelated
42689,unrelated
202170,unrelated
301925,agreed
52822,unrelated
199396,unrelated
224512,unrelated
181701,unrelated
72643,unrelated
264250,unrelated
209484,unrelated
311204,agreed
52595,unrelated
274513,agreed
272804,unrelated
320508,unrelated
245851,agreed
144846,unrelated
175807,unrelated
64955,agreed
195589,agreed
21179,unrelated
224210,unrelated
230759,agreed
192835,unrelated
18186,unrelated
968,unrelated
298619,unrelated
162740,agreed
35817,unrelated
210409,unrelated
85234,unrelated
140157,unrelated
88207,unrelated
119959,unrelated
77469,unrelated
316914,agreed
110604,unrelated
313362,agreed
114975,agreed
274570,unrelated
83701,unrelated
16179,unrelated
208236,unrelated
158498,agreed
160574,unrelated
222230,unrelated
56700,unrelated
120177,unrelated
43179,agreed
111260,unrelated
299541,unrelated
231519,unrelated
214319,agreed
143892,unrelated
114486,unrelated
152483,unrelated
217425,unrelated
261832,agreed
22710,unrelated
46615,unrelated
26921,unrelated
215276,unrelated
318039,unrelated
289453,agreed
116197,unrelated
76832,unrelated
139574,unrelated
217010,unrelated
42498,agreed
44916,unrelated
161251,agreed
55670,agreed
131974,unrelated
232785,unrelated
2066,agreed
218254,unrelated
214514,unrelated
173643,agreed
280049,unrelated
310958,unrelated
318796,unrelated
123649,unrelated
202715,unrelated
9960,agreed
304595,unrelated
186666,agreed
106167,unrelated
296870,unrelated
55100,unrelated
188376,unrelated
138046,unrelated
171596,unrelated
304909,unrelated
138126,unrelated
229192,unrelated
77100,agreed
227660,agreed
76927,unrelated
109880,unrelated
260623,unrelated
32977,agreed
244555,unrelated
183420,agreed
39681,unrelated
210116,unrelated
247355,agreed
121617,agreed
275342,agreed
57095,unrelated
222689,unrelated
241343,unrelated
9667,agreed
39696,unrelated
219007,unrelated
13619,unrelated
289712,unrelated
40596,agreed
153457,unrelated
267567,agreed
268577,unrelated
159957,agreed
144859,agreed
175926,agreed
238736,agreed
176105,unrelated
163781,unrelated
58774,unrelated
271303,agreed
42047,unrelated
298695,unrelated
109737,unrelated
298272,unrelated
110143,unrelated
317207,unrelated
247106,unrelated
9088,unrelated
290394,unrelated
179964,unrelated
61967,unrelated
140572,agreed
194102,agreed
122439,unrelated
188891,unrelated
305637,unrelated
96084,unrelated
294537,unrelated
136974,unrelated
40014,unrelated
100409,unrelated
126440,agreed
250365,agreed
171689,unrelated
69739,agreed
165738,agreed
16247,agreed
168057,unrelated
147047,agreed
109254,unrelated
313292,unrelated
274184,agreed
83686,unrelated
159387,unrelated
26437,unrelated
81336,unrelated
237796,agreed
76761,unrelated
126353,unrelated
189511,unrelated
41284,agreed
223010,agreed
131115,unrelated
286247,unrelated
251226,agreed
233493,unrelated
174948,agreed
14772,unrelated
199907,unrelated
190122,unrelated
216712,unrelated
297045,unrelated
197879,unrelated
192310,unrelated
50623,unrelated
283942,unrelated
168199,unrelated
2554,unrelated
267001,agreed
194339,unrelated
86677,agreed
139448,unrelated
220523,unrelated
312074,unrelated
5510,unrelated
307360,unrelated
235145,agreed
150528,unrelated
254942,unrelated
49709,agreed
250016,unrelated
275631,agreed
229390,unrelated
178663,agreed
7227,unrelated
144714,unrelated
146938,unrelated
279394,unrelated
282515,unrelated
211383,unrelated
314405,disagreed
153839,unrelated
171089,agreed
117752,unrelated
33123,unrelated
33650,agreed
87779,unrelated
278524,agreed
300192,agreed
168793,unrelated
202216,unrelated
103478,agreed
225402,unrelated
195950,unrelated
17887,unrelated
14450,unrelated
2076,agreed
269079,unrelated
126087,agreed
186707,unrelated
299481,unrelated
20435,agreed
110429,unrelated
191594,agreed
312963,agreed
248724,unrelated
299422,unrelated
158977,unrelated
164134,unrelated
101661,unrelated
225467,unrelated
190892,unrelated
172265,unrelated
112685,unrelated
90814,unrelated
253531,unrelated
207922,unrelated
51090,unrelated
219123,unrelated
72948,unrelated
268718,unrelated
7359,agreed
213836,unrelated
75562,agreed
146423,agreed
303714,unrelated
253361,unrelated
86035,unrelated
158845,agreed
301476,unrelated
11444,unrelated
226999,agreed
287036,unrelated
179805,unrelated
284578,agreed
318680,unrelated
295326,unrelated
80287,agreed
263065,unrelated
59038,unrelated
206692,unrelated
208542,unrelated
91805,agreed
303546,agreed
92356,agreed
80141,unrelated
244928,unrelated
315206,unrelated
282150,disagreed
272431,unrelated
286686,unrelated
33521,unrelated
252435,unrelated
181167,unrelated
256343,agreed
92740,unrelated
210185,unrelated
87311,agreed
291196,agreed
189027,unrelated
135479,unrelated
76499,agreed
153903,unrelated
47389,unrelated
24663,unrelated
179362,agreed
29474,unrelated
99915,unrelated
39562,agreed
83002,unrelated
167494,unrelated
298076,unrelated
104147,unrelated
5554,unrelated
34116,unrelated
205066,unrelated
48058,unrelated
188358,disagreed
168416,unrelated
4058,agreed
227858,unrelated
145084,unrelated
227687,unrelated
232769,unrelated
297062,unrelated
241944,agreed
177382,agreed
115338,agreed
104859,unrelated
265998,unrelated
23490,unrelated
163903,unrelated
14935,unrelated
135777,agreed
118365,agreed
218982,unrelated
158603,unrelated
146641,agreed
141652,agreed
233469,unrelated
293801,unrelated
86847,unrelated
266914,agreed
51277,unrelated
101846,unrelated
2981,unrelated
300576,unrelated
98460,agreed
1300,unrelated
256969,unrelated
292118,unrelated
49957,unrelated
202071,agreed
79634,unrelated
223078,unrelated
195197,agreed
46293,agreed
308242,unrelated
88572,agreed
9090,unrelated
161752,unrelated
18131,unrelated
259627,agreed
16533,agreed
93845,unrelated
273595,disagreed
21265,unrelated
154221,unrelated
236386,unrelated
208328,unrelated
187162,unrelated
262503,unrelated
297808,unrelated
300744,unrelated
146366,unrelated
291806,unrelated
209405,unrelated
204696,unrelated
222824,agreed
185349,unrelated
42153,agreed
181649,unrelated
167740,unrelated
84860,unrelated
219727,unrelated
249082,unrelated
21060,unrelated
33667,unrelated
277910,unrelated
21926,unrelated
102332,agreed
106335,unrelated
90733,unrelated
147547,unrelated
16494,unrelated
267544,unrelated
268609,unrelated
301582,unrelated
276839,unrelated
19550,unrelated
94743,unrelated
210674,unrelated
47266,unrelated
89407,agreed
99628,disagreed
53264,unrelated
196337,agreed
306256,unrelated
68530,agreed
45096,unrelated
297056,unrelated
117749,unrelated
33470,unrelated
7268,unrelated
166906,agreed
130087,unrelated
297495,unrelated
135906,unrelated
67958,unrelated
259516,unrelated
48370,unrelated
68904,unrelated
297499,unrelated
22248,unrelated
104779,unrelated
225035,unrelated
270532,agreed
136139,unrelated
7820,unrelated
275134,agreed
136988,unrelated
85582,unrelated
150643,unrelated
76995,agreed
57702,unrelated
74803,unrelated
122977,unrelated
104956,unrelated
214107,unrelated
286566,unrelated
298550,unrelated
204464,unrelated
212162,agreed
131819,agreed
268480,agreed
2500,agreed
123944,agreed
191114,agreed
286932,unrelated
217123,agreed
48178,unrelated
1357,unrelated
240677,unrelated
50719,unrelated
42917,unrelated
190815,agreed
141166,unrelated
63508,unrelated
67943,unrelated
252538,unrelated
232547,unrelated
97133,unrelated
281680,unrelated
170554,unrelated
165108,unrelated
236776,unrelated
216580,unrelated
316165,unrelated
258202,unrelated
192824,unrelated
61892,unrelated
236041,agreed
106516,agreed
121466,agreed
52951,unrelated
111835,unrelated
296089,unrelated
241176,unrelated
233693,unrelated
201755,agreed
283090,unrelated
155750,agreed
206,unrelated
37091,agreed
166547,unrelated
84726,agreed
161746,unrelated
287894,unrelated
32598,unrelated
246078,agreed
159655,disagreed
251640,unrelated
24633,unrelated
197135,unrelated
75511,unrelated
216293,unrelated
304874,unrelated
175660,unrelated
272843,unrelated
273569,agreed
101185,agreed
197179,unrelated
36981,unrelated
285902,agreed
251461,unrelated
76339,agreed
286660,agreed
77059,agreed
248569,unrelated
68399,agreed
67067,unrelated
1490,unrelated
294063,agreed
19578,unrelated
133328,unrelated
86213,unrelated
204836,unrelated
266955,agreed
114896,agreed
95298,agreed
276300,unrelated
2675,unrelated
205924,unrelated
303263,unrelated
64398,agreed
82256,agreed
91881,unrelated
263218,unrelated
68965,unrelated
130083,unrelated
263723,unrelated
229128,agreed
314840,unrelated
277914,unrelated
300955,unrelated
63736,unrelated
44855,unrelated
99434,unrelated
233170,unrelated
314297,unrelated
218729,unrelated
58955,unrelated
317947,agreed
14091,unrelated
246878,agreed
149375,unrelated
64840,agreed
318324,unrelated
134761,unrelated
138345,unrelated
66279,unrelated
17821,unrelated
66570,unrelated
281922,unrelated
120715,unrelated
270165,unrelated
130311,unrelated
104404,unrelated
24840,unrelated
162171,unrelated
192919,unrelated
53804,unrelated
176738,unrelated
125770,agreed
96040,unrelated
128994,unrelated
298454,unrelated
191989,unrelated
189345,unrelated
259504,agreed
72839,unrelated
18511,unrelated
234093,unrelated
251017,unrelated
170174,unrelated
272838,unrelated
231865,agreed
67504,unrelated
50726,unrelated
251682,agreed
116318,agreed
168062,unrelated
265695,unrelated
1549,unrelated
274972,unrelated
306490,unrelated
318172,agreed
281635,agreed
100392,unrelated
282140,unrelated
309420,unrelated
194710,unrelated
226335,unrelated
256612,unrelated
189426,agreed
189862,unrelated
271597,unrelated
168334,unrelated
164373,agreed
319441,unrelated
35250,unrelated
130790,agreed
243981,unrelated
88447,unrelated
11267,unrelated
227857,agreed
49736,unrelated
124222,unrelated
274791,agreed
174349,unrelated
39045,agreed
157612,unrelated
26569,unrelated
270270,unrelated
116403,agreed
145934,unrelated
176321,unrelated
103189,unrelated
275330,unrelated
39340,unrelated
172751,unrelated
186777,unrelated
290667,unrelated
305211,unrelated
93763,unrelated
118722,unrelated
41614,unrelated
298419,unrelated
100182,unrelated
315805,unrelated
203033,agreed
207660,unrelated
88115,agreed
180327,unrelated
289098,agreed
124466,unrelated
107155,agreed
147792,agreed
270002,agreed
223973,unrelated
53380,unrelated
114971,agreed
214813,unrelated
133288,unrelated
160218,unrelated
181584,agreed
205478,unrelated
242184,unrelated
28929,agreed
261922,agreed
198394,agreed
149593,unrelated
132077,unrelated
188937,unrelated
275244,unrelated
180337,unrelated
267048,agreed
260336,agreed
176263,unrelated
212408,unrelated
214540,agreed
215510,unrelated
71847,unrelated
212442,agreed
92076,agreed
191849,unrelated
82521,unrelated
140596,agreed
170678,unrelated
223606,disagreed
83602,agreed
298028,unrelated
38962,unrelated
95722,unrelated
229884,unrelated
272509,unrelated
239753,unrelated
146847,unrelated
202716,agreed
69190,agreed
139053,agreed
155613,unrelated
107672,unrelated
5574,unrelated
50064,unrelated
223745,disagreed
132344,agreed
202752,agreed
53661,unrelated
132575,unrelated
24210,disagreed
227744,unrelated
154806,unrelated
111407,unrelated
304534,unrelated
304457,agreed
115502,agreed
167246,unrelated
274598,unrelated
277385,unrelated
198115,unrelated
62630,unrelated
67857,unrelated
230798,unrelated
278479,unrelated
314507,agreed
294388,unrelated
247146,unrelated
202167,unrelated
62619,agreed
101348,unrelated
102890,unrelated
224469,agreed
274930,agreed
293401,unrelated
34526,agreed
65774,unrelated
301319,unrelated
221877,agreed
78571,unrelated
102326,unrelated
224670,unrelated
218427,unrelated
236571,unrelated
240463,unrelated
235132,unrelated
319942,agreed
141287,agreed
319980,agreed
317069,agreed
28951,unrelated
319158,unrelated
167463,unrelated
45353,agreed
28149,unrelated
57141,unrelated
32622,unrelated
289885,agreed
302686,unrelated
247530,unrelated
276835,unrelated
219576,unrelated
213054,unrelated
272724,unrelated
284828,unrelated
205647,unrelated
124848,unrelated
290857,agreed
89795,unrelated
233779,unrelated
275402,unrelated
149095,unrelated
270584,agreed
249542,unrelated
231822,agreed
60990,unrelated
39282,unrelated
53178,unrelated
201328,unrelated
261574,unrelated
103102,unrelated
108131,agreed
148636,unrelated
308424,agreed
80599,unrelated
77382,unrelated
120502,unrelated
264264,unrelated
275166,unrelated
38474,unrelated
213888,agreed
177311,agreed
72099,unrelated
83556,unrelated
80992,unrelated
284842,unrelated
284653,agreed
10877,agreed
114488,agreed
132133,unrelated
310524,agreed
180918,unrelated
90676,unrelated
236540,unrelated
110527,unrelated
272499,unrelated
69921,unrelated
267222,unrelated
13997,unrelated
53035,unrelated
148948,unrelated
69235,unrelated
171698,unrelated
53294,agreed
69673,unrelated
87753,unrelated
85074,unrelated
197328,unrelated
80148,unrelated
117346,unrelated
223918,unrelated
302626,agreed
249015,unrelated
303447,unrelated
51681,unrelated
8695,unrelated
23441,unrelated
78718,unrelated
186185,agreed
82497,unrelated
70732,agreed
286745,unrelated
118769,unrelated
149218,unrelated
261106,unrelated
177816,agreed
21506,agreed
178385,unrelated
116259,agreed
188435,unrelated
275450,unrelated
168759,unrelated
230967,unrelated
156207,unrelated
90009,unrelated
279395,unrelated
270224,unrelated
95183,agreed
104316,unrelated
266937,agreed
22863,unrelated
30524,unrelated
100956,unrelated
98681,unrelated
274061,unrelated
212577,agreed
298855,unrelated
81415,unrelated
101932,unrelated
173090,unrelated
207374,unrelated
180859,unrelated
289949,unrelated
251547,unrelated
207726,unrelated
207889,agreed
298725,unrelated
302656,unrelated
153593,unrelated
209497,unrelated
187413,unrelated
118157,unrelated
44443,unrelated
230595,unrelated
33435,agreed
252833,unrelated
66746,unrelated
43976,agreed
283596,agreed
299718,unrelated
138070,agreed
320441,unrelated
200888,unrelated
131392,unrelated
130156,unrelated
291935,unrelated
188570,unrelated
43900,agreed
216245,agreed
308731,disagreed
252878,unrelated
175542,unrelated
83817,agreed
216698,unrelated
211906,unrelated
133684,unrelated
65926,agreed
288646,agreed
74617,unrelated
58830,unrelated
255395,unrelated
106131,agreed
205809,unrelated
305706,unrelated
227205,unrelated
240499,agreed
18735,agreed
304537,unrelated
56573,unrelated
191376,unrelated
92812,unrelated
88363,unrelated
49006,agreed
36279,unrelated
154577,agreed
307789,agreed
196430,agreed
163840,unrelated
70140,unrelated
320899,agreed
17297,agreed
57424,unrelated
297423,unrelated
306597,unrelated
179166,agreed
29642,unrelated
254986,agreed
222082,unrelated
92706,agreed
317781,unrelated
111399,agreed
42489,agreed
200687,unrelated
311308,unrelated
45906,unrelated
124540,unrelated
207955,agreed
140041,agreed
216609,unrelated
193866,agreed
214669,unrelated
80732,unrelated
47115,unrelated
12393,unrelated
205050,agreed
253920,unrelated
265954,unrelated
272771,unrelated
225912,agreed
303333,unrelated
318576,agreed
197458,disagreed
238758,agreed
312467,agreed
103237,unrelated
217882,unrelated
213053,unrelated
265502,agreed
93740,agreed
139772,unrelated
234274,unrelated
292989,unrelated
148726,agreed
233036,unrelated
104849,unrelated
196972,unrelated
256503,unrelated
224161,unrelated
106183,agreed
91525,unrelated
38521,unrelated
303794,agreed
185330,unrelated
315884,unrelated
117179,unrelated
73552,unrelated
298308,unrelated
29010,unrelated
272856,unrelated
20965,unrelated
86634,unrelated
91234,unrelated
181720,unrelated
212818,unrelated
9781,unrelated
319117,unrelated
131109,unrelated
69303,unrelated
192359,agreed
138806,agreed
197069,unrelated
78564,unrelated
132635,unrelated
198366,unrelated
216607,unrelated
77891,unrelated
233297,unrelated
38609,agreed
13221,unrelated
284657,unrelated
205305,unrelated
128264,unrelated
282464,unrelated
176099,agreed
314823,unrelated
77279,unrelated
184549,unrelated
125698,unrelated
69697,unrelated
46721,unrelated
29920,unrelated
154581,unrelated
107073,unrelated
252539,unrelated
189586,unrelated
21272,unrelated
83808,unrelated
316691,unrelated
157306,unrelated
58174,unrelated
237955,unrelated
107061,unrelated
139807,agreed
121412,unrelated
82930,agreed
148042,agreed
84945,agreed
315311,unrelated
140838,unrelated
5965,unrelated
96220,unrelated
272554,unrelated
315722,agreed
105220,unrelated
319494,unrelated
137504,agreed
198157,unrelated
226102,unrelated
170311,unrelated
113818,unrelated
258125,unrelated
306935,unrelated
17652,unrelated
247131,unrelated
29483,unrelated
170364,agreed
166128,agreed
257273,unrelated
232268,unrelated
292279,unrelated
119587,agreed
230507,unrelated
237755,unrelated
271125,agreed
46418,unrelated
2589,agreed
213519,unrelated
226189,unrelated
24003,unrelated
244261,unrelated
42870,unrelated
226365,unrelated
44600,agreed
237920,unrelated
29698,unrelated
224462,unrelated
5437,agreed
120925,unrelated
149217,unrelated
132061,unrelated
273141,agreed
173803,agreed
253152,unrelated
129227,unrelated
82744,disagreed
236117,unrelated
20053,unrelated
262969,unrelated
161360,agreed
240329,unrelated
285369,unrelated
199253,disagreed
83169,agreed
178487,unrelated
305119,unrelated
179911,agreed
190001,unrelated
112731,unrelated
19149,unrelated
25186,unrelated
299316,agreed
19715,unrelated
156049,unrelated
82049,agreed
139590,unrelated
168740,unrelated
51450,unrelated
234513,agreed
310949,unrelated
60390,unrelated
170700,unrelated
81094,unrelated
161158,unrelated
98966,unrelated
201804,agreed
186037,unrelated
204606,unrelated
292481,agreed
93952,agreed
38188,unrelated
6139,unrelated
180648,unrelated
82122,unrelated
198328,unrelated
169123,agreed
144010,unrelated
26526,agreed
103384,agreed
131052,unrelated
272083,unrelated
276638,agreed
232639,agreed
166921,agreed
163054,unrelated
215704,unrelated
111927,unrelated
247462,unrelated
199676,unrelated
160507,unrelated
25384,unrelated
76668,unrelated
4700,unrelated
39911,unrelated
15229,unrelated
105053,agreed
162517,unrelated
222925,unrelated
16282,unrelated
298392,unrelated
120308,agreed
225785,unrelated
233675,unrelated
52893,unrelated
248833,unrelated
248711,agreed
265626,unrelated
36557,unrelated
66778,unrelated
63515,unrelated
310604,agreed
77222,unrelated
258384,disagreed
27042,agreed
276122,unrelated
320797,agreed
97974,agreed
130873,unrelated
127428,unrelated
290705,unrelated
301852,agreed
123248,agreed
160527,agreed
73768,unrelated
214531,unrelated
64392,unrelated
281728,unrelated
242315,agreed
83308,unrelated
301967,unrelated
194424,agreed
24111,unrelated
316874,unrelated
181209,agreed
226923,agreed
236391,unrelated
271934,unrelated
37676,unrelated
234281,unrelated
265383,unrelated
26892,unrelated
173101,unrelated
60825,unrelated
313180,unrelated
186072,unrelated
28451,unrelated
29147,unrelated
185149,agreed
301831,unrelated
121049,agreed
281725,agreed
270862,unrelated
57455,unrelated
271466,unrelated
263690,unrelated
158547,unrelated
96067,unrelated
99686,disagreed
131709,agreed
52720,unrelated
41910,agreed
33807,unrelated
250139,unrelated
303998,unrelated
156772,agreed
222337,unrelated
159092,unrelated
258605,unrelated
135539,agreed
217985,unrelated
320951,unrelated
319230,unrelated
209526,unrelated
85524,unrelated
89751,unrelated
284264,unrelated
131516,agreed
176912,unrelated
199736,unrelated
221811,agreed
140481,unrelated
280119,unrelated
213333,disagreed
90297,unrelated
245449,agreed
311271,agreed
132889,agreed
47028,unrelated
277452,agreed
204490,unrelated
13363,agreed
14234,unrelated
44047,unrelated
85677,unrelated
253643,unrelated
99844,agreed
154732,unrelated
200577,agreed
171676,unrelated
240709,unrelated
47122,agreed
64788,disagreed
302713,unrelated
40912,unrelated
129538,unrelated
64241,unrelated
142764,unrelated
226394,unrelated
258076,agreed
44837,unrelated
117023,unrelated
236204,unrelated
298593,unrelated
208890,unrelated
241484,unrelated
111411,agreed
204461,unrelated
135114,unrelated
247713,unrelated
5758,unrelated
131633,unrelated
150580,unrelated
147124,agreed
97910,agreed
220805,unrelated
37925,unrelated
144448,unrelated
189366,unrelated
58758,unrelated
77849,unrelated
147162,agreed
229728,unrelated
279782,unrelated
158941,agreed
268214,agreed
9657,unrelated
56592,unrelated
301844,agreed
24206,unrelated
222846,agreed
76493,agreed
233581,unrelated
288887,unrelated
185889,unrelated
319399,unrelated
46358,agreed
176073,unrelated
225501,agreed
186519,unrelated
259101,unrelated
190829,unrelated
30272,unrelated
189522,agreed
10748,agreed
250669,unrelated
220242,unrelated
161552,unrelated
31966,unrelated
141614,unrelated
287339,unrelated
32454,agreed
52701,unrelated
13602,unrelated
120770,agreed
81337,unrelated
101261,agreed
22794,unrelated
201333,unrelated
114478,unrelated
231324,agreed
110422,agreed
122205,agreed
121987,unrelated
218957,unrelated
212192,agreed
211000,unrelated
280198,unrelated
3302,unrelated
315294,agreed
185597,unrelated
103343,agreed
199442,agreed
108121,agreed
122184,agreed
156794,unrelated
36155,unrelated
299714,unrelated
319647,unrelated
13102,unrelated
280602,agreed
30228,unrelated
34630,unrelated
260489,unrelated
105586,agreed
286109,unrelated
244553,disagreed
221247,agreed
64664,unrelated
82563,unrelated
89016,agreed
8390,unrelated
4490,unrelated
229237,unrelated
44141,unrelated
138411,unrelated
39845,unrelated
127534,agreed
142606,unrelated
28576,unrelated
186608,unrelated
202907,agreed
29760,unrelated
295371,unrelated
302564,agreed
77229,unrelated
89699,unrelated
181368,agreed
145862,unrelated
150842,unrelated
307088,unrelated
159404,agreed
278769,unrelated
157022,unrelated
9329,unrelated
134253,unrelated
202556,agreed
98508,agreed
195687,unrelated
208451,unrelated
79718,unrelated
268764,unrelated
242346,unrelated
103728,unrelated
72394,unrelated
197063,unrelated
288947,unrelated
239444,unrelated
170279,unrelated
20323,agreed
181738,agreed
269659,unrelated
1894,unrelated
4835,unrelated
184534,agreed
297342,unrelated
219472,unrelated
248742,unrelated
54702,unrelated
14663,unrelated
54683,unrelated
270049,unrelated
317819,agreed
234296,unrelated
297173,unrelated
209549,unrelated
261085,unrelated
143077,agreed
198767,unrelated
93300,unrelated
45223,unrelated
5995,agreed
164351,agreed
31813,unrelated
82274,agreed
239534,unrelated
226472,agreed
213506,agreed
299735,unrelated
215877,unrelated
124479,unrelated
51836,unrelated
239690,unrelated
170785,unrelated
202097,unrelated
212597,unrelated
24397,agreed
198688,agreed
5414,unrelated
183600,unrelated
93232,unrelated
307872,agreed
190254,unrelated
180938,agreed
186905,unrelated
158365,unrelated
280484,unrelated
300831,disagreed
28998,unrelated
277601,agreed
54841,unrelated
67385,unrelated
25294,unrelated
284228,unrelated
205387,unrelated
294623,unrelated
210921,unrelated
290150,unrelated
40090,agreed
12819,unrelated
108756,unrelated
49634,agreed
181243,unrelated
277062,agreed
20361,unrelated
55930,unrelated
317258,unrelated
111726,unrelated
195314,agreed
83519,unrelated
36119,unrelated
202714,unrelated
179038,agreed
158986,unrelated
195400,unrelated
306253,unrelated
29840,unrelated
148159,agreed
271293,agreed
4444,unrelated
258649,agreed
320461,unrelated
16790,unrelated
197798,unrelated
253100,unrelated
162182,unrelated
170095,unrelated
286805,agreed
139750,unrelated
127127,unrelated
183085,unrelated
253160,agreed
144604,agreed
201754,agreed
169032,unrelated
274684,unrelated
203875,agreed
298161,unrelated
237430,agreed
310750,agreed
237661,unrelated
134300,unrelated
161145,unrelated
135368,unrelated
8707,agreed
75898,unrelated
38716,unrelated
77241,agreed
57970,unrelated
284762,unrelated
144145,unrelated
216277,unrelated
115323,unrelated
2497,agreed
54690,unrelated
292429,unrelated
156015,unrelated
98584,unrelated
189500,unrelated
201,unrelated
270957,agreed
321039,unrelated
154845,unrelated
182700,unrelated
161969,unrelated
240765,unrelated
173125,unrelated
270780,unrelated
10604,agreed
245217,unrelated
37772,unrelated
69670,unrelated
205452,unrelated
81514,unrelated
50220,unrelated
297620,unrelated
287109,unrelated
46599,unrelated
171991,unrelated
141636,agreed
98185,unrelated
297718,unrelated
296690,unrelated
60699,unrelated
126727,unrelated
102396,agreed
152807,unrelated
129177,unrelated
216443,unrelated
35787,agreed
225318,unrelated
276029,unrelated
138611,unrelated
80526,unrelated
58549,unrelated
70603,unrelated
108962,unrelated
146956,unrelated
232077,agreed
98980,unrelated
231926,agreed
309021,agreed
81975,unrelated
52920,unrelated
154493,unrelated
178958,unrelated
160874,unrelated
60204,unrelated
265654,agreed
158411,agreed
1881,unrelated
210184,unrelated
95752,agreed
238892,unrelated
103996,agreed
199989,unrelated
245069,agreed
118125,unrelated
298190,unrelated
285490,unrelated
317479,unrelated
62047,unrelated
256210,agreed
31010,agreed
269296,unrelated
152499,unrelated
147078,agreed
219557,unrelated
237276,unrelated
160657,unrelated
225703,unrelated
215304,agreed
60731,unrelated
316127,unrelated
71814,unrelated
49129,agreed
143104,unrelated
20689,unrelated
88470,agreed
151106,unrelated
285615,agreed
251428,agreed
163795,unrelated
4525,unrelated
274971,unrelated
169272,agreed
219536,unrelated
31311,unrelated
59690,unrelated
117771,agreed
78039,unrelated
133673,unrelated
33450,agreed
133202,unrelated
298390,unrelated
34266,unrelated
146218,agreed
53470,agreed
161028,unrelated
27190,unrelated
24823,unrelated
217673,unrelated
133710,agreed
172709,unrelated
295855,unrelated
268932,unrelated
68040,unrelated
219175,agreed
267359,unrelated
167552,unrelated
81777,unrelated
301711,unrelated
93749,agreed
179735,unrelated
274522,unrelated
21096,unrelated
154161,agreed
302456,agreed
174859,agreed
151555,unrelated
252021,unrelated
247842,unrelated
27614,unrelated
134309,unrelated
269145,unrelated
91542,unrelated
84577,agreed
85495,unrelated
81698,agreed
244534,unrelated
176096,unrelated
300388,unrelated
156737,agreed
270859,unrelated
3379,unrelated
288098,unrelated
44534,unrelated
30000,unrelated
48444,agreed
168800,unrelated
207449,unrelated
275162,agreed
101634,agreed
158776,unrelated
150166,agreed
100988,unrelated
6625,unrelated
35285,unrelated
176344,agreed
248108,unrelated
179874,agreed
252262,unrelated
167021,unrelated
71884,disagreed
247178,unrelated
146527,unrelated
317119,agreed
241433,unrelated
17097,unrelated
158697,unrelated
155609,unrelated
187806,unrelated
75477,agreed
180984,unrelated
157373,unrelated
41973,agreed
189892,agreed
35519,unrelated
37250,agreed
170978,unrelated
222641,agreed
18771,unrelated
82664,unrelated
232585,unrelated
190415,unrelated
180117,unrelated
288526,unrelated
238654,unrelated
65738,unrelated
309354,agreed
142504,unrelated
55181,unrelated
72802,unrelated
140590,agreed
176514,unrelated
80781,agreed
162845,unrelated
15128,agreed
245587,agreed
286838,unrelated
168874,unrelated
221015,agreed
13712,agreed
265936,unrelated
151538,unrelated
228425,unrelated
59740,unrelated
101295,disagreed
258275,agreed
193130,unrelated
191043,unrelated
230603,agreed
291919,unrelated
10089,unrelated
249564,unrelated
197608,agreed
295405,unrelated
28640,unrelated
185582,unrelated
62049,unrelated
118264,agreed
28433,unrelated
237063,unrelated
315005,unrelated
249974,unrelated
144878,agreed
162687,agreed
315146,agreed
36353,unrelated
259846,unrelated
111597,unrelated
232205,unrelated
127358,unrelated
77395,unrelated
278689,unrelated
219000,unrelated
286687,unrelated
162753,agreed
223638,unrelated
104558,unrelated
91437,unrelated
68273,unrelated
213662,unrelated
56239,unrelated
119619,unrelated
246329,agreed
304308,unrelated
135530,unrelated
279073,agreed
319771,unrelated
40665,unrelated
140265,unrelated
218081,agreed
143518,unrelated
158628,unrelated
71164,unrelated
298983,unrelated
50054,unrelated
159919,unrelated
97389,unrelated
114353,agreed
266304,agreed
68483,unrelated
48873,unrelated
53654,unrelated
190178,unrelated
32142,unrelated
247737,unrelated
262492,unrelated
285509,unrelated
297029,unrelated
216865,unrelated
47747,unrelated
267754,unrelated
48446,agreed
261449,disagreed
126142,agreed
157083,unrelated
311690,unrelated
216184,agreed
251,disagreed
126925,unrelated
98863,agreed
253809,agreed
107102,unrelated
161263,agreed
10119,unrelated
165652,unrelated
95699,agreed
86354,unrelated
315396,agreed
36958,agreed
54578,unrelated
54206,unrelated
119338,unrelated
309454,unrelated
201187,unrelated
220417,unrelated
305096,agreed
128479,disagreed
196043,unrelated
219390,unrelated
160712,agreed
210094,unrelated
72531,unrelated
65467,unrelated
62972,unrelated
107447,agreed
299890,agreed
5152,agreed
264771,unrelated
149542,unrelated
193363,unrelated
49991,unrelated
279615,unrelated
227120,agreed
199763,unrelated
117896,unrelated
224249,unrelated
282648,agreed
243566,agreed
311543,unrelated
33503,unrelated
294912,unrelated
23753,unrelated
94108,unrelated
300923,unrelated
45720,agreed
243589,unrelated
62731,unrelated
304153,unrelated
268591,unrelated
220941,agreed
134465,agreed
274067,unrelated
301720,agreed
257748,agreed
111675,agreed
116112,unrelated
51261,unrelated
166936,unrelated
133176,agreed
164015,unrelated
259910,unrelated
197180,unrelated
148513,unrelated
248857,unrelated
301923,agreed
245480,agreed
80011,unrelated
304729,unrelated
51533,agreed
130569,agreed
152659,disagreed
1617,agreed
135399,agreed
222276,agreed
174810,agreed
277459,agreed
152731,agreed
311103,agreed
214583,unrelated
58979,unrelated
114621,agreed
253342,unrelated
1066,unrelated
294416,unrelated
319834,unrelated
42628,agreed
294685,disagreed
23740,unrelated
278692,agreed
22522,unrelated
185565,agreed
285934,agreed
177325,unrelated
46107,unrelated
273797,unrelated
309189,unrelated
275766,unrelated
154340,unrelated
18943,unrelated
189813,agreed
118885,unrelated
20300,unrelated
68360,unrelated
182415,unrelated
93013,unrelated
166496,unrelated
241432,unrelated
77778,agreed
210720,unrelated
180602,unrelated
174385,unrelated
189964,agreed
46942,unrelated
185732,agreed
314290,unrelated
254624,disagreed
146181,agreed
89857,unrelated
200256,unrelated
262052,unrelated
275552,unrelated
73306,unrelated
89206,unrelated
115619,unrelated
57357,unrelated
230145,unrelated
266854,agreed
169821,unrelated
190808,unrelated
281517,agreed
83185,agreed
35688,agreed
81113,unrelated
198885,agreed
135331,agreed
7336,unrelated
281454,agreed
77251,unrelated
153353,unrelated
248158,unrelated
47620,unrelated
111507,unrelated
266201,unrelated
143613,agreed
224431,unrelated
80137,unrelated
61490,agreed
103673,agreed
32001,unrelated
117625,unrelated
136099,agreed
49273,unrelated
11914,unrelated
51740,agreed
278163,unrelated
180251,agreed
179730,unrelated
209917,agreed
214700,unrelated
248329,unrelated
144421,agreed
223144,unrelated
46369,agreed
33786,unrelated
269251,agreed
229519,agreed
202532,agreed
302950,unrelated
318142,unrelated
241377,unrelated
291469,unrelated
225386,unrelated
91753,agreed
22817,unrelated
289418,agreed
133681,unrelated
53771,agreed
66825,unrelated
1252,unrelated
57927,unrelated
274319,unrelated
198760,unrelated
92236,unrelated
275042,unrelated
307698,unrelated
109381,unrelated
192732,unrelated
77751,agreed
254545,agreed
214767,unrelated
31152,unrelated
116893,unrelated
44678,unrelated
230110,unrelated
241875,unrelated
306827,agreed
261159,agreed
237363,unrelated
86783,unrelated
110044,unrelated
238441,unrelated
132631,unrelated
63622,unrelated
317718,unrelated
167429,unrelated
102283,unrelated
107720,unrelated
170209,unrelated
53309,agreed
242831,unrelated
138895,unrelated
15654,unrelated
277643,agreed
150632,unrelated
216880,unrelated
309942,agreed
65388,unrelated
230968,agreed
315429,agreed
1007,unrelated
26804,unrelated
295472,unrelated
281749,agreed
158688,unrelated
230122,agreed
86933,unrelated
145580,agreed
245770,unrelated
32534,agreed
301632,unrelated
189208,unrelated
212052,unrelated
291646,agreed
276043,unrelated
52346,unrelated
264069,agreed
286149,unrelated
314537,agreed
25343,unrelated
227776,unrelated
193785,agreed
47428,unrelated
122034,unrelated
157246,unrelated
203987,unrelated
281191,unrelated
49528,unrelated
278869,unrelated
22004,unrelated
63056,unrelated
56667,unrelated
290321,unrelated
81106,unrelated
49559,unrelated
9901,unrelated
298690,unrelated
55559,unrelated
296141,unrelated
147741,unrelated
281246,unrelated
4391,unrelated
79548,disagreed
234123,unrelated
174528,agreed
67967,agreed
134217,agreed
278892,unrelated
284301,unrelated
43923,unrelated
131429,agreed
166849,agreed
234206,agreed
285802,unrelated
196759,unrelated
271181,unrelated
7400,unrelated
319649,unrelated
128580,agreed
108696,agreed
290475,unrelated
41942,agreed
255370,unrelated
183235,unrelated
79680,unrelated
229679,agreed
180410,unrelated
227011,agreed
198687,agreed
274811,agreed
206400,unrelated
65067,unrelated
42720,unrelated
182863,agreed
220753,agreed
9504,agreed
236666,unrelated
44010,unrelated
297151,unrelated
245961,unrelated
181957,unrelated
254634,agreed
103132,agreed
90258,agreed
255565,unrelated
150017,unrelated
98082,agreed
181135,unrelated
242454,unrelated
233586,unrelated
121065,agreed
32719,unrelated
40188,unrelated
275721,unrelated
259253,unrelated
2638,agreed
80983,unrelated
182807,agreed
62546,agreed
131348,unrelated
3305,unrelated
263617,unrelated
58745,unrelated
126192,agreed
76405,agreed
301267,unrelated
203266,agreed
283367,unrelated
113730,unrelated
22860,unrelated
293171,unrelated
3965,unrelated
217619,unrelated
252011,agreed
93750,agreed
316834,unrelated
188234,agreed
188639,unrelated
174041,agreed
213284,disagreed
142564,agreed
434,unrelated
187423,unrelated
188830,unrelated
316392,agreed
299342,unrelated
185927,unrelated
146097,agreed
36750,unrelated
171392,unrelated
45023,unrelated
32006,unrelated
270730,unrelated
114689,unrelated
2089,agreed
268752,agreed
16303,unrelated
149645,unrelated
319941,agreed
216180,agreed
99316,unrelated
65408,unrelated
285386,unrelated
298251,unrelated
145926,unrelated
212547,unrelated
173806,unrelated
14779,unrelated
264382,unrelated
298320,unrelated
73840,unrelated
272808,unrelated
199078,unrelated
145780,unrelated
141077,unrelated
208518,unrelated
86112,unrelated
227334,agreed
119457,unrelated
150756,unrelated
155267,unrelated
43028,agreed
205686,unrelated
87455,agreed
308564,unrelated
120385,unrelated
38723,unrelated
195824,unrelated
290076,unrelated
140128,agreed
175374,unrelated
125779,agreed
73537,unrelated
133775,agreed
266253,unrelated
292120,agreed
98207,unrelated
79839,unrelated
157755,unrelated
76067,unrelated
10286,agreed
217434,unrelated
55540,unrelated
144619,unrelated
269737,disagreed
66117,agreed
320891,unrelated
213841,unrelated
297568,unrelated
185619,unrelated
298724,unrelated
139708,unrelated
110177,unrelated
98703,agreed
106419,unrelated
82520,unrelated
51603,unrelated
140108,unrelated
254368,unrelated
314258,unrelated
30763,unrelated
40855,unrelated
89702,unrelated
205757,unrelated
138133,unrelated
175731,agreed
121843,unrelated
25631,unrelated
246172,unrelated
278191,unrelated
307856,agreed
179072,unrelated
112334,agreed
276128,unrelated
303152,unrelated
129790,unrelated
170314,unrelated
307967,unrelated
56412,unrelated
240059,unrelated
79386,unrelated
196751,agreed
295312,unrelated
224242,unrelated
209975,agreed
56272,unrelated
239911,unrelated
252321,unrelated
53950,unrelated
110690,unrelated
267060,agreed
319479,agreed
218640,unrelated
64858,unrelated
163435,agreed
288668,unrelated
255008,agreed
99312,unrelated
139820,agreed
198344,unrelated
93640,agreed
69277,unrelated
38477,unrelated
234836,unrelated
86857,unrelated
102603,agreed
120009,unrelated
166256,agreed
60234,unrelated
124480,unrelated
100313,unrelated
93667,agreed
52684,unrelated
61916,unrelated
17102,unrelated
112506,disagreed
215937,unrelated
161481,unrelated
259862,unrelated
258173,unrelated
148013,unrelated
271742,unrelated
248939,unrelated
255520,unrelated
235075,unrelated
240941,unrelated
282591,agreed
304739,unrelated
231527,unrelated
180743,agreed
148126,agreed
182644,unrelated
71749,unrelated
114329,unrelated
184092,unrelated
35920,unrelated
314041,agreed
125024,agreed
311467,agreed
303381,unrelated
249468,agreed
175798,agreed
34809,unrelated
156726,agreed
317334,unrelated
83924,unrelated
225119,unrelated
184590,unrelated
301024,unrelated
166393,agreed
160927,unrelated
217206,unrelated
217260,unrelated
93923,agreed
124109,agreed
199089,unrelated
216588,unrelated
131969,unrelated
177679,agreed
315689,agreed
18527,unrelated
120348,unrelated
56730,unrelated
258259,unrelated
111480,unrelated
218190,unrelated
310143,agreed
310523,agreed
311896,agreed
178122,agreed
111834,unrelated
275586,unrelated
255784,unrelated
80286,agreed
106760,unrelated
320239,unrelated
298928,unrelated
92963,agreed
179097,unrelated
89915,unrelated
94180,unrelated
133159,unrelated
30829,agreed
289351,unrelated
106936,agreed
27387,unrelated
105176,unrelated
239480,unrelated
74090,agreed
60880,unrelated
85708,unrelated
94848,unrelated
114152,unrelated
235974,unrelated
45221,unrelated
94134,unrelated
163642,agreed
151876,agreed
195529,agreed
191626,unrelated
320339,agreed
33656,agreed
215235,agreed
299528,unrelated
225860,unrelated
212317,unrelated
103957,unrelated
313335,unrelated
19999,unrelated
80063,unrelated
279618,unrelated
164586,unrelated
49520,unrelated
278795,unrelated
117822,unrelated
315732,unrelated
60200,agreed
227528,unrelated
191270,unrelated
43139,unrelated
138320,unrelated
54674,unrelated
102725,unrelated
298700,unrelated
93432,unrelated
61587,unrelated
230316,unrelated
142708,agreed
133814,unrelated
152552,unrelated
69442,unrelated
198766,unrelated
10630,unrelated
119495,unrelated
5201,agreed
242237,unrelated
41702,unrelated
307621,unrelated
194138,unrelated
270889,unrelated
173540,unrelated
81348,unrelated
317905,unrelated
99034,unrelated
282005,agreed
126297,unrelated
106425,unrelated
164232,agreed
123078,unrelated
159961,unrelated
190473,unrelated
199899,unrelated
148778,unrelated
220768,agreed
47571,unrelated
299108,unrelated
162333,unrelated
139966,unrelated
264741,agreed
179793,unrelated
300048,unrelated
313469,unrelated
251861,agreed
26899,unrelated
27347,unrelated
227638,agreed
162073,unrelated
142094,unrelated
198995,unrelated
195945,unrelated
27117,unrelated
153526,unrelated
310034,unrelated
50204,agreed
40865,agreed
281248,unrelated
65968,unrelated
98704,agreed
20430,unrelated
175543,unrelated
303049,unrelated
305974,unrelated
98644,unrelated
50648,unrelated
67194,agreed
279084,agreed
147469,agreed
65264,agreed
94520,unrelated
297694,unrelated
181121,agreed
12811,unrelated
44247,unrelated
173213,unrelated
294442,unrelated
147253,unrelated
105979,unrelated
137925,unrelated
33977,unrelated
52385,agreed
69685,unrelated
223248,disagreed
217467,unrelated
189045,unrelated
229669,agreed
284303,unrelated
131848,unrelated
64469,unrelated
67133,unrelated
169055,unrelated
288576,unrelated
18060,unrelated
299966,unrelated
211342,unrelated
270100,agreed
239469,unrelated
16970,agreed
244692,unrelated
28789,unrelated
220237,unrelated
179880,agreed
175553,unrelated
105549,unrelated
110002,unrelated
68545,agreed
236148,unrelated
303665,unrelated
317986,unrelated
264417,unrelated
309585,unrelated
103730,unrelated
296744,unrelated
100537,unrelated
306203,unrelated
215288,unrelated
198550,unrelated
257275,unrelated
59581,agreed
294089,unrelated
203578,unrelated
9582,agreed
127325,unrelated
39197,unrelated
3713,agreed
201687,unrelated
256628,agreed
249969,unrelated
312422,unrelated
157296,unrelated
38606,unrelated
1200,unrelated
151586,unrelated
266930,agreed
231371,unrelated
148965,unrelated
158464,unrelated
185027,unrelated
10536,unrelated
121950,agreed
15237,agreed
143527,unrelated
285861,unrelated
68982,agreed
188410,unrelated
127208,unrelated
165260,unrelated
74070,unrelated
38067,unrelated
303446,unrelated
25763,unrelated
89235,unrelated
271524,agreed
230223,agreed
281666,unrelated
170950,unrelated
219053,unrelated
110017,unrelated
97789,unrelated
2615,unrelated
192285,unrelated
198931,agreed
166904,unrelated
252953,unrelated
48614,unrelated
303898,agreed
290114,unrelated
88000,agreed
56585,agreed
204770,agreed
63444,unrelated
177991,unrelated
287450,unrelated
46487,unrelated
58707,agreed
70057,unrelated
107444,agreed
290675,unrelated
253245,unrelated
56829,unrelated
60206,agreed
53339,unrelated
274191,agreed
304146,unrelated
218129,unrelated
3646,agreed
237388,unrelated
3270,unrelated
157269,agreed
319637,unrelated
87268,agreed
238267,unrelated
66219,unrelated
243648,agreed
81339,unrelated
52506,unrelated
9559,agreed
48701,unrelated
173743,agreed
170206,unrelated
201381,disagreed
292418,unrelated
201449,unrelated
111127,unrelated
234726,unrelated
290089,unrelated
120332,agreed
194853,unrelated
261360,agreed
212749,unrelated
284240,unrelated
111874,unrelated
44781,unrelated
134662,unrelated
273190,unrelated
259601,unrelated
90800,unrelated
183641,agreed
20115,unrelated
309551,unrelated
157341,unrelated
148103,agreed
93474,unrelated
300605,unrelated
278988,unrelated
125230,unrelated
144186,unrelated
122866,unrelated
283440,unrelated
182987,agreed
51374,unrelated
148822,unrelated
39460,unrelated
69849,agreed
252114,unrelated
205422,agreed
207490,unrelated
67994,unrelated
319532,unrelated
121916,unrelated
13408,unrelated
269790,agreed
112915,unrelated
84694,agreed
26359,unrelated
231081,agreed
130231,unrelated
319483,agreed
290163,unrelated
82678,unrelated
238393,agreed
174552,unrelated
55137,unrelated
39786,unrelated
239090,unrelated
59062,unrelated
38046,unrelated
128738,disagreed
309124,unrelated
282661,agreed
83154,agreed
190689,unrelated
308666,agreed
47499,unrelated
47682,unrelated
79673,unrelated
272127,agreed
313445,unrelated
309999,unrelated
232808,unrelated
318450,agreed
63697,agreed
205812,unrelated
23689,unrelated
91797,unrelated
247693,unrelated
279538,agreed
290000,unrelated
35350,unrelated
237953,unrelated
16322,unrelated
148889,unrelated
15469,agreed
200252,unrelated
185122,unrelated
68975,unrelated
146829,unrelated
119356,agreed
79961,agreed
1999,unrelated
67729,unrelated
181536,agreed
211743,agreed
204944,agreed
188607,unrelated
75806,unrelated
294480,unrelated
197959,agreed
273893,unrelated
301763,agreed
189578,unrelated
312154,unrelated
276578,agreed
289817,agreed
277879,unrelated
235921,agreed
91101,unrelated
276755,unrelated
40756,agreed
144793,unrelated
107443,agreed
64485,agreed
287138,unrelated
121794,unrelated
225542,unrelated
141846,unrelated
320307,unrelated
197227,unrelated
179584,unrelated
205383,agreed
161583,unrelated
243650,agreed
43115,agreed
220635,agreed
237067,unrelated
285287,unrelated
178869,agreed
206878,agreed
25499,agreed
140724,unrelated
122204,agreed
173907,agreed
167130,agreed
284356,unrelated
285464,unrelated
248603,unrelated
136602,unrelated
291493,unrelated
192706,unrelated
20122,agreed
6455,unrelated
124884,unrelated
163097,agreed
18075,agreed
104842,unrelated
14058,unrelated
161859,unrelated
228566,agreed
146206,agreed
234389,agreed
267891,agreed
121317,disagreed
273401,unrelated
109817,unrelated
144178,agreed
188878,unrelated
286711,unrelated
162871,unrelated
96687,unrelated
278284,unrelated
182305,unrelated
281884,unrelated
86767,unrelated
273006,unrelated
56713,unrelated
256906,unrelated
105930,agreed
176417,unrelated
92030,agreed
22549,unrelated
308290,unrelated
299861,unrelated
14475,unrelated
227091,unrelated
224934,unrelated
94890,unrelated
52618,unrelated
218276,unrelated
214168,agreed
187200,unrelated
179302,unrelated
37008,unrelated
276405,unrelated
72563,unrelated
285687,unrelated
112446,unrelated
24885,unrelated
211571,agreed
144525,unrelated
277416,unrelated
287099,unrelated
79300,unrelated
87979,unrelated
51134,agreed
190137,unrelated
143556,unrelated
65890,unrelated
266205,unrelated
41661,agreed
101130,agreed
146374,agreed
281512,unrelated
184069,unrelated
65064,unrelated
208685,agreed
91825,agreed
250514,unrelated
134632,unrelated
245670,agreed
8096,agreed
235269,agreed
294716,unrelated
187768,unrelated
274372,unrelated
281983,agreed
133409,unrelated
118259,unrelated
241588,unrelated
15221,agreed
264811,agreed
209227,agreed
99549,unrelated
66734,agreed
265871,agreed
2401,unrelated
8645,unrelated
312639,agreed
175407,unrelated
121430,unrelated
249510,agreed
165816,agreed
29160,unrelated
18858,unrelated
299465,unrelated
124908,unrelated
22072,unrelated
240809,unrelated
145940,unrelated
315999,unrelated
215671,unrelated
143702,unrelated
185869,agreed
136918,unrelated
52121,agreed
195274,agreed
217491,agreed
301091,unrelated
299048,unrelated
61004,unrelated
202982,unrelated
132272,unrelated
209253,unrelated
7425,unrelated
23314,unrelated
294018,unrelated
184716,unrelated
147603,unrelated
8648,unrelated
219345,unrelated
199906,agreed
238534,agreed
182367,unrelated
55803,agreed
51731,unrelated
170292,unrelated
90470,agreed
272422,unrelated
154132,unrelated
213916,agreed
8379,unrelated
113437,unrelated
260337,unrelated
220256,unrelated
134799,unrelated
70872,unrelated
189062,agreed
274637,unrelated
213428,unrelated
54588,unrelated
132144,unrelated
103929,agreed
165231,unrelated
95778,agreed
100400,unrelated
235207,unrelated
311112,unrelated
16071,unrelated
195989,agreed
8566,unrelated
139991,agreed
315239,agreed
300747,unrelated
43437,unrelated
149139,unrelated
272704,unrelated
247788,unrelated
195979,agreed
20143,agreed
182717,agreed
178199,unrelated
281719,unrelated
315220,agreed
209561,agreed
290249,unrelated
215802,agreed
216108,agreed
211267,disagreed
151312,agreed
200312,agreed
87716,unrelated
13134,unrelated
99453,unrelated
212791,unrelated
120256,agreed
170382,unrelated
202555,agreed
264289,unrelated
191489,unrelated
200876,unrelated
188183,agreed
135705,agreed
63438,unrelated
31070,unrelated
85378,agreed
251448,agreed
79152,unrelated
257518,unrelated
248525,unrelated
247401,unrelated
217136,unrelated
158966,agreed
80339,agreed
14266,agreed
307980,unrelated
65516,unrelated
245831,unrelated
128056,unrelated
207641,unrelated
303288,unrelated
256744,unrelated
282914,unrelated
25247,unrelated
171193,unrelated
232366,agreed
189629,unrelated
289165,agreed
255650,unrelated
115746,unrelated
309998,unrelated
163884,unrelated
220807,unrelated
253389,unrelated
291325,unrelated
208876,unrelated
316017,agreed
33974,unrelated
115835,unrelated
226483,unrelated
256876,agreed
96253,unrelated
118440,unrelated
77297,unrelated
20162,unrelated
278387,unrelated
75030,unrelated
35469,agreed
200608,unrelated
262270,disagreed
181928,unrelated
255334,unrelated
174116,unrelated
287512,unrelated
91612,unrelated
253409,unrelated
185008,unrelated
307490,agreed
16503,unrelated
311483,unrelated
278241,unrelated
227067,unrelated
17904,agreed
114680,agreed
2526,unrelated
269259,unrelated
299122,unrelated
83985,unrelated
207457,unrelated
202834,unrelated
81438,unrelated
201348,unrelated
270839,unrelated
44359,unrelated
118611,unrelated
196618,unrelated
225236,unrelated
125360,agreed
37462,unrelated
136758,agreed
39778,unrelated
33532,agreed
16191,disagreed
49813,unrelated
19338,unrelated
147423,agreed
102010,unrelated
146187,agreed
150568,unrelated
11782,agreed
149456,agreed
16654,unrelated
149427,unrelated
81149,unrelated
65625,agreed
90931,unrelated
46959,unrelated
148793,unrelated
59467,unrelated
265766,agreed
56463,unrelated
62274,unrelated
67537,unrelated
232177,unrelated
67876,unrelated
275809,unrelated
100509,agreed
190948,unrelated
7049,agreed
88768,unrelated
119768,unrelated
283925,unrelated
118252,unrelated
252821,unrelated
300351,unrelated
58856,unrelated
165557,unrelated
121362,unrelated
83749,agreed
118233,unrelated
302121,agreed
120613,unrelated
133048,unrelated
132297,agreed
20185,unrelated
305523,unrelated
112257,unrelated
22158,unrelated
164911,agreed
271666,agreed
90700,unrelated
37722,unrelated
195724,agreed
53437,agreed
23720,unrelated
312930,agreed
102157,unrelated
228357,unrelated
63107,unrelated
125958,unrelated
97439,unrelated
52351,unrelated
277398,unrelated
35233,unrelated
295200,unrelated
319519,unrelated
92918,agreed
72023,unrelated
182071,agreed
208981,unrelated
57530,unrelated
139926,agreed
61355,unrelated
191134,agreed
93722,unrelated
260691,agreed
220354,agreed
178402,unrelated
23644,unrelated
199447,agreed
19639,unrelated
233491,unrelated
173274,unrelated
173897,unrelated
92627,agreed
105304,unrelated
213386,unrelated
7274,unrelated
59465,unrelated
85750,agreed
151282,unrelated
181338,unrelated
132070,unrelated
49923,agreed
254968,unrelated
205963,agreed
24267,unrelated
246640,unrelated
217734,unrelated
166630,unrelated
180095,unrelated
232479,agreed
61898,unrelated
228440,unrelated
262808,unrelated
215154,agreed
258634,unrelated
231140,unrelated
167297,agreed
317179,unrelated
176305,agreed
251256,agreed
212399,unrelated
237882,unrelated
219788,unrelated
19737,agreed
86664,unrelated
287029,unrelated
90002,unrelated
176166,unrelated
298456,unrelated
31415,unrelated
29785,unrelated
155075,unrelated
209420,unrelated
308523,agreed
107858,unrelated
274123,unrelated
189452,agreed
91910,agreed
46041,unrelated
13160,disagreed
310541,unrelated
28469,unrelated
37671,unrelated
229305,unrelated
218787,agreed
4573,unrelated
212866,unrelated
319374,unrelated
1901,unrelated
209065,unrelated
270765,unrelated
313647,unrelated
294297,agreed
259021,unrelated
295588,unrelated
130058,unrelated
36175,unrelated
136798,agreed
65529,agreed
186694,unrelated
198218,unrelated
127886,unrelated
80707,unrelated
100885,unrelated
92801,unrelated
208922,unrelated
282373,unrelated
86483,agreed
159659,unrelated
236088,unrelated
74447,unrelated
73154,unrelated
314982,unrelated
260548,unrelated
184678,disagreed
130829,agreed
191682,unrelated
67974,agreed
95079,agreed
25804,unrelated
181918,unrelated
107950,unrelated
255119,unrelated
79745,unrelated
195627,unrelated
189755,unrelated
107449,agreed
205111,unrelated
285914,agreed
69549,unrelated
195262,agreed
127459,unrelated
41422,agreed
291378,unrelated
25702,unrelated
137984,unrelated
45726,unrelated
5135,unrelated
217276,agreed
143845,unrelated
234431,agreed
247428,unrelated
75952,unrelated
71862,unrelated
263777,unrelated
157319,unrelated
155671,agreed
58363,unrelated
49292,unrelated
179529,unrelated
147502,unrelated
137336,unrelated
244439,unrelated
172063,unrelated
281170,unrelated
222430,unrelated
132305,unrelated
117973,unrelated
314188,unrelated
124061,unrelated
29355,agreed
264168,unrelated
167836,unrelated
48751,unrelated
43390,unrelated
308993,agreed
234455,agreed
14320,agreed
119384,agreed
73375,unrelated
270617,unrelated
253808,agreed
142882,unrelated
300595,unrelated
284970,unrelated
246246,agreed
33565,unrelated
185414,unrelated
3184,unrelated
108622,unrelated
270471,unrelated
241992,unrelated
30583,agreed
59892,unrelated
56029,agreed
293244,unrelated
132025,unrelated
150887,agreed
161942,unrelated
41756,unrelated
311369,agreed
218409,unrelated
217480,unrelated
148592,unrelated
260754,agreed
138721,unrelated
28921,agreed
312036,unrelated
225750,unrelated
36629,unrelated
180876,unrelated
256196,unrelated
183870,unrelated
145809,unrelated
187441,unrelated
217568,unrelated
144408,unrelated
78663,agreed
141381,unrelated
96547,agreed
269331,unrelated
50859,agreed
211509,agreed
165715,unrelated
133458,agreed
95449,unrelated
198239,unrelated
150147,agreed
147207,agreed
164994,disagreed
248415,unrelated
11608,unrelated
181754,unrelated
262204,agreed
244367,unrelated
290713,unrelated
290085,unrelated
222356,unrelated
85651,agreed
197046,unrelated
159495,unrelated
250110,unrelated
205396,unrelated
217319,unrelated
305104,agreed
50025,unrelated
106855,agreed
20874,unrelated
106161,agreed
221419,unrelated
156201,unrelated
217898,unrelated
267318,unrelated
286741,unrelated
115911,unrelated
292214,unrelated
268955,unrelated
4730,agreed
6829,unrelated
154423,unrelated
315947,unrelated
232562,unrelated
155295,unrelated
157506,disagreed
69336,agreed
20962,agreed
300803,unrelated
44007,unrelated
144110,unrelated
168772,unrelated
292157,unrelated
235906,unrelated
192373,unrelated
287273,unrelated
267877,unrelated
60837,agreed
127784,agreed
3692,agreed
987,agreed
268746,unrelated
2659,unrelated
303897,unrelated
91281,agreed
148119,agreed
238688,agreed
36374,unrelated
266308,agreed
240792,unrelated
84995,unrelated
72862,unrelated
86404,agreed
293580,unrelated
200165,unrelated
246870,unrelated
67417,agreed
191788,unrelated
229437,unrelated
297635,unrelated
124856,unrelated
71344,unrelated
214321,agreed
269239,unrelated
246825,agreed
51832,unrelated
31850,unrelated
9150,unrelated
177525,unrelated
225191,unrelated
203819,unrelated
231208,unrelated
209772,unrelated
306540,unrelated
189762,agreed
162909,unrelated
63471,unrelated
251677,unrelated
80086,unrelated
283647,unrelated
281772,unrelated
112895,agreed
203101,agreed
108783,agreed
238864,unrelated
97186,unrelated
210145,unrelated
267633,agreed
194656,agreed
293224,agreed
68219,unrelated
41425,agreed
15187,unrelated
169899,unrelated
15238,agreed
241636,unrelated
233388,agreed
59283,agreed
151477,unrelated
113898,agreed
298653,unrelated
214410,agreed
90593,agreed
171374,disagreed
264911,unrelated
60576,unrelated
125107,agreed
200411,unrelated
279731,agreed
65076,unrelated
219184,unrelated
84627,unrelated
242584,agreed
32771,agreed
30818,unrelated
235079,unrelated
223727,agreed
26543,unrelated
296626,unrelated
58332,unrelated
177288,agreed
258609,unrelated
10768,agreed
242971,unrelated
34470,unrelated
76967,agreed
231656,unrelated
288186,agreed
143510,unrelated
178412,unrelated
235830,unrelated
293482,agreed
178781,unrelated
160257,unrelated
211244,unrelated
267360,agreed
27024,unrelated
126131,agreed
57764,unrelated
304092,unrelated
86125,unrelated
267362,agreed
194464,agreed
132846,agreed
132814,agreed
8788,unrelated
215820,unrelated
86658,unrelated
113598,unrelated
92374,unrelated
142297,unrelated
13661,unrelated
319878,unrelated
58145,unrelated
108646,agreed
152990,unrelated
153853,unrelated
106270,unrelated
249311,unrelated
251003,agreed
134795,agreed
300059,unrelated
270065,unrelated
271151,agreed
127165,agreed
111006,unrelated
316777,unrelated
81220,unrelated
49927,agreed
84778,unrelated
173317,unrelated
318294,unrelated
96922,unrelated
212606,unrelated
10703,agreed
167951,unrelated
76734,unrelated
99335,unrelated
3883,unrelated
52534,unrelated
68631,unrelated
81789,agreed
141153,unrelated
43251,agreed
135464,unrelated
274111,unrelated
299197,unrelated
210754,unrelated
262128,unrelated
311413,unrelated
200371,unrelated
125236,unrelated
260376,unrelated
119428,unrelated
61184,unrelated
309798,agreed
41114,unrelated
213238,unrelated
247819,unrelated
176319,agreed
106938,agreed
279085,agreed
281668,unrelated
124802,unrelated
267772,agreed
163493,agreed
298354,unrelated
216412,agreed
167729,unrelated
69657,unrelated
248879,unrelated
31688,agreed
62541,unrelated
258320,agreed
236871,unrelated
40701,unrelated
49190,unrelated
144044,disagreed
79804,disagreed
27443,unrelated
153447,unrelated
217969,unrelated
71593,unrelated
269355,agreed
57845,unrelated
63735,unrelated
8468,unrelated
176200,unrelated
241845,unrelated
308816,unrelated
252276,unrelated
250098,unrelated
61963,unrelated
171364,unrelated
137146,unrelated
41475,agreed
320356,agreed
149472,unrelated
106612,unrelated
33983,unrelated
210216,unrelated
19635,unrelated
18606,unrelated
202438,agreed
215168,unrelated
46894,unrelated
303562,agreed
191373,unrelated
191630,unrelated
71688,unrelated
153547,unrelated
218607,unrelated
111992,unrelated
243048,unrelated
72738,unrelated
185215,agreed
230970,unrelated
249329,unrelated
93938,agreed
151881,agreed
49154,unrelated
264696,unrelated
3731,agreed
275910,unrelated
259647,agreed
310465,agreed
194557,agreed
129828,unrelated
7719,unrelated
197840,unrelated
69695,unrelated
295853,unrelated
58213,unrelated
9751,unrelated
70209,agreed
275644,unrelated
291949,unrelated
237028,unrelated
28714,unrelated
312030,unrelated
115681,unrelated
10440,unrelated
133850,agreed
156663,unrelated
223143,unrelated
13301,unrelated
301166,unrelated
76383,unrelated
57846,agreed
30742,unrelated
272429,unrelated
113949,unrelated
296447,unrelated
107338,agreed
196055,unrelated
228456,unrelated
108752,unrelated
247681,unrelated
152310,unrelated
141765,unrelated
291004,unrelated
26387,unrelated
13916,unrelated
270258,unrelated
244677,unrelated
224875,agreed
108253,unrelated
119038,unrelated
70102,unrelated
265011,unrelated
84103,unrelated
272734,unrelated
59648,unrelated
172250,unrelated
4872,agreed
22459,unrelated
263974,unrelated
197071,unrelated
1761,unrelated
115787,unrelated
302727,unrelated
127576,unrelated
165349,unrelated
146811,unrelated
230405,unrelated
188232,unrelated
54767,unrelated
70424,unrelated
67629,unrelated
24117,unrelated
49818,unrelated
131898,unrelated
141772,unrelated
174325,agreed
107182,unrelated
242099,unrelated
155175,unrelated
305487,unrelated
172930,unrelated
60493,agreed
67968,agreed
120946,unrelated
83687,unrelated
312116,unrelated
177041,agreed
225519,unrelated
85488,unrelated
170221,unrelated
189337,unrelated
214811,agreed
50362,unrelated
112658,unrelated
253685,unrelated
35324,agreed
262953,unrelated
260733,unrelated
289942,unrelated
295821,unrelated
189859,unrelated
43891,unrelated
151126,unrelated
206680,unrelated
24724,unrelated
35986,agreed
110952,agreed
80946,unrelated
159721,unrelated
85428,agreed
177127,unrelated
87957,unrelated
181441,unrelated
285122,unrelated
203205,agreed
44033,agreed
278952,unrelated
216025,unrelated
225344,unrelated
27377,agreed
266501,unrelated
113911,agreed
199911,unrelated
123388,agreed
228678,unrelated
37968,agreed
216736,unrelated
304760,unrelated
105957,unrelated
129850,agreed
194092,agreed
287639,unrelated
143694,unrelated
68426,agreed
79182,unrelated
107383,unrelated
25457,unrelated
120698,unrelated
236426,unrelated
42455,agreed
157948,agreed
37168,unrelated
211005,unrelated
51573,unrelated
29846,unrelated
250197,unrelated
36195,unrelated
74506,unrelated
35898,unrelated
56809,unrelated
189855,agreed
147051,agreed
140985,agreed
157934,agreed
158022,unrelated
255146,unrelated
13680,agreed
115415,unrelated
310394,unrelated
63123,unrelated
198942,agreed
10541,unrelated
234262,unrelated
159018,agreed
263095,agreed
80233,unrelated
263036,unrelated
196201,unrelated
180558,unrelated
311902,unrelated
213897,unrelated
293636,unrelated
316551,unrelated
27568,unrelated
119269,unrelated
317750,unrelated
49986,unrelated
14887,agreed
263955,agreed
320716,agreed
225890,unrelated
270698,agreed
263590,unrelated
213357,agreed
199108,unrelated
152613,agreed
284134,unrelated
2810,unrelated
33434,agreed
92434,agreed
262355,unrelated
144844,agreed
251229,unrelated
50125,agreed
180641,unrelated
64501,unrelated
16755,unrelated
196418,agreed
53727,unrelated
54233,agreed
85971,unrelated
89069,agreed
57697,unrelated
312395,agreed
296747,unrelated
229443,unrelated
20389,unrelated
196883,unrelated
9372,agreed
92462,unrelated
127089,unrelated
315772,unrelated
200766,agreed
219959,unrelated
174638,agreed
59776,unrelated
271734,unrelated
120845,unrelated
311914,unrelated
266486,unrelated
110331,unrelated
27446,unrelated
119284,agreed
185133,unrelated
177296,agreed
256899,unrelated
149800,unrelated
223980,agreed
283943,unrelated
1430,unrelated
307869,agreed
269196,unrelated
307558,unrelated
277948,unrelated
311199,agreed
296491,agreed
232298,unrelated
243617,unrelated
57068,unrelated
313055,unrelated
227439,unrelated
164929,unrelated
237436,unrelated
316167,unrelated
268595,unrelated
206156,agreed
16979,agreed
39915,agreed
173685,unrelated
229218,unrelated
25538,agreed
202883,unrelated
249811,unrelated
52443,agreed
204804,unrelated
97030,agreed
239166,unrelated
5804,agreed
242924,agreed
90681,unrelated
299530,unrelated
46962,agreed
307485,unrelated
271252,unrelated
248370,unrelated
71255,unrelated
128613,unrelated
183382,unrelated
165919,agreed
11457,unrelated
211487,unrelated
320733,agreed
256323,unrelated
271910,unrelated
293003,unrelated
82732,unrelated
253162,agreed
201650,unrelated
117798,unrelated
95603,unrelated
252017,unrelated
106291,unrelated
224239,agreed
80010,unrelated
89625,unrelated
85888,agreed
218320,unrelated
262209,disagreed
217311,agreed
271131,unrelated
296096,unrelated
81772,unrelated
100493,unrelated
111346,agreed
5359,unrelated
184813,agreed
320689,unrelated
245286,unrelated
147618,agreed
60659,unrelated
29109,unrelated
167162,unrelated
41656,agreed
285425,unrelated
290279,unrelated
182057,unrelated
57326,unrelated
185748,unrelated
230801,unrelated
267104,unrelated
162531,unrelated
247330,unrelated
294134,unrelated
175434,unrelated
292255,unrelated
268158,agreed
51748,agreed
56515,unrelated
114918,agreed
82734,unrelated
189725,unrelated
312813,agreed
300302,agreed
87126,unrelated
306137,agreed
294359,disagreed
223850,unrelated
74351,unrelated
292135,unrelated
320552,unrelated
38355,unrelated
115350,unrelated
296978,unrelated
259838,unrelated
289558,agreed
101569,unrelated
136795,unrelated
145545,unrelated
214133,unrelated
9988,unrelated
37926,unrelated
3130,agreed
309936,agreed
312571,agreed
2635,agreed
166315,unrelated
171264,unrelated
222687,agreed
136613,agreed
166337,unrelated
85684,agreed
30312,unrelated
51310,unrelated
212510,unrelated
18122,unrelated
112461,unrelated
63457,unrelated
240384,unrelated
97825,unrelated
12482,agreed
200664,agreed
306547,unrelated
143004,unrelated
247306,unrelated
248839,unrelated
281967,unrelated
42951,agreed
254546,agreed
24774,unrelated
131476,unrelated
244452,unrelated
80154,unrelated
5195,unrelated
183312,unrelated
319694,unrelated
125401,unrelated
311080,agreed
85853,unrelated
307288,unrelated
149044,unrelated
217558,unrelated
198234,unrelated
15441,unrelated
282984,unrelated
50017,agreed
108302,agreed
319490,unrelated
250161,agreed
21529,unrelated
114949,unrelated
149974,unrelated
37401,unrelated
115084,unrelated
42763,unrelated
169411,agreed
235249,unrelated
139496,unrelated
234516,agreed
102098,unrelated
208959,unrelated
210797,agreed
131631,unrelated
126299,unrelated
313865,unrelated
198325,unrelated
23427,unrelated
282449,unrelated
93387,unrelated
185231,unrelated
161858,unrelated
33316,unrelated
97933,agreed
155136,unrelated
154393,unrelated
36701,unrelated
132617,unrelated
42186,agreed
105649,unrelated
209176,unrelated
173079,unrelated
187307,unrelated
205659,unrelated
21210,unrelated
273168,unrelated
29282,unrelated
102479,unrelated
32144,unrelated
265758,unrelated
43963,unrelated
32823,unrelated
147966,agreed
206210,agreed
245115,unrelated
101720,unrelated
100544,unrelated
129369,unrelated
52145,unrelated
265876,agreed
198241,unrelated
53646,unrelated
112254,unrelated
18482,unrelated
311526,agreed
122967,unrelated
242889,unrelated
92974,agreed
161570,unrelated
263558,unrelated
318958,unrelated
140307,unrelated
73925,unrelated
173148,unrelated
223142,unrelated
33837,agreed
254172,unrelated
290975,unrelated
216864,unrelated
43453,agreed
219983,agreed
129602,unrelated
192467,unrelated
36404,unrelated
214787,unrelated
99967,agreed
60977,unrelated
172213,unrelated
36912,agreed
33368,unrelated
98791,agreed
114651,unrelated
27025,unrelated
113293,unrelated
255038,agreed
265817,unrelated
265882,agreed
75102,unrelated
92727,unrelated
36196,unrelated
225049,agreed
26138,unrelated
272467,unrelated
167986,unrelated
313742,unrelated
22384,agreed
79960,agreed
226017,unrelated
13860,unrelated
89821,agreed
185628,agreed
259351,unrelated
20219,unrelated
21224,unrelated
25021,agreed
105860,agreed
10906,agreed
55082,disagreed
276002,agreed
320678,agreed
107241,agreed
248798,unrelated
21157,unrelated
113903,agreed
119716,unrelated
287402,unrelated
121913,agreed
80979,unrelated
208063,unrelated
54472,unrelated
112759,agreed
136216,unrelated
260358,unrelated
9930,disagreed
229362,unrelated
240702,unrelated
150336,unrelated
311882,unrelated
215425,unrelated
266148,unrelated
200205,unrelated
105739,unrelated
11443,unrelated
93638,unrelated
244476,agreed
141213,agreed
137777,unrelated
1382,unrelated
70762,unrelated
35828,unrelated
268867,unrelated
203001,agreed
193243,unrelated
201698,unrelated
254297,agreed
153892,unrelated
228512,unrelated
158273,agreed
133909,unrelated
64040,disagreed
105964,unrelated
183318,unrelated
937,unrelated
251023,agreed
209989,agreed
291936,unrelated
267113,unrelated
35744,unrelated
309298,unrelated
78503,unrelated
66515,unrelated
141527,unrelated
246884,unrelated
319032,unrelated
8752,unrelated
179859,agreed
107171,agreed
49649,unrelated
244047,agreed
156929,unrelated
203075,agreed
53459,agreed
165267,unrelated
89358,agreed
319967,unrelated
212752,unrelated
64628,agreed
265531,unrelated
124065,unrelated
178693,unrelated
29162,unrelated
45035,unrelated
129332,unrelated
11862,unrelated
162392,agreed
179536,unrelated
305606,unrelated
200135,agreed
84747,unrelated
178879,unrelated
214879,unrelated
195464,unrelated
16197,unrelated
100688,unrelated
39479,agreed
23865,agreed
281498,agreed
42114,agreed
115094,agreed
294287,unrelated
99446,unrelated
280095,unrelated
202392,agreed
130262,agreed
48804,unrelated
293719,unrelated
40079,unrelated
171465,unrelated
284381,unrelated
68210,unrelated
239814,unrelated
80642,unrelated
173485,agreed
293810,agreed
99428,agreed
8232,unrelated
266220,agreed
109214,unrelated
124611,unrelated
320190,agreed
40004,unrelated
174617,unrelated
208253,unrelated
318082,unrelated
124272,unrelated
186010,unrelated
62292,unrelated
34456,agreed
35142,unrelated
174320,agreed
82078,unrelated
167829,unrelated
179891,unrelated
254060,unrelated
33806,agreed
267838,agreed
174881,agreed
125627,unrelated
315663,unrelated
234496,agreed
48936,unrelated
260333,unrelated
261640,unrelated
72434,disagreed
182730,agreed
184713,unrelated
27734,agreed
2957,agreed
128832,disagreed
159389,unrelated
48730,unrelated
164580,unrelated
1011,agreed
110986,agreed
142357,unrelated
112944,unrelated
68391,agreed
30459,agreed
53576,unrelated
44518,unrelated
41540,agreed
75230,agreed
171242,unrelated
106244,unrelated
29901,unrelated
233356,agreed
214096,unrelated
82310,agreed
62841,unrelated
136203,unrelated
48891,unrelated
28949,unrelated
86874,agreed
60935,unrelated
142700,agreed
135901,unrelated
81817,unrelated
194504,unrelated
1565,unrelated
264077,unrelated
143195,unrelated
117411,unrelated
51298,unrelated
234347,agreed
188761,unrelated
252207,unrelated
313419,unrelated
35877,agreed
283850,unrelated
314553,agreed
10435,unrelated
78609,agreed
25012,unrelated
101514,agreed
4133,unrelated
167486,unrelated
186105,agreed
234874,unrelated
310983,unrelated
286118,unrelated
21556,agreed
50990,agreed
93174,agreed
76231,unrelated
176670,agreed
259565,unrelated
203599,unrelated
45415,agreed
15158,agreed
153028,unrelated
58121,unrelated
255505,unrelated
69188,unrelated
128779,agreed
55953,agreed
53435,agreed
78686,agreed
305328,unrelated
1391,agreed
51550,unrelated
185386,agreed
202767,agreed
235450,unrelated
209109,unrelated
308083,unrelated
65909,unrelated
1375,unrelated
36025,unrelated
239611,unrelated
124182,unrelated
126540,unrelated
81512,unrelated
151621,unrelated
307784,unrelated
50964,unrelated
50337,unrelated
104515,agreed
123767,agreed
145532,unrelated
3214,unrelated
18490,unrelated
129946,agreed
77376,unrelated
85607,unrelated
78670,unrelated
218140,unrelated
165281,unrelated
320635,unrelated
122521,unrelated
32085,unrelated
111784,unrelated
91749,agreed
286959,unrelated
293847,unrelated
34828,unrelated
186874,unrelated
1977,unrelated
250106,unrelated
302054,unrelated
54541,agreed
71478,unrelated
18112,agreed
86310,unrelated
260480,unrelated
312374,agreed
43561,agreed
51584,unrelated
217445,unrelated
111350,agreed
26948,unrelated
137941,unrelated
222208,unrelated
251260,unrelated
278303,unrelated
203807,unrelated
78929,unrelated
93731,agreed
202573,unrelated
238471,agreed
62699,unrelated
28557,unrelated
241319,unrelated
78147,unrelated
139005,unrelated
198844,agreed
47698,unrelated
280500,unrelated
148275,unrelated
88345,unrelated
125188,unrelated
69902,agreed
156328,agreed
226601,agreed
214024,agreed
231968,unrelated
246475,unrelated
54589,unrelated
282981,unrelated
250327,unrelated
8508,unrelated
193721,unrelated
45719,agreed
255239,unrelated
224834,unrelated
195777,unrelated
302316,agreed
292874,unrelated
285736,agreed
318766,agreed
122037,unrelated
201641,unrelated
180298,agreed
27213,unrelated
102144,unrelated
163081,agreed
112445,unrelated
180503,unrelated
182566,unrelated
44590,agreed
71352,unrelated
239554,unrelated
65383,unrelated
202946,unrelated
77078,agreed
3017,agreed
123814,unrelated
241034,unrelated
5600,agreed
170249,unrelated
168501,unrelated
91541,unrelated
195187,agreed
158685,agreed
310454,agreed
219653,unrelated
304747,unrelated
91821,unrelated
127859,unrelated
180007,agreed
251143,agreed
313538,unrelated
95025,unrelated
22947,unrelated
256854,agreed
127777,agreed
274055,unrelated
271981,unrelated
250498,unrelated
71559,unrelated
14811,unrelated
172935,unrelated
183251,unrelated
146006,unrelated
35897,unrelated
70307,unrelated
31765,unrelated
314848,unrelated
308436,unrelated
231682,agreed
112527,agreed
303989,unrelated
240247,unrelated
57250,unrelated
227344,unrelated
311307,unrelated
289811,unrelated
319610,unrelated
298720,unrelated
145992,unrelated
247877,agreed
144028,unrelated
320004,unrelated
60077,unrelated
319454,unrelated
206485,agreed
6250,agreed
175835,unrelated
105118,unrelated
141789,unrelated
176046,unrelated
172211,unrelated
146755,unrelated
1465,agreed
187815,unrelated
51838,unrelated
315377,agreed
1806,unrelated
303541,agreed
186334,unrelated
16730,agreed
61994,unrelated
251220,agreed
98091,agreed
296489,agreed
270215,unrelated
290683,unrelated
244899,agreed
193242,unrelated
15208,agreed
186339,unrelated
224563,unrelated
141034,agreed
178446,agreed
144861,agreed
208315,unrelated
188714,unrelated
149851,unrelated
90278,unrelated
153692,unrelated
73786,agreed
48087,unrelated
232005,agreed
66843,unrelated
157255,unrelated
178249,unrelated
264244,unrelated
153462,unrelated
299329,agreed
188882,unrelated
115864,agreed
143411,unrelated
80366,agreed
198110,unrelated
62636,agreed
94974,unrelated
91892,agreed
143683,agreed
154844,unrelated
16488,unrelated
8190,unrelated
256114,unrelated
303819,unrelated
128234,agreed
132243,unrelated
97546,agreed
150376,agreed
113039,agreed
216777,unrelated
177773,agreed
6126,unrelated
78211,unrelated
197110,unrelated
146942,unrelated
289192,agreed
258970,agreed
316590,unrelated
178309,unrelated
162314,unrelated
290102,unrelated
123995,unrelated
171651,unrelated
36653,unrelated
267462,agreed
33063,unrelated
285796,unrelated
130778,unrelated
84021,agreed
164715,agreed
135525,unrelated
223676,agreed
262644,unrelated
117587,unrelated
273692,agreed
207763,agreed
253082,unrelated
41941,agreed
143792,unrelated
112613,unrelated
275320,unrelated
293399,unrelated
198834,agreed
161476,unrelated
318165,agreed
204807,agreed
77034,agreed
246442,unrelated
212479,agreed
659,unrelated
115190,unrelated
186531,agreed
29925,unrelated
308115,unrelated
70116,agreed
110098,unrelated
294382,agreed
191414,agreed
215134,agreed
280304,unrelated
198622,unrelated
86645,agreed
133445,unrelated
185713,unrelated
307652,unrelated
115979,unrelated
42968,unrelated
240587,unrelated
71628,unrelated
221399,unrelated
183629,unrelated
192998,unrelated
167895,unrelated
305848,unrelated
312423,agreed
86038,unrelated
233564,unrelated
178572,agreed
127389,agreed
305973,unrelated
163399,unrelated
134921,agreed
93876,agreed
84634,unrelated
89847,unrelated
254156,unrelated
249223,unrelated
168612,agreed
160864,unrelated
220857,agreed
179230,unrelated
302924,unrelated
265899,unrelated
18308,unrelated
5550,unrelated
15859,unrelated
309110,agreed
225104,unrelated
211166,disagreed
31289,unrelated
260461,unrelated
132237,unrelated
287791,unrelated
238727,agreed
103601,unrelated
224461,agreed
8637,unrelated
73216,unrelated
22101,unrelated
5789,unrelated
73494,agreed
122955,agreed
83145,unrelated
192575,unrelated
223408,disagreed
41317,agreed
24565,unrelated
158636,unrelated
61109,unrelated
23025,unrelated
143361,agreed
37771,unrelated
186470,unrelated
318757,unrelated
117962,unrelated
282819,unrelated
320806,unrelated
189413,agreed
50818,unrelated
148791,unrelated
320251,unrelated
20709,agreed
155588,unrelated
67925,unrelated
34559,agreed
177831,unrelated
119290,agreed
242790,unrelated
159546,agreed
3645,agreed
111680,agreed
258844,unrelated
107027,agreed
182,unrelated
199305,agreed
50026,unrelated
75728,unrelated
238815,unrelated
27084,unrelated
140445,unrelated
294398,unrelated
305520,unrelated
221180,unrelated
112174,agreed
143118,unrelated
298920,unrelated
147468,agreed
29518,agreed
178573,unrelated
209752,unrelated
202820,unrelated
73980,unrelated
301562,unrelated
185757,unrelated
206340,agreed
27860,unrelated
256441,unrelated
215664,unrelated
195811,unrelated
93696,unrelated
84424,unrelated
234330,unrelated
215239,unrelated
106860,agreed
172766,unrelated
105970,unrelated
221313,agreed
185910,agreed
97420,unrelated
121283,unrelated
170205,unrelated
186530,unrelated
257609,unrelated
270856,unrelated
233863,unrelated
16192,disagreed
290072,agreed
174111,unrelated
157800,unrelated
273566,disagreed
286970,unrelated
88619,unrelated
92250,unrelated
13746,agreed
261070,unrelated
38680,unrelated
225836,unrelated
201973,unrelated
318500,unrelated
97277,unrelated
164235,unrelated
64631,unrelated
99104,unrelated
147523,unrelated
34681,agreed
146339,unrelated
132986,agreed
224221,agreed
94033,unrelated
266699,unrelated
130508,unrelated
77664,unrelated
292539,agreed
219397,unrelated
290803,agreed
71829,unrelated
263004,unrelated
232998,unrelated
210989,unrelated
88631,unrelated
187859,unrelated
309500,unrelated
39429,unrelated
64467,unrelated
270721,agreed
148968,unrelated
220241,unrelated
278260,unrelated
184139,unrelated
116025,unrelated
75914,agreed
249289,unrelated
107605,agreed
189410,agreed
301361,unrelated
304378,unrelated
205283,agreed
154065,unrelated
300830,unrelated
103406,agreed
107530,agreed
121217,unrelated
234574,agreed
156927,unrelated
194696,agreed
65636,agreed
195827,unrelated
266714,unrelated
283325,unrelated
11062,unrelated
123670,agreed
157049,disagreed
227478,agreed
32599,unrelated
258150,unrelated
300497,unrelated
286243,unrelated
255345,unrelated
101934,unrelated
272262,unrelated
296658,unrelated
125517,unrelated
45989,unrelated
297588,unrelated
126851,unrelated
158030,unrelated
35538,agreed
141357,unrelated
27373,unrelated
61664,agreed
99866,unrelated
65942,unrelated
240517,agreed
121213,unrelated
128653,agreed
295215,unrelated
286524,unrelated
80268,agreed
28309,unrelated
41814,unrelated
36963,agreed
21510,agreed
176862,unrelated
90755,agreed
31047,unrelated
5206,agreed
107603,agreed
21290,unrelated
131831,unrelated
294919,unrelated
174157,unrelated
220650,agreed
226448,unrelated
187503,unrelated
223786,unrelated
11514,unrelated
63973,agreed
208840,unrelated
217356,unrelated
294437,unrelated
139481,unrelated
64014,unrelated
295393,unrelated
12001,unrelated
165040,unrelated
200955,unrelated
290972,agreed
196193,agreed
233874,agreed
21769,agreed
106079,unrelated
121527,agreed
62120,unrelated
308208,unrelated
46299,unrelated
37410,agreed
11887,unrelated
221892,unrelated
167386,unrelated
47573,unrelated
301989,unrelated
97067,unrelated
299583,agreed
245369,unrelated
263121,unrelated
319083,unrelated
154148,unrelated
116058,unrelated
288475,unrelated
52518,unrelated
304143,unrelated
194852,agreed
193722,unrelated
202893,unrelated
98501,unrelated
205155,unrelated
200150,agreed
233473,unrelated
167758,unrelated
253676,unrelated
22793,unrelated
256576,agreed
226627,unrelated
69765,unrelated
215646,agreed
97916,agreed
169788,agreed
89999,agreed
128692,agreed
163082,agreed
187239,unrelated
266263,unrelated
301812,agreed
21788,unrelated
36164,unrelated
257909,unrelated
166455,unrelated
141369,unrelated
218331,unrelated
201109,unrelated
16706,agreed
311529,agreed
199515,agreed
32105,unrelated
224612,unrelated
123934,agreed
262439,unrelated
219251,unrelated
273256,unrelated
107206,unrelated
24756,agreed
180475,unrelated
125935,unrelated
297110,unrelated
169652,unrelated
167183,unrelated
169885,unrelated
290908,agreed
9392,unrelated
180384,unrelated
14864,agreed
278812,unrelated
230330,unrelated
73896,unrelated
279380,unrelated
85315,unrelated
260906,unrelated
5567,unrelated
283941,unrelated
39919,unrelated
247046,unrelated
115593,unrelated
48861,unrelated
106061,unrelated
232310,unrelated
68216,unrelated
261037,agreed
184118,agreed
156137,agreed
244174,unrelated
23006,unrelated
168072,unrelated
102950,unrelated
229516,unrelated
284948,unrelated
60664,unrelated
67175,agreed
227954,agreed
4253,agreed
136912,unrelated
236008,unrelated
271007,unrelated
251141,agreed
65570,unrelated
283790,unrelated
251188,unrelated
108525,unrelated
252109,unrelated
66203,agreed
131146,agreed
216065,agreed
130621,unrelated
92884,agreed
192445,unrelated
81180,unrelated
88766,unrelated
112195,agreed
108500,unrelated
263951,unrelated
66222,unrelated
124772,disagreed
168936,unrelated
72638,unrelated
2114,agreed
204237,unrelated
260629,unrelated
175439,unrelated
267510,agreed
143709,agreed
82417,agreed
287673,unrelated
251842,unrelated
51648,unrelated
249576,unrelated
147687,agreed
135729,agreed
278990,unrelated
123791,unrelated
226285,unrelated
92581,agreed
90395,unrelated
77656,unrelated
142862,unrelated
4241,unrelated
290913,unrelated
52600,unrelated
248585,unrelated
98692,agreed
302388,unrelated
2646,unrelated
183575,unrelated
112015,unrelated
129414,unrelated
311322,agreed
262405,unrelated
166557,unrelated
311025,unrelated
63067,unrelated
225451,unrelated
36647,unrelated
67894,disagreed
5122,unrelated
23379,unrelated
206524,unrelated
8027,unrelated
225897,agreed
318829,agreed
94109,unrelated
20586,agreed
43802,unrelated
58382,unrelated
110023,unrelated
172921,unrelated
189152,agreed
131478,agreed
232992,unrelated
252927,unrelated
110517,unrelated
96031,agreed
238298,unrelated
147985,unrelated
60556,unrelated
135690,unrelated
131167,unrelated
122530,unrelated
48721,unrelated
277002,unrelated
84802,unrelated
141779,unrelated
8977,unrelated
253327,unrelated
240958,agreed
29215,agreed
2803,unrelated
187969,unrelated
311132,agreed
204165,unrelated
240438,agreed
105279,unrelated
168216,unrelated
18236,unrelated
15167,agreed
293260,unrelated
287427,unrelated
188383,agreed
150881,agreed
298274,unrelated
218691,unrelated
16289,agreed
228599,unrelated
181511,unrelated
70749,agreed
243487,agreed
308672,agreed
189705,unrelated
32515,unrelated
127593,unrelated
157203,unrelated
130674,unrelated
7125,agreed
131929,unrelated
105670,unrelated
34176,unrelated
83772,unrelated
297633,unrelated
26590,agreed
138693,unrelated
151967,agreed
39551,agreed
317167,unrelated
39330,agreed
195394,unrelated
126248,unrelated
32962,unrelated
89771,unrelated
67046,unrelated
291069,unrelated
16707,agreed
63926,unrelated
22082,unrelated
14288,unrelated
226344,unrelated
144435,unrelated
24354,unrelated
305639,unrelated
222025,unrelated
202300,unrelated
184310,unrelated
43387,unrelated
207985,agreed
76359,unrelated
174247,unrelated
37260,agreed
285401,unrelated
122087,agreed
127097,unrelated
260725,unrelated
234759,unrelated
275754,unrelated
237040,unrelated
188642,unrelated
204272,unrelated
47032,unrelated
238085,unrelated
306306,unrelated
273851,unrelated
148203,agreed
261528,unrelated
194179,agreed
21108,unrelated
173473,unrelated
222614,unrelated
183329,agreed
99515,unrelated
78405,unrelated
305753,unrelated
55083,unrelated
165883,unrelated
66530,agreed
298199,unrelated
243343,unrelated
300154,unrelated
59311,unrelated
245309,agreed
12291,agreed
91372,agreed
119459,unrelated
160442,unrelated
110571,unrelated
277255,unrelated
14060,unrelated
306392,unrelated
172154,unrelated
31593,unrelated
255133,unrelated
1364,unrelated
173152,unrelated
236212,unrelated
257714,agreed
99555,unrelated
158910,unrelated
118963,unrelated
158357,unrelated
281447,agreed
115712,agreed
148810,agreed
75003,agreed
236010,agreed
132251,unrelated
37015,unrelated
151759,unrelated
122340,agreed
207862,unrelated
70857,agreed
312111,unrelated
91868,agreed
161522,unrelated
50014,unrelated
104472,unrelated
293823,unrelated
183688,agreed
199623,unrelated
47031,unrelated
251315,agreed
313346,unrelated
163978,unrelated
272533,unrelated
194704,agreed
294454,unrelated
304236,agreed
272866,unrelated
235520,unrelated
309591,unrelated
256864,agreed
133323,unrelated
254853,agreed
110872,agreed
281538,unrelated
199700,unrelated
138023,unrelated
291707,agreed
106222,unrelated
312298,unrelated
313491,unrelated
264206,unrelated
268166,unrelated
62946,unrelated
47105,disagreed
210960,agreed
198846,agreed
260254,unrelated
231731,unrelated
317796,unrelated
229636,unrelated
48415,agreed
96569,unrelated
282409,unrelated
186348,unrelated
292345,agreed
27738,agreed
306954,unrelated
241591,unrelated
7575,unrelated
254013,unrelated
285160,unrelated
135138,agreed
143999,unrelated
283379,agreed
101043,unrelated
254471,unrelated
181415,disagreed
303012,unrelated
225495,unrelated
246325,unrelated
263005,unrelated
135989,unrelated
156653,agreed
29756,unrelated
268954,unrelated
215639,agreed
248381,unrelated
302340,unrelated
63085,unrelated
40026,unrelated
201681,unrelated
162377,agreed
260220,unrelated
63816,agreed
299716,disagreed
271382,unrelated
108198,agreed
17078,unrelated
237647,unrelated
269586,agreed
226217,agreed
27177,unrelated
77035,agreed
300049,unrelated
101518,unrelated
220916,agreed
125017,agreed
266129,unrelated
177194,unrelated
143442,unrelated
194067,agreed
13018,agreed
264782,unrelated
227366,unrelated
171904,unrelated
26796,unrelated
76239,unrelated
145096,unrelated
48254,agreed
13120,unrelated
102228,unrelated
135078,agreed
228817,unrelated
29565,unrelated
251031,unrelated
64932,agreed
109235,unrelated
152914,agreed
300508,unrelated
36948,agreed
100034,unrelated
212972,unrelated
180077,agreed
50593,unrelated
133747,agreed
162941,unrelated
17441,disagreed
40565,unrelated
7340,unrelated
258877,unrelated
203975,unrelated
165084,unrelated
63442,unrelated
91440,unrelated
29992,unrelated
247491,unrelated
194739,unrelated
201935,disagreed
305888,unrelated
148976,unrelated
41008,unrelated
313728,unrelated
130080,unrelated
82479,unrelated
276997,unrelated
298603,unrelated
137242,unrelated
216577,unrelated
207399,unrelated
312453,agreed
54685,unrelated
219504,unrelated
202581,agreed
169368,unrelated
288013,unrelated
237406,unrelated
149685,unrelated
206987,unrelated
169327,agreed
235392,unrelated
140417,agreed
79279,unrelated
212803,unrelated
33980,agreed
40,unrelated
76133,unrelated
18016,unrelated
57939,agreed
258325,agreed
34473,unrelated
282246,unrelated
249152,unrelated
189912,unrelated
175114,disagreed
127525,unrelated
128541,disagreed
137449,unrelated
210382,unrelated
83171,agreed
23440,unrelated
138344,unrelated
113736,unrelated
152997,unrelated
19750,unrelated
54331,unrelated
179280,unrelated
231462,unrelated
59319,unrelated
153999,agreed
299778,agreed
173331,unrelated
60248,agreed
280180,unrelated
57072,unrelated
206071,agreed
28518,unrelated
213406,unrelated
79720,unrelated
176535,unrelated
31845,agreed
31706,unrelated
87726,unrelated
213687,unrelated
277792,agreed
43046,unrelated
95487,agreed
260049,disagreed
8041,unrelated
18937,unrelated
259410,unrelated
74181,unrelated
9974,agreed
308902,unrelated
296120,agreed
18339,unrelated
13340,agreed
283131,unrelated
27592,unrelated
131788,unrelated
56561,unrelated
60241,unrelated
35723,unrelated
262279,disagreed
39721,unrelated
144064,unrelated
58657,unrelated
281640,unrelated
289082,agreed
232945,agreed
184600,agreed
294613,unrelated
187619,unrelated
173919,unrelated
268596,unrelated
60426,unrelated
257616,unrelated
284826,agreed
289299,unrelated
207051,agreed
95892,unrelated
142050,agreed
109779,unrelated
70396,unrelated
241169,unrelated
311252,unrelated
259748,unrelated
169307,agreed
131871,unrelated
133772,agreed
208782,agreed
279465,unrelated
267009,agreed
65448,unrelated
209573,unrelated
41525,unrelated
217681,unrelated
78925,unrelated
311619,agreed
274839,unrelated
282947,unrelated
39559,agreed
215013,unrelated
257345,unrelated
252137,disagreed
306940,unrelated
302948,unrelated
298380,unrelated
28740,agreed
208722,unrelated
157502,agreed
126345,agreed
313351,unrelated
282656,unrelated
167434,unrelated
108819,unrelated
164352,agreed
63089,unrelated
231683,unrelated
225631,unrelated
62525,unrelated
79555,unrelated
95355,unrelated
218942,agreed
77353,unrelated
161063,unrelated
55918,unrelated
281352,unrelated
311384,unrelated
92184,agreed
241969,unrelated
263109,agreed
138433,unrelated
136878,unrelated
253468,unrelated
257193,unrelated
146114,agreed
93613,unrelated
264415,unrelated
57184,agreed
137,unrelated
94261,unrelated
134851,agreed
94194,unrelated
261121,unrelated
256553,agreed
143477,unrelated
257409,unrelated
119963,unrelated
220280,agreed
141681,unrelated
145838,unrelated
189492,unrelated
47145,unrelated
72327,agreed
221852,unrelated
20525,unrelated
55417,unrelated
305765,unrelated
4499,unrelated
181478,unrelated
311200,agreed
254787,unrelated
279075,agreed
155617,unrelated
295277,unrelated
8195,agreed
298072,unrelated
47207,unrelated
82663,unrelated
61697,agreed
74592,unrelated
231057,agreed
21416,unrelated
21280,unrelated
223756,unrelated
311362,unrelated
141535,unrelated
36556,agreed
179848,unrelated
61900,agreed
130771,unrelated
86657,unrelated
12313,agreed
79830,unrelated
151489,unrelated
258719,unrelated
98115,agreed
55801,agreed
266701,unrelated
247337,unrelated
206685,unrelated
284482,unrelated
78421,agreed
98761,agreed
204435,unrelated
316268,agreed
227125,agreed
11229,agreed
77293,unrelated
138234,unrelated
5484,unrelated
266613,unrelated
94758,unrelated
318102,unrelated
295032,unrelated
23949,unrelated
205589,unrelated
276625,agreed
206584,agreed
114748,unrelated
156123,unrelated
17527,unrelated
160230,unrelated
194054,agreed
41655,agreed
146215,unrelated
185659,unrelated
160613,unrelated
119093,unrelated
310683,agreed
275288,unrelated
38151,unrelated
155196,unrelated
251569,agreed
154699,unrelated
225354,unrelated
991,agreed
29834,unrelated
215423,agreed
67484,unrelated
195007,agreed
146839,agreed
171071,unrelated
102924,unrelated
314913,unrelated
180603,unrelated
243470,agreed
160333,unrelated
225930,unrelated
256269,unrelated
149670,unrelated
281267,unrelated
228379,agreed
145879,agreed
311848,agreed
146752,unrelated
230814,agreed
172075,unrelated
57854,unrelated
274942,unrelated
280662,agreed
83526,unrelated
280990,agreed
197447,unrelated
235239,unrelated
270151,unrelated
219378,unrelated
33743,unrelated
249260,unrelated
197533,unrelated
186883,unrelated
150094,unrelated
106839,agreed
31023,unrelated
297032,unrelated
104744,unrelated
65346,unrelated
286547,unrelated
143707,agreed
236832,agreed
166924,unrelated
68218,unrelated
85353,unrelated
30846,unrelated
152873,unrelated
287528,unrelated
25423,unrelated
231382,unrelated
33068,unrelated
261934,agreed
178590,agreed
106868,agreed
53154,agreed
44270,unrelated
276763,agreed
287333,unrelated
249481,agreed
11992,unrelated
82102,unrelated
35752,unrelated
66038,unrelated
15797,unrelated
142356,unrelated
261092,unrelated
149460,unrelated
22936,unrelated
318474,agreed
207827,unrelated
150393,unrelated
1502,unrelated
177205,unrelated
237522,unrelated
227285,agreed
316986,agreed
280419,unrelated
243140,agreed
101737,unrelated
44147,unrelated
204020,agreed
241705,unrelated
33702,unrelated
55645,agreed
126085,unrelated
29848,unrelated
229508,agreed
115832,unrelated
41096,unrelated
179632,unrelated
86210,unrelated
54372,unrelated
212959,unrelated
57540,unrelated
245849,agreed
49376,agreed
123143,agreed
267028,unrelated
14667,unrelated
171855,unrelated
128131,unrelated
196532,agreed
31234,agreed
10029,unrelated
88548,agreed
294135,unrelated
239106,unrelated
201360,unrelated
283444,unrelated
242371,unrelated
146234,agreed
249251,unrelated
213227,agreed
127901,agreed
135596,agreed
152900,agreed
93090,agreed
202213,unrelated
288940,unrelated
47725,unrelated
318801,agreed
80298,agreed
62693,unrelated
280709,unrelated
9648,unrelated
31112,unrelated
195845,agreed
121725,agreed
130246,agreed
276054,unrelated
261052,unrelated
23,unrelated
152323,unrelated
12382,agreed
18360,unrelated
250734,unrelated
57352,unrelated
265671,agreed
197159,unrelated
43100,agreed
211060,unrelated
20272,agreed
4340,unrelated
201992,unrelated
171373,unrelated
176709,unrelated
161387,agreed
265824,agreed
256182,agreed
289446,unrelated
89389,unrelated
21545,unrelated
40666,unrelated
147837,unrelated
80903,agreed
206640,unrelated
221643,unrelated
5423,unrelated
280958,unrelated
125033,unrelated
202628,agreed
53582,unrelated
196638,unrelated
72677,unrelated
310685,agreed
138557,unrelated
261475,unrelated
7806,agreed
102970,agreed
115209,unrelated
169894,unrelated
242921,unrelated
80959,unrelated
5328,unrelated
103443,agreed
240753,unrelated
2198,unrelated
11422,unrelated
44441,unrelated
213782,unrelated
135613,agreed
145608,unrelated
216993,agreed
101373,unrelated
109150,agreed
144188,unrelated
320571,unrelated
14151,unrelated
113557,unrelated
132290,unrelated
23292,unrelated
14495,unrelated
202790,agreed
320092,agreed
77920,unrelated
196416,unrelated
264517,unrelated
211804,unrelated
233364,agreed
170453,unrelated
191322,unrelated
85578,unrelated
139285,unrelated
11004,agreed
114883,unrelated
185720,unrelated
51393,unrelated
5495,unrelated
208802,unrelated
48144,unrelated
128483,disagreed
215412,unrelated
90719,unrelated
222315,unrelated
74263,agreed
210696,agreed
130488,agreed
102300,agreed
45416,agreed
99618,disagreed
209094,unrelated
196318,agreed
94784,unrelated
102509,unrelated
36026,agreed
273727,unrelated
15015,unrelated
1063,unrelated
46458,unrelated
7743,unrelated
136674,unrelated
43515,agreed
112030,agreed
146530,unrelated
28641,unrelated
141135,agreed
307875,agreed
93131,agreed
50129,agreed
313398,agreed
112681,unrelated
297999,unrelated
209320,unrelated
7714,unrelated
153970,unrelated
35430,unrelated
99371,unrelated
123286,unrelated
137844,unrelated
148931,agreed
158553,unrelated
224291,agreed
311841,unrelated
97645,unrelated
270146,unrelated
178391,unrelated
182819,unrelated
21223,unrelated
111307,agreed
37364,unrelated
45094,unrelated
108232,agreed
259418,unrelated
107531,agreed
290179,unrelated
262057,unrelated
112800,unrelated
51978,unrelated
128201,unrelated
243847,unrelated
10702,unrelated
120911,unrelated
117552,unrelated
24061,unrelated
222801,unrelated
55927,unrelated
180586,unrelated
132524,unrelated
82298,unrelated
182178,unrelated
62982,unrelated
40411,unrelated
295924,unrelated
221609,agreed
232506,agreed
259411,unrelated
199794,unrelated
112880,unrelated
99393,unrelated
81367,unrelated
78881,unrelated
187799,unrelated
12542,unrelated
195331,unrelated
138137,unrelated
116098,unrelated
208212,unrelated
45570,agreed
157606,unrelated
59628,unrelated
272378,unrelated
50890,unrelated
104102,unrelated
231512,unrelated
215557,agreed
143326,unrelated
104034,unrelated
182280,unrelated
16342,unrelated
295355,unrelated
179757,agreed
286333,unrelated
48153,unrelated
185740,agreed
315133,agreed
231118,agreed
249672,unrelated
137478,agreed
159465,unrelated
102161,unrelated
84403,disagreed
225892,agreed
272613,unrelated
294554,unrelated
13183,unrelated
24137,unrelated
222077,unrelated
97629,agreed
216507,unrelated
172608,unrelated
24406,agreed
72065,agreed
202591,unrelated
205287,unrelated
89096,agreed
56798,unrelated
274655,agreed
17597,unrelated
92290,unrelated
181313,unrelated
67808,agreed
159206,unrelated
29957,unrelated
141617,agreed
239065,agreed
100740,unrelated
275284,agreed
109577,unrelated
17709,unrelated
109560,unrelated
146347,unrelated
250916,agreed
85058,unrelated
140427,agreed
136534,agreed
115163,unrelated
117209,agreed
73233,unrelated
25856,agreed
149842,unrelated
152150,agreed
291202,unrelated
22904,unrelated
179840,agreed
195541,unrelated
42190,unrelated
227574,unrelated
119246,unrelated
261173,agreed
229330,unrelated
94812,unrelated
279586,unrelated
65486,agreed
121261,unrelated
220091,unrelated
319837,unrelated
81807,agreed
123186,unrelated
288280,unrelated
269113,unrelated
175451,agreed
42721,agreed
287365,unrelated
317343,unrelated
141011,agreed
174701,agreed
267682,agreed
33157,unrelated
174042,agreed
48821,unrelated
294345,unrelated
197565,agreed
11866,unrelated
315232,unrelated
296318,unrelated
275054,unrelated
32880,unrelated
18801,unrelated
194690,agreed
129421,agreed
51912,unrelated
131638,agreed
107298,agreed
141141,unrelated
84476,unrelated
173595,unrelated
10680,agreed
106106,unrelated
112345,agreed
315457,agreed
196644,unrelated
213214,unrelated
249054,unrelated
157331,unrelated
39463,unrelated
80591,unrelated
49907,unrelated
219508,unrelated
195298,agreed
5990,unrelated
212574,unrelated
136801,agreed
162673,unrelated
273441,unrelated
94773,unrelated
46397,unrelated
256631,unrelated
265077,agreed
13414,unrelated
224271,agreed
83736,disagreed
263805,unrelated
238706,agreed
321172,unrelated
218878,unrelated
71057,unrelated
217966,unrelated
145705,unrelated
223771,unrelated
272891,unrelated
85168,unrelated
79405,unrelated
241240,unrelated
274516,unrelated
101823,unrelated
127616,agreed
255402,unrelated
31410,agreed
20177,unrelated
147871,agreed
267415,unrelated
33040,unrelated
122303,unrelated
135889,agreed
207437,unrelated
80748,agreed
54940,unrelated
147711,unrelated
105282,unrelated
191076,agreed
60569,unrelated
43261,agreed
235449,unrelated
232266,unrelated
195619,unrelated
172500,unrelated
236628,unrelated
305248,unrelated
250380,agreed
36247,unrelated
177049,agreed
182132,unrelated
248567,unrelated
159538,agreed
77483,agreed
222696,unrelated
197825,agreed
173784,unrelated
316248,agreed
38870,unrelated
249847,unrelated
235671,unrelated
301061,agreed
47528,unrelated
95291,agreed
246338,unrelated
189769,agreed
160482,agreed
99726,agreed
15944,disagreed
295324,unrelated
155386,unrelated
221045,agreed
152367,unrelated
198599,unrelated
62077,unrelated
191745,unrelated
132563,unrelated
310711,unrelated
289694,agreed
159192,unrelated
272403,unrelated
31836,unrelated
6602,unrelated
152716,unrelated
284176,agreed
288752,unrelated
50633,unrelated
163908,unrelated
227390,unrelated
136279,unrelated
288119,unrelated
171265,unrelated
175957,agreed
283726,unrelated
229762,unrelated
263324,unrelated
7084,unrelated
206289,agreed
184880,unrelated
113117,agreed
311347,agreed
174062,agreed
196619,unrelated
174519,unrelated
320803,agreed
125508,unrelated
227821,unrelated
106021,unrelated
153721,agreed
120124,unrelated
143110,unrelated
47518,unrelated
301485,unrelated
85163,unrelated
104346,agreed
165813,agreed
209251,unrelated
194626,agreed
22676,unrelated
190399,agreed
85399,unrelated
212688,unrelated
141638,unrelated
3769,unrelated
74084,agreed
198742,unrelated
216347,agreed
159466,unrelated
95378,unrelated
77004,unrelated
159299,agreed
180159,unrelated
152078,unrelated
313171,agreed
40349,unrelated
62186,unrelated
53251,agreed
256391,unrelated
158642,unrelated
21236,unrelated
119225,unrelated
88794,unrelated
214854,unrelated
115833,unrelated
247723,unrelated
294291,agreed
101825,unrelated
138418,unrelated
147685,unrelated
242964,agreed
217029,unrelated
61031,unrelated
22842,agreed
7290,unrelated
33310,unrelated
228280,unrelated
225465,agreed
123079,unrelated
229239,unrelated
213952,unrelated
185660,unrelated
84069,unrelated
294921,unrelated
151070,agreed
129769,unrelated
244737,agreed
164282,unrelated
88228,agreed
275697,unrelated
172806,unrelated
180549,unrelated
302574,unrelated
234348,agreed
126047,unrelated
90429,agreed
256303,agreed
148583,unrelated
218089,unrelated
174208,unrelated
73426,unrelated
124983,unrelated
100502,agreed
81409,unrelated
266554,unrelated
143536,unrelated
172522,unrelated
28731,unrelated
15916,agreed
274267,unrelated
75796,unrelated
223025,unrelated
39438,unrelated
125445,unrelated
206063,agreed
264689,unrelated
10972,unrelated
153580,unrelated
238004,agreed
102120,unrelated
260948,unrelated
229770,unrelated
53908,unrelated
188987,agreed
49334,unrelated
70917,unrelated
129668,unrelated
282708,agreed
137858,unrelated
188396,unrelated
282067,unrelated
3308,unrelated
46185,unrelated
96843,unrelated
33908,unrelated
248854,unrelated
42675,unrelated
79096,unrelated
139047,agreed
17071,unrelated
77089,agreed
180658,unrelated
68130,unrelated
14072,unrelated
29014,unrelated
261982,unrelated
271741,unrelated
189352,unrelated
43347,unrelated
11384,agreed
1686,agreed
295899,unrelated
231522,agreed
249917,unrelated
299527,agreed
225779,unrelated
258823,unrelated
24225,unrelated
310095,agreed
204538,unrelated
54212,agreed
98414,unrelated
60934,unrelated
66881,unrelated
205785,unrelated
46859,unrelated
53111,unrelated
159173,agreed
146280,unrelated
262748,agreed
194857,agreed
207858,agreed
251939,unrelated
91115,unrelated
26642,unrelated
222637,agreed
149201,unrelated
175284,unrelated
54286,agreed
190154,unrelated
257979,agreed
98911,unrelated
317927,unrelated
67687,unrelated
219233,unrelated
205634,agreed
139544,agreed
315998,unrelated
88720,unrelated
61072,unrelated
184844,agreed
27988,unrelated
57545,unrelated
319924,agreed
273063,unrelated
293696,unrelated
124609,unrelated
315386,agreed
85859,unrelated
76669,unrelated
226732,agreed
187582,agreed
75738,unrelated
90673,unrelated
161781,unrelated
216803,unrelated
205040,agreed
67899,disagreed
301204,unrelated
194121,agreed
316438,unrelated
292498,agreed
146348,unrelated
219436,unrelated
207941,agreed
237435,agreed
18394,unrelated
163937,unrelated
176292,unrelated
287389,unrelated
306302,unrelated
288831,unrelated
111663,agreed
95576,unrelated
315485,agreed
172887,unrelated
41152,unrelated
287387,unrelated
164708,unrelated
98589,agreed
312271,unrelated
321021,unrelated
256063,unrelated
253587,unrelated
248995,unrelated
283634,agreed
45351,unrelated
197009,unrelated
92082,agreed
257272,unrelated
44311,agreed
131169,agreed
76412,unrelated
212152,agreed
96814,agreed
165482,unrelated
267437,agreed
123053,unrelated
97877,agreed
80926,unrelated
29725,unrelated
141356,agreed
249585,unrelated
216460,disagreed
21279,unrelated
116739,unrelated
278132,agreed
36402,unrelated
86583,agreed
239833,agreed
220510,unrelated
126450,unrelated
114951,agreed
141205,agreed
8570,unrelated
313369,agreed
261028,unrelated
26289,unrelated
205529,agreed
90167,unrelated
22620,agreed
318925,unrelated
214202,unrelated
247366,unrelated
77323,unrelated
254136,unrelated
295589,unrelated
158458,agreed
186104,agreed
42625,agreed
117836,unrelated
8556,unrelated
272075,unrelated
306428,agreed
252200,unrelated
65419,unrelated
17033,agreed
13058,unrelated
114125,unrelated
297590,unrelated
211705,unrelated
60393,unrelated
122568,unrelated
256044,agreed
148402,unrelated
259523,unrelated
182400,unrelated
69417,unrelated
192913,unrelated
71085,unrelated
202293,agreed
56047,agreed
103931,agreed
158651,unrelated
18441,unrelated
269193,unrelated
73110,unrelated
146745,agreed
291086,unrelated
130640,unrelated
195769,unrelated
317346,unrelated
303301,unrelated
829,agreed
254868,unrelated
146568,unrelated
232018,agreed
214956,unrelated
138181,agreed
22802,unrelated
268911,unrelated
278658,agreed
246531,unrelated
96710,unrelated
221211,unrelated
235083,unrelated
25711,unrelated
304490,unrelated
118734,agreed
312420,unrelated
56253,unrelated
101103,unrelated
121125,agreed
139362,unrelated
12866,agreed
231801,agreed
235424,unrelated
193255,unrelated
97512,unrelated
216445,agreed
281390,agreed
23346,unrelated
69280,unrelated
176698,agreed
202240,unrelated
95074,agreed
289592,agreed
78620,agreed
19672,agreed
240725,unrelated
44500,unrelated
262718,unrelated
50548,unrelated
238404,unrelated
235804,unrelated
112231,agreed
6848,unrelated
193696,unrelated
268584,unrelated
216891,unrelated
43418,unrelated
33163,unrelated
61737,agreed
9356,unrelated
294637,unrelated
94169,unrelated
97284,unrelated
178637,agreed
189044,unrelated
136591,agreed
38698,agreed
5470,agreed
114701,unrelated
307119,unrelated
37282,unrelated
311270,agreed
283342,unrelated
162769,unrelated
86007,unrelated
231096,agreed
294592,agreed
74938,unrelated
309037,unrelated
144003,disagreed
116211,unrelated
226130,unrelated
61557,unrelated
314176,unrelated
229985,unrelated
35834,unrelated
281314,unrelated
264515,unrelated
100533,unrelated
277329,agreed
272888,unrelated
220473,unrelated
305624,unrelated
107952,unrelated
266998,agreed
127752,unrelated
211852,unrelated
122695,agreed
137637,agreed
130496,unrelated
34067,unrelated
221872,unrelated
32722,unrelated
252866,unrelated
43837,unrelated
15338,agreed
127919,unrelated
175980,agreed
246948,unrelated
11527,agreed
1694,agreed
237105,unrelated
289059,unrelated
254420,unrelated
195764,agreed
216821,unrelated
168064,unrelated
148626,unrelated
255972,unrelated
173112,unrelated
26372,unrelated
173073,unrelated
271718,agreed
45211,unrelated
280622,agreed
209922,agreed
7695,unrelated
303663,unrelated
193761,agreed
205818,unrelated
184950,unrelated
31954,agreed
69978,unrelated
77508,unrelated
190836,unrelated
182224,unrelated
217605,unrelated
291375,unrelated
42543,agreed
125919,agreed
55015,unrelated
19580,agreed
298503,unrelated
173164,unrelated
315994,unrelated
277526,unrelated
228813,unrelated
249098,agreed
214785,unrelated
143634,agreed
145365,unrelated
17222,agreed
99060,unrelated
114246,unrelated
178417,unrelated
103502,agreed
233815,unrelated
90769,agreed
185454,unrelated
239563,unrelated
283603,agreed
176441,unrelated
241975,agreed
301662,agreed
127598,unrelated
241501,unrelated
219099,unrelated
83358,agreed
150007,unrelated
77679,unrelated
273145,unrelated
155564,unrelated
291034,unrelated
17719,unrelated
244936,unrelated
27608,unrelated
210092,unrelated
92976,agreed
268983,agreed
54309,unrelated
132938,unrelated
178115,unrelated
198971,unrelated
296785,unrelated
288418,unrelated
138392,unrelated
162773,unrelated
181481,unrelated
152280,unrelated
231618,agreed
319043,unrelated
68898,unrelated
312349,unrelated
275925,unrelated
242104,unrelated
294450,unrelated
244486,unrelated
320172,unrelated
214800,unrelated
132767,agreed
269228,agreed
165663,unrelated
27600,unrelated
231172,unrelated
213120,unrelated
45329,unrelated
269653,unrelated
209933,agreed
317518,unrelated
196637,unrelated
84267,unrelated
126290,unrelated
207235,unrelated
46378,unrelated
189430,unrelated
283524,agreed
32262,unrelated
34208,unrelated
206302,agreed
169906,unrelated
245456,agreed
244967,unrelated
97465,unrelated
94003,unrelated
55222,agreed
166356,unrelated
76337,agreed
256052,agreed
256580,unrelated
163258,unrelated
71605,unrelated
304259,unrelated
279081,agreed
171993,unrelated
58644,unrelated
83951,agreed
42509,agreed
270488,unrelated
49058,unrelated
68162,unrelated
70707,agreed
24408,unrelated
44629,agreed
145747,unrelated
2621,unrelated
37111,agreed
114402,unrelated
80682,agreed
72912,unrelated
187468,agreed
78936,unrelated
47833,unrelated
258391,disagreed
271392,unrelated
6585,unrelated
61033,unrelated
220409,unrelated
262919,agreed
285319,unrelated
47473,unrelated
123945,agreed
105479,unrelated
169606,unrelated
301725,agreed
56479,unrelated
157408,unrelated
40462,unrelated
200942,agreed
215931,unrelated
229868,agreed
48855,unrelated
89281,unrelated
213025,unrelated
308515,unrelated
266442,unrelated
95808,agreed
31769,agreed
145568,unrelated
164252,agreed
196220,unrelated
252289,unrelated
30357,unrelated
87705,unrelated
30546,agreed
223499,disagreed
306980,unrelated
181419,disagreed
96947,unrelated
195956,agreed
48569,agreed
236027,unrelated
163757,unrelated
97483,unrelated
42245,unrelated
272599,unrelated
240512,unrelated
34314,unrelated
289386,unrelated
313241,unrelated
45370,agreed
148104,unrelated
108185,agreed
88241,unrelated
248817,unrelated
223534,disagreed
298919,unrelated
147914,disagreed
58374,unrelated
234286,unrelated
107607,agreed
257944,unrelated
20956,agreed
239694,unrelated
233514,agreed
312676,unrelated
139838,agreed
320290,unrelated
220370,unrelated
295057,unrelated
61423,unrelated
190528,disagreed
274494,agreed
154720,unrelated
283486,unrelated
213360,disagreed
213994,unrelated
88628,unrelated
49287,agreed
165991,agreed
148659,unrelated
111467,unrelated
181931,unrelated
190077,unrelated
19614,unrelated
244829,agreed
138474,unrelated
63221,unrelated
142302,unrelated
27634,unrelated
11470,agreed
242966,unrelated
109450,unrelated
115745,unrelated
182457,unrelated
243464,agreed
145496,agreed
227211,unrelated
18504,unrelated
170166,unrelated
253208,unrelated
182515,agreed
4953,unrelated
198953,agreed
53726,unrelated
198861,agreed
174220,unrelated
315268,agreed
85759,unrelated
203785,unrelated
256387,unrelated
172253,unrelated
81006,unrelated
39290,unrelated
228863,unrelated
306801,agreed
195369,agreed
215498,agreed
376,unrelated
299456,unrelated
207343,unrelated
213485,unrelated
134832,agreed
30989,unrelated
257432,agreed
303547,agreed
255702,unrelated
107792,unrelated
254939,unrelated
162495,agreed
191582,unrelated
26833,unrelated
190775,unrelated
86736,unrelated
310212,agreed
11819,unrelated
73920,unrelated
89614,unrelated
33963,agreed
234648,unrelated
254179,agreed
307874,agreed
15491,agreed
255616,unrelated
226351,unrelated
123616,disagreed
257650,unrelated
255592,unrelated
143201,agreed
216010,unrelated
145427,agreed
127928,unrelated
131965,unrelated
318544,unrelated
80545,unrelated
298051,unrelated
174566,agreed
43606,agreed
175231,unrelated
181310,unrelated
235399,unrelated
77879,unrelated
181189,unrelated
211064,unrelated
161627,agreed
6005,agreed
168119,unrelated
307835,unrelated
181716,unrelated
67096,agreed
218629,agreed
145205,unrelated
65800,agreed
257951,unrelated
181347,agreed
241540,disagreed
203882,unrelated
68720,unrelated
171592,unrelated
250573,unrelated
160322,unrelated
216770,unrelated
82466,unrelated
174419,unrelated
76388,agreed
237568,unrelated
38711,unrelated
266169,unrelated
7570,agreed
226714,unrelated
150034,unrelated
218563,agreed
211941,unrelated
66054,unrelated
116414,agreed
91908,agreed
305970,unrelated
114769,unrelated
124030,unrelated
13219,unrelated
37439,unrelated
54919,unrelated
244405,agreed
287863,unrelated
285290,unrelated
287244,unrelated
221901,unrelated
77481,unrelated
10469,unrelated
306205,unrelated
293755,unrelated
136386,unrelated
214903,unrelated
33285,unrelated
206907,unrelated
59479,unrelated
38435,unrelated
82991,unrelated
284282,unrelated
264019,unrelated
208095,unrelated
257207,unrelated
175552,unrelated
239458,unrelated
183663,unrelated
170160,unrelated
20608,unrelated
97425,unrelated
163915,unrelated
12688,unrelated
210930,unrelated
107508,unrelated
253754,unrelated
85503,unrelated
91196,unrelated
251653,agreed
313247,agreed
134483,unrelated
6300,agreed
83705,unrelated
285901,agreed
302425,unrelated
75462,unrelated
84625,unrelated
297390,unrelated
51929,agreed
254865,unrelated
13433,unrelated
14423,agreed
114038,unrelated
19623,unrelated
252815,unrelated
240307,unrelated
37820,unrelated
159772,unrelated
295278,unrelated
204131,unrelated
109854,unrelated
205780,unrelated
53530,unrelated
294471,unrelated
152006,unrelated
151123,unrelated
18150,unrelated
175401,unrelated
181091,unrelated
64836,agreed
292468,agreed
262500,unrelated
284908,unrelated
77790,unrelated
46675,unrelated
164504,unrelated
100360,unrelated
128978,agreed
284238,unrelated
212114,unrelated
309156,unrelated
27432,unrelated
71527,unrelated
88797,unrelated
128468,unrelated
36092,unrelated
69785,unrelated
207602,agreed
270739,agreed
114516,unrelated
70942,unrelated
29808,unrelated
319753,unrelated
188526,unrelated
99272,unrelated
95415,unrelated
290233,unrelated
92477,agreed
292776,unrelated
83215,unrelated
65568,unrelated
165049,unrelated
228331,unrelated
180960,unrelated
108245,unrelated
102118,unrelated
89593,unrelated
194723,unrelated
289323,unrelated
278728,unrelated
114706,unrelated
143037,unrelated
143907,unrelated
56292,unrelated
249002,unrelated
264016,unrelated
103085,agreed
316686,agreed
59882,unrelated
36691,unrelated
9,agreed
199404,unrelated
226586,unrelated
100285,unrelated
92451,agreed
299598,unrelated
91307,unrelated
262486,unrelated
282567,unrelated
32753,agreed
158531,agreed
311268,agreed
39030,unrelated
158309,unrelated
103304,unrelated
140694,unrelated
253494,unrelated
25799,agreed
188579,unrelated
263143,unrelated
88983,unrelated
35298,unrelated
282193,unrelated
260844,unrelated
317047,unrelated
240460,agreed
27201,unrelated
288300,unrelated
258547,agreed
198548,unrelated
197482,unrelated
5521,agreed
169185,unrelated
262375,unrelated
150751,unrelated
234412,agreed
228974,unrelated
235088,unrelated
30823,agreed
137541,unrelated
260076,agreed
38844,unrelated
115851,agreed
224118,agreed
216750,unrelated
149713,unrelated
77610,unrelated
298241,unrelated
124741,unrelated
296259,unrelated
149008,unrelated
251237,unrelated
13148,unrelated
294160,unrelated
4801,unrelated
84484,unrelated
249616,agreed
1248,unrelated
7009,unrelated
184809,unrelated
233004,unrelated
67152,agreed
294748,unrelated
235318,unrelated
217217,unrelated
127903,unrelated
234683,unrelated
152948,unrelated
15729,unrelated
208540,unrelated
234936,unrelated
42326,unrelated
234023,unrelated
55736,unrelated
216649,unrelated
141536,unrelated
321131,unrelated
219993,unrelated
200468,unrelated
165747,agreed
251464,unrelated
295100,unrelated
275871,unrelated
102955,unrelated
138450,unrelated
19116,unrelated
63601,unrelated
2244,unrelated
291225,unrelated
91252,unrelated
111749,agreed
86275,unrelated
209188,unrelated
226799,unrelated
241759,agreed
179007,unrelated
121774,unrelated
164361,unrelated
220198,unrelated
51101,unrelated
31424,unrelated
48507,unrelated
183737,unrelated
3754,unrelated
31896,agreed
231363,unrelated
76565,unrelated
150304,unrelated
175495,unrelated
64243,unrelated
126845,unrelated
3118,agreed
28336,unrelated
221826,unrelated
191439,unrelated
59905,unrelated
111929,unrelated
26715,agreed
48280,unrelated
2130,unrelated
118697,unrelated
113875,agreed
279379,unrelated
238480,agreed
18117,unrelated
111863,agreed
302280,unrelated
308036,unrelated
37819,unrelated
118630,unrelated
308688,agreed
301451,unrelated
145026,unrelated
30454,unrelated
56838,agreed
204029,unrelated
122507,unrelated
10288,agreed
96935,unrelated
193315,unrelated
240185,unrelated
275209,unrelated
44896,unrelated
68990,unrelated
127584,unrelated
180448,unrelated
229711,unrelated
162012,unrelated
223298,disagreed
66945,unrelated
161874,unrelated
224432,unrelated
260320,agreed
30349,unrelated
232901,agreed
272210,unrelated
78493,unrelated
275762,unrelated
138541,unrelated
70503,agreed
187634,agreed
226316,unrelated
44031,unrelated
85694,agreed
50335,unrelated
69171,agreed
173823,disagreed
54043,agreed
183691,agreed
283381,unrelated
204847,unrelated
45071,agreed
146031,agreed
246383,unrelated
245698,agreed
165988,agreed
33882,unrelated
42687,unrelated
261591,unrelated
168126,unrelated
297080,unrelated
122952,agreed
112167,agreed
145832,unrelated
107614,agreed
265635,agreed
161433,agreed
109490,unrelated
279723,agreed
301980,unrelated
253700,unrelated
178357,unrelated
278460,agreed
288079,agreed
300004,unrelated
300472,unrelated
260666,agreed
16697,unrelated
135644,unrelated
249846,unrelated
27861,unrelated
240486,agreed
58020,unrelated
278441,unrelated
43211,agreed
295705,unrelated
176928,agreed
307859,agreed
270604,agreed
127008,unrelated
66775,unrelated
275078,agreed
244252,agreed
224944,unrelated
4593,unrelated
18163,disagreed
62683,unrelated
148628,unrelated
176879,unrelated
311148,unrelated
6329,unrelated
174902,agreed
91034,unrelated
262849,agreed
194906,agreed
28679,unrelated
320861,unrelated
160977,agreed
203982,unrelated
285471,unrelated
194807,agreed
296163,unrelated
251068,agreed
289826,agreed
217778,agreed
15979,unrelated
286315,unrelated
77862,unrelated
62732,unrelated
135268,agreed
306076,unrelated
86946,unrelated
307878,agreed
218307,unrelated
18868,agreed
98450,agreed
298964,agreed
87745,unrelated
109781,unrelated
316163,agreed
192452,unrelated
42826,unrelated
148356,agreed
144779,unrelated
62467,agreed
244755,unrelated
114285,agreed
289919,agreed
42040,unrelated
300650,unrelated
17980,agreed
203743,unrelated
47052,unrelated
68006,unrelated
52771,unrelated
250337,unrelated
65450,unrelated
169890,unrelated
141626,unrelated
224555,unrelated
202860,unrelated
178695,unrelated
143233,agreed
66047,unrelated
138863,unrelated
139817,agreed
257311,unrelated
193990,agreed
121962,agreed
18182,unrelated
221315,agreed
170992,unrelated
26793,unrelated
170156,unrelated
155473,agreed
229805,unrelated
229274,unrelated
232917,unrelated
136901,unrelated
262044,unrelated
103681,agreed
313260,unrelated
28465,unrelated
39640,unrelated
226123,unrelated
241277,unrelated
192153,agreed
205007,agreed
210075,unrelated
204924,agreed
225567,unrelated
53124,unrelated
310047,agreed
249708,unrelated
261354,agreed
42637,agreed
71187,unrelated
171038,unrelated
101733,unrelated
47449,unrelated
151148,agreed
303469,unrelated
265549,agreed
318910,unrelated
193003,unrelated
111526,unrelated
245195,agreed
29273,unrelated
297292,unrelated
126969,unrelated
289642,agreed
79938,unrelated
91316,unrelated
108045,agreed
277249,unrelated
166550,unrelated
123707,disagreed
149529,unrelated
149444,unrelated
242795,unrelated
295316,unrelated
255337,agreed
316010,agreed
277118,agreed
256850,agreed
303965,unrelated
113534,unrelated
318928,unrelated
244203,unrelated
228986,unrelated
197755,unrelated
266517,unrelated
197153,unrelated
320924,agreed
41358,unrelated
89037,agreed
19125,unrelated
143714,agreed
30279,unrelated
166653,agreed
224419,unrelated
162054,unrelated
61108,unrelated
214270,agreed
285166,unrelated
271763,agreed
193797,agreed
133472,agreed
15755,unrelated
177238,unrelated
310087,unrelated
320788,unrelated
257817,unrelated
149573,unrelated
81550,unrelated
214595,agreed
126384,unrelated
217930,unrelated
177143,agreed
41954,agreed
61792,unrelated
130139,agreed
287905,unrelated
80231,unrelated
20400,unrelated
64510,unrelated
152843,unrelated
191963,unrelated
217550,agreed
9281,unrelated
192626,unrelated
203780,unrelated
249509,unrelated
53483,unrelated
159570,unrelated
154315,unrelated
240292,unrelated
308384,unrelated
124116,unrelated
260928,unrelated
37525,unrelated
186964,unrelated
161629,agreed
94897,unrelated
168458,unrelated
39596,agreed
217037,agreed
24770,agreed
303218,unrelated
279584,unrelated
15420,agreed
278327,unrelated
69742,unrelated
105091,unrelated
34664,unrelated
317062,agreed
273968,unrelated
313447,unrelated
17973,agreed
75589,unrelated
268239,unrelated
36480,unrelated
274600,unrelated
240189,unrelated
252281,unrelated
87980,unrelated
60987,unrelated
95437,unrelated
31456,unrelated
38918,unrelated
148785,unrelated
109053,agreed
193656,agreed
188476,unrelated
251497,unrelated
50667,unrelated
142993,unrelated
314571,agreed
304198,unrelated
303418,unrelated
123169,agreed
137234,agreed
172044,unrelated
237914,unrelated
277347,unrelated
180879,unrelated
7294,unrelated
197882,unrelated
315142,agreed
36336,agreed
127912,agreed
199317,disagreed
106331,unrelated
301919,agreed
71364,unrelated
232491,agreed
230772,agreed
33284,unrelated
249893,unrelated
272913,unrelated
28999,unrelated
278797,unrelated
30871,unrelated
300168,unrelated
177952,agreed
9888,disagreed
87809,unrelated
45194,agreed
254957,unrelated
266818,agreed
168009,unrelated
57005,unrelated
11929,agreed
81452,unrelated
6395,unrelated
205662,unrelated
58231,unrelated
297704,unrelated
37069,agreed
35746,unrelated
21758,unrelated
96182,agreed
166721,unrelated
319667,unrelated
41215,agreed
248186,unrelated
204358,unrelated
153328,unrelated
311456,agreed
213473,agreed
247081,unrelated
107065,unrelated
237630,unrelated
118336,unrelated
191096,unrelated
248845,unrelated
72690,agreed
221435,unrelated
190360,unrelated
306611,unrelated
143519,unrelated
65969,unrelated
87152,unrelated
209000,unrelated
113470,unrelated
213461,agreed
293619,unrelated
90120,agreed
220895,agreed
226179,unrelated
140416,agreed
90780,unrelated
29129,unrelated
190264,unrelated
180275,unrelated
54938,unrelated
45804,agreed
213436,unrelated
321024,unrelated
6019,agreed
136785,unrelated
50124,agreed
73207,agreed
193783,agreed
64094,disagreed
263199,unrelated
75113,agreed
153715,unrelated
97970,agreed
234586,unrelated
257315,unrelated
86059,unrelated
230094,unrelated
27982,unrelated
85808,unrelated
193899,agreed
12558,unrelated
64819,agreed
93505,unrelated
141697,unrelated
200631,unrelated
93674,unrelated
55869,agreed
292025,agreed
182736,agreed
71425,unrelated
67125,unrelated
185401,agreed
17902,unrelated
112463,unrelated
33047,unrelated
299662,unrelated
313883,agreed
14359,unrelated
236033,agreed
84519,agreed
69226,unrelated
245320,agreed
199120,unrelated
97224,unrelated
306386,agreed
305781,unrelated
33859,unrelated
208188,unrelated
116611,agreed
294523,unrelated
316333,unrelated
270454,unrelated
219322,unrelated
168580,unrelated
264931,unrelated
14265,agreed
118084,unrelated
252572,unrelated
217048,agreed
89325,unrelated
194760,unrelated
192,unrelated
29322,unrelated
295601,unrelated
140028,unrelated
274836,unrelated
220741,unrelated
138682,unrelated
245270,unrelated
289429,unrelated
209234,agreed
6467,unrelated
4442,unrelated
174860,agreed
114950,unrelated
159797,agreed
90379,unrelated
96033,unrelated
108507,unrelated
153202,unrelated
15105,unrelated
212975,unrelated
234459,unrelated
256427,unrelated
142079,agreed
213471,unrelated
35924,unrelated
204940,unrelated
2407,unrelated
29101,unrelated
23502,unrelated
52634,unrelated
267118,unrelated
200223,unrelated
123564,agreed
53847,agreed
320778,unrelated
26431,unrelated
58195,unrelated
306343,unrelated
27910,unrelated
142873,unrelated
189415,agreed
89175,agreed
299792,agreed
319301,unrelated
91919,agreed
249439,agreed
158906,unrelated
1365,unrelated
252150,agreed
294962,unrelated
239916,agreed
141609,unrelated
152111,agreed
254288,agreed
205914,unrelated
32353,unrelated
156366,unrelated
248560,unrelated
107522,unrelated
65634,agreed
24123,agreed
222497,unrelated
141516,unrelated
75537,unrelated
116368,unrelated
85196,unrelated
232344,unrelated
121498,unrelated
150627,unrelated
75499,unrelated
205324,unrelated
88609,unrelated
210432,unrelated
31480,agreed
64623,agreed
132040,unrelated
7524,agreed
268429,unrelated
61750,agreed
21604,unrelated
3386,unrelated
234436,unrelated
46122,unrelated
34441,agreed
217822,unrelated
274618,unrelated
266150,unrelated
318605,unrelated
277972,disagreed
127443,agreed
147475,agreed
237123,agreed
277211,unrelated
84464,agreed
293120,unrelated
203436,unrelated
301391,unrelated
261907,unrelated
316357,unrelated
30650,unrelated
159138,agreed
9077,unrelated
74793,unrelated
222282,agreed
46533,unrelated
38415,agreed
288007,unrelated
61979,unrelated
78417,unrelated
237333,unrelated
112494,agreed
226954,unrelated
128543,disagreed
163914,unrelated
154498,unrelated
75456,unrelated
299321,unrelated
247016,unrelated
6527,unrelated
54226,unrelated
99460,unrelated
226081,agreed
154752,unrelated
3539,unrelated
106433,agreed
236757,agreed
203310,unrelated
146831,unrelated
117223,unrelated
132096,agreed
123025,unrelated
94228,unrelated
123183,agreed
197568,unrelated
288926,unrelated
319990,agreed
274171,agreed
231304,unrelated
59768,unrelated
231402,agreed
156172,unrelated
28697,unrelated
4142,unrelated
274752,unrelated
289497,unrelated
97518,disagreed
77905,unrelated
92151,unrelated
318323,agreed
157531,unrelated
144795,unrelated
120416,unrelated
24939,unrelated
160220,unrelated
233917,agreed
267847,agreed
242263,unrelated
204279,unrelated
31826,agreed
72473,unrelated
204266,unrelated
275902,unrelated
135143,agreed
279497,unrelated
164308,agreed
140735,agreed
246058,unrelated
164821,agreed
131093,unrelated
136210,unrelated
252663,unrelated
137882,unrelated
116433,agreed
89939,unrelated
103938,agreed
29499,agreed
209297,agreed
229960,unrelated
219079,unrelated
209581,agreed
317925,unrelated
199313,agreed
262292,unrelated
87850,unrelated
167967,unrelated
153906,unrelated
270333,unrelated
29236,unrelated
106808,agreed
151894,unrelated
145578,agreed
239190,unrelated
219357,unrelated
155001,unrelated
64630,agreed
197367,agreed
30096,agreed
105791,unrelated
162913,agreed
205019,unrelated
162762,unrelated
38346,unrelated
38924,unrelated
48802,unrelated
169412,agreed
277023,agreed
274021,agreed
5111,unrelated
291546,unrelated
174005,agreed
60916,unrelated
250572,unrelated
193321,unrelated
119656,unrelated
264073,agreed
300821,unrelated
139872,agreed
97586,agreed
292099,unrelated
33597,unrelated
11119,agreed
183725,unrelated
57474,unrelated
43692,agreed
111484,unrelated
59746,unrelated
320579,unrelated
228934,unrelated
316318,unrelated
230372,unrelated
248273,unrelated
2293,unrelated
69527,unrelated
253812,agreed
216668,unrelated
111583,unrelated
293861,unrelated
113308,unrelated
242257,unrelated
64223,unrelated
38714,unrelated
231986,unrelated
166472,agreed
221957,agreed
250103,agreed
112255,unrelated
153070,unrelated
56110,unrelated
35586,unrelated
218701,unrelated
64728,agreed
112128,agreed
26088,unrelated
100498,unrelated
107517,agreed
181249,unrelated
143308,unrelated
150805,agreed
95587,unrelated
184025,unrelated
120112,unrelated
234072,unrelated
121941,unrelated
174849,unrelated
49515,unrelated
56181,unrelated
92426,agreed
39477,unrelated
10217,unrelated
201892,unrelated
271283,agreed
268464,agreed
59921,agreed
224674,unrelated
137840,unrelated
4164,unrelated
139391,unrelated
194875,agreed
68872,unrelated
70189,unrelated
16880,agreed
242505,unrelated
198374,unrelated
50896,agreed
123932,agreed
263328,unrelated
227167,unrelated
20760,unrelated
230376,unrelated
106297,unrelated
256596,unrelated
160201,unrelated
80257,unrelated
74281,agreed
262832,unrelated
152432,agreed
104917,agreed
115641,agreed
60933,unrelated
129385,unrelated
318224,unrelated
136550,unrelated
110247,agreed
36179,unrelated
59452,unrelated
187757,unrelated
309828,unrelated
67700,unrelated
48524,unrelated
103748,unrelated
52303,unrelated
75187,agreed
314207,unrelated
290740,unrelated
269510,agreed
289227,unrelated
222754,unrelated
271639,agreed
20013,unrelated
163988,unrelated
314393,unrelated
53026,agreed
87415,agreed
112359,agreed
266084,agreed
122603,unrelated
222871,unrelated
35386,unrelated
49259,agreed
21570,unrelated
200142,agreed
318585,unrelated
164046,unrelated
279611,unrelated
119693,unrelated
307077,unrelated
36354,unrelated
49211,agreed
158274,unrelated
128643,unrelated
130292,unrelated
271725,unrelated
140448,unrelated
77478,unrelated
250199,unrelated
106391,unrelated
187631,unrelated
26650,unrelated
87526,unrelated
5446,agreed
181208,agreed
55728,unrelated
70200,unrelated
270175,unrelated
31665,agreed
158097,unrelated
235300,unrelated
27818,unrelated
97649,unrelated
255954,unrelated
60514,unrelated
93584,unrelated
23670,unrelated
126614,unrelated
57777,unrelated
104488,unrelated
149364,agreed
251520,agreed
29245,unrelated
291663,unrelated
3720,agreed
22329,unrelated
135790,unrelated
99204,unrelated
94833,unrelated
60359,unrelated
53517,unrelated
195644,unrelated
288716,unrelated
97847,unrelated
260159,unrelated
79636,unrelated
35983,agreed
142987,unrelated
247832,unrelated
243516,unrelated
285433,unrelated
131876,unrelated
224800,unrelated
268754,unrelated
276063,unrelated
200446,unrelated
144247,unrelated
45913,unrelated
744,unrelated
297879,unrelated
7180,unrelated
29216,agreed
130394,unrelated
86413,agreed
234151,unrelated
112521,agreed
138061,unrelated
9821,agreed
133053,unrelated
254128,agreed
311341,unrelated
301111,unrelated
131600,unrelated
250796,unrelated
78972,agreed
45877,unrelated
184292,unrelated
221149,agreed
147722,unrelated
263385,unrelated
37097,agreed
157598,disagreed
211478,unrelated
9352,agreed
80180,unrelated
89154,unrelated
233122,unrelated
1915,agreed
176222,unrelated
124184,unrelated
121455,disagreed
232850,unrelated
132604,agreed
94738,unrelated
105009,unrelated
72510,unrelated
308657,agreed
65219,agreed
236649,unrelated
294530,unrelated
87174,agreed
139925,unrelated
127460,unrelated
318143,unrelated
284214,unrelated
208964,agreed
250764,unrelated
169993,unrelated
180042,agreed
29592,unrelated
126789,unrelated
129127,agreed
121247,unrelated
39430,agreed
103380,agreed
297190,unrelated
206842,unrelated
200795,unrelated
3326,unrelated
316250,agreed
3320,unrelated
83793,unrelated
283251,unrelated
210861,agreed
286457,unrelated
148445,unrelated
314577,agreed
299147,unrelated
54070,agreed
2049,unrelated
143394,unrelated
107712,unrelated
252375,unrelated
138530,agreed
149226,unrelated
295388,unrelated
121119,unrelated
76171,unrelated
219927,unrelated
20643,unrelated
28926,agreed
223587,disagreed
235716,unrelated
302560,unrelated
178841,agreed
65468,unrelated
279156,agreed
257335,unrelated
275824,unrelated
261724,agreed
101602,unrelated
95354,unrelated
313467,unrelated
46729,unrelated
110289,unrelated
157461,unrelated
207072,agreed
84098,unrelated
11841,unrelated
282845,unrelated
42736,unrelated
254722,unrelated
8157,unrelated
201229,unrelated
6333,unrelated
106520,agreed
38262,unrelated
88686,agreed
66165,unrelated
192073,unrelated
17413,agreed
101536,agreed
5737,unrelated
35947,unrelated
313106,agreed
23775,unrelated
37428,unrelated
163133,agreed
153368,agreed
92445,agreed
170748,unrelated
90220,agreed
109215,agreed
26574,unrelated
75785,agreed
244375,unrelated
149401,unrelated
192382,unrelated
300237,unrelated
180810,unrelated
260442,unrelated
188647,unrelated
47398,unrelated
23539,unrelated
245648,agreed
272444,unrelated
138419,unrelated
250539,unrelated
98544,unrelated
239402,unrelated
280105,unrelated
17996,unrelated
243345,unrelated
248855,unrelated
129552,unrelated
24140,unrelated
190152,unrelated
311465,agreed
72568,unrelated
203509,agreed
81902,unrelated
6945,agreed
207163,unrelated
167503,unrelated
59856,unrelated
136368,unrelated
48694,unrelated
41382,unrelated
5746,agreed
113583,unrelated
32624,unrelated
264180,unrelated
89622,unrelated
219092,unrelated
132085,unrelated
257474,agreed
174955,agreed
24889,unrelated
101883,unrelated
90834,agreed
191850,unrelated
207138,unrelated
305864,unrelated
111098,unrelated
126,agreed
105214,unrelated
4964,unrelated
15526,agreed
260454,agreed
164549,unrelated
155338,unrelated
134502,unrelated
34959,unrelated
218357,unrelated
93697,unrelated
213857,unrelated
170513,unrelated
163355,unrelated
255523,agreed
306335,unrelated
283059,unrelated
123870,unrelated
290185,agreed
303435,unrelated
208527,unrelated
26697,unrelated
278576,unrelated
54753,unrelated
23455,unrelated
296797,unrelated
29967,unrelated
85193,agreed
186134,unrelated
61859,agreed
178508,unrelated
207929,unrelated
49840,unrelated
193080,unrelated
5802,agreed
219854,unrelated
313298,unrelated
192480,agreed
33076,unrelated
161508,unrelated
263638,unrelated
89265,unrelated
67560,unrelated
43587,agreed
28183,unrelated
120877,unrelated
109156,unrelated
41576,unrelated
284245,unrelated
186654,unrelated
200623,unrelated
111080,agreed
203704,unrelated
219257,unrelated
9349,agreed
152534,unrelated
121615,unrelated
288997,disagreed
45873,unrelated
122262,unrelated
30463,agreed
209859,unrelated
94955,unrelated
298140,unrelated
294635,unrelated
147087,agreed
318355,unrelated
101699,unrelated
166919,agreed
176693,unrelated
216832,unrelated
119648,agreed
135040,agreed
295403,unrelated
203687,unrelated
260763,unrelated
263498,unrelated
206459,unrelated
180709,unrelated
9363,agreed
283000,unrelated
53326,unrelated
241690,unrelated
217427,unrelated
118968,unrelated
117061,unrelated
31600,unrelated
59265,agreed
262166,unrelated
283866,unrelated
60002,agreed
47439,unrelated
70075,unrelated
196783,agreed
35079,unrelated
236630,unrelated
20498,agreed
273380,disagreed
112789,agreed
230378,unrelated
210761,unrelated
269123,agreed
256258,unrelated
273311,unrelated
41351,unrelated
88627,agreed
220920,agreed
165630,unrelated
131235,unrelated
33791,unrelated
265723,unrelated
167963,unrelated
192714,unrelated
184763,unrelated
311923,agreed
219359,unrelated
308609,unrelated
56676,unrelated
140373,unrelated
201106,unrelated
91040,agreed
23938,agreed
21520,unrelated
194938,unrelated
85927,agreed
238568,agreed
67989,agreed
216807,agreed
251213,agreed
47683,agreed
26809,agreed
134915,agreed
255247,unrelated
90684,unrelated
128499,agreed
155290,unrelated
192301,unrelated
239323,unrelated
145231,unrelated
284525,unrelated
158148,unrelated
37513,unrelated
122441,unrelated
24540,unrelated
247882,unrelated
12215,unrelated
74789,unrelated
122154,agreed
212110,unrelated
40772,unrelated
299659,unrelated
38507,unrelated
48455,agreed
75603,disagreed
265646,agreed
24649,unrelated
109453,unrelated
158959,agreed
251180,agreed
37597,unrelated
262697,unrelated
194640,agreed
10121,unrelated
166169,unrelated
172374,unrelated
114190,unrelated
33570,unrelated
246911,agreed
128650,unrelated
287332,agreed
192847,unrelated
11404,unrelated
98470,unrelated
26264,unrelated
282551,unrelated
218309,unrelated
74502,unrelated
57974,unrelated
107662,unrelated
65868,unrelated
302148,agreed
273334,unrelated
69790,unrelated
218620,agreed
215025,unrelated
17408,agreed
251915,agreed
153987,unrelated
181502,agreed
95250,unrelated
206880,disagreed
203123,agreed
67541,unrelated
208232,unrelated
225906,agreed
268504,unrelated
158031,unrelated
23298,unrelated
3785,unrelated
295025,unrelated
286126,agreed
251780,unrelated
276591,agreed
247817,unrelated
11696,agreed
242690,unrelated
105941,unrelated
293197,agreed
263166,agreed
19343,unrelated
299670,unrelated
53141,unrelated
205189,unrelated
99422,unrelated
93424,unrelated
246138,unrelated
179368,agreed
174922,unrelated
169568,unrelated
266270,unrelated
273107,unrelated
210021,unrelated
305572,unrelated
310710,agreed
116091,agreed
100468,unrelated
309874,unrelated
202760,unrelated
70895,unrelated
88880,unrelated
28923,agreed
305294,unrelated
75374,agreed
50407,unrelated
84167,agreed
49823,unrelated
133592,unrelated
182384,agreed
3819,unrelated
145346,unrelated
112274,agreed
254465,agreed
63663,unrelated
248708,disagreed
208885,unrelated
280225,unrelated
100511,agreed
203217,agreed
72416,unrelated
113506,unrelated
119243,unrelated
281115,agreed
89639,unrelated
125680,unrelated
312855,unrelated
318740,unrelated
260114,unrelated
57769,unrelated
86549,unrelated
18417,unrelated
143686,unrelated
155387,unrelated
63955,agreed
287949,unrelated
88416,agreed
278103,unrelated
109894,unrelated
218238,agreed
278965,unrelated
46627,unrelated
35254,unrelated
105618,unrelated
206050,agreed
136765,unrelated
217290,agreed
261545,unrelated
308260,agreed
27364,disagreed
130016,unrelated
125761,agreed
271064,agreed
281894,unrelated
228913,agreed
271040,unrelated
112075,agreed
146389,unrelated
253828,unrelated
97532,disagreed
199640,unrelated
126809,agreed
126706,unrelated
287103,unrelated
3974,unrelated
63038,unrelated
118765,unrelated
98675,agreed
307898,unrelated
36974,agreed
52604,unrelated
155828,unrelated
29525,unrelated
212815,unrelated
32372,unrelated
302146,agreed
181015,agreed
273418,unrelated
296966,unrelated
47101,unrelated
307018,agreed
46866,unrelated
162232,unrelated
70082,unrelated
182362,agreed
259771,unrelated
99052,unrelated
200697,unrelated
137262,unrelated
48982,unrelated
34988,unrelated
125136,unrelated
184745,unrelated
259654,agreed
224266,agreed
47477,agreed
310014,unrelated
252340,unrelated
229154,unrelated
143696,unrelated
131427,agreed
278311,unrelated
249059,unrelated
213414,unrelated
229822,unrelated
145288,unrelated
234808,unrelated
5145,unrelated
93484,unrelated
23711,unrelated
315541,agreed
56674,unrelated
312346,unrelated
252362,agreed
26594,unrelated
206115,agreed
80018,unrelated
206175,agreed
18335,unrelated
40631,unrelated
274345,unrelated
276771,unrelated
34644,disagreed
320326,agreed
63838,unrelated
136212,unrelated
26588,agreed
14241,unrelated
233712,unrelated
854,disagreed
267265,agreed
88855,unrelated
149233,unrelated
82021,unrelated
29023,agreed
215095,agreed
142355,unrelated
61531,agreed
224699,unrelated
194072,agreed
119205,unrelated
31547,unrelated
28571,unrelated
119256,unrelated
106776,unrelated
319908,unrelated
69469,unrelated
193303,unrelated
263911,agreed
125941,unrelated
310365,unrelated
164528,agreed
199998,unrelated
279625,unrelated
12585,agreed
69815,unrelated
136857,unrelated
300380,agreed
204240,unrelated
262005,unrelated
57207,unrelated
282571,unrelated
229779,unrelated
272534,unrelated
141942,unrelated
89167,agreed
236354,unrelated
13319,unrelated
166768,unrelated
138761,unrelated
320223,unrelated
204704,unrelated
159324,agreed
176290,unrelated
297275,unrelated
166892,unrelated
270441,unrelated
30458,agreed
235027,unrelated
79430,agreed
75748,unrelated
153473,unrelated
182066,agreed
221575,agreed
222755,unrelated
5753,unrelated
125495,unrelated
271045,unrelated
181586,unrelated
80890,agreed
219474,unrelated
309335,unrelated
159800,agreed
22609,unrelated
229338,unrelated
51236,agreed
100279,unrelated
68701,unrelated
140859,agreed
151818,unrelated
24909,unrelated
231477,unrelated
65789,unrelated
16091,unrelated
207543,unrelated
71059,unrelated
30752,unrelated
63011,unrelated
254372,agreed
157649,unrelated
222280,agreed
125689,unrelated
83433,agreed
132648,unrelated
23316,unrelated
85611,unrelated
241445,unrelated
243673,unrelated
254976,unrelated
73103,agreed
258942,unrelated
80726,unrelated
38386,unrelated
113868,agreed
36242,unrelated
81446,unrelated
135337,agreed
264813,unrelated
260785,unrelated
20713,unrelated
210364,agreed
85329,unrelated
121054,unrelated
296499,unrelated
120491,unrelated
81262,unrelated
293033,unrelated
138317,unrelated
208563,agreed
187180,unrelated
661,unrelated
274801,agreed
214136,unrelated
175005,agreed
275688,unrelated
183791,agreed
47415,unrelated
127591,unrelated
222555,unrelated
33884,agreed
221706,agreed
306524,agreed
55919,unrelated
9274,unrelated
157864,unrelated
42590,agreed
310345,unrelated
160376,agreed
62052,unrelated
50649,unrelated
124900,unrelated
156716,agreed
232789,unrelated
198455,unrelated
49697,unrelated
125232,unrelated
251827,unrelated
12250,unrelated
33168,unrelated
20284,agreed
48241,unrelated
279523,unrelated
56026,unrelated
29352,agreed
115460,unrelated
122156,agreed
215776,unrelated
24696,unrelated
32086,unrelated
11519,agreed
82296,unrelated
301116,unrelated
177880,agreed
155979,unrelated
65174,agreed
109698,unrelated
320040,agreed
138908,agreed
87758,unrelated
62898,agreed
104374,unrelated
296804,unrelated
141774,unrelated
271806,unrelated
150422,agreed
97839,unrelated
69355,agreed
247754,unrelated
44664,unrelated
54808,agreed
262504,unrelated
310094,unrelated
211102,agreed
313527,agreed
166896,unrelated
283885,unrelated
99411,unrelated
304074,unrelated
60233,unrelated
135356,unrelated
312657,agreed
68637,unrelated
278464,agreed
94492,unrelated
76338,agreed
314339,unrelated
175139,disagreed
24293,unrelated
10905,agreed
34309,unrelated
287609,unrelated
262911,unrelated
318658,unrelated
189399,unrelated
56107,unrelated
198073,agreed
316516,unrelated
187983,unrelated
63170,unrelated
705,unrelated
82213,unrelated
261959,agreed
158840,unrelated
187352,unrelated
110680,unrelated
9021,unrelated
72888,unrelated
299946,unrelated
66240,agreed
157553,unrelated
305907,unrelated
64661,agreed
247165,unrelated
69180,unrelated
163765,unrelated
23886,unrelated
146718,unrelated
67353,unrelated
82528,unrelated
209307,disagreed
231625,agreed
242178,unrelated
32810,agreed
74166,unrelated
268681,unrelated
264212,unrelated
134929,unrelated
304472,unrelated
85934,agreed
134477,unrelated
78392,unrelated
186247,agreed
272958,unrelated
257211,unrelated
706,unrelated
49837,unrelated
146282,unrelated
221935,unrelated
248138,unrelated
142344,unrelated
252057,unrelated
46588,unrelated
25185,unrelated
202583,agreed
205165,unrelated
299882,unrelated
160646,unrelated
288136,agreed
211813,unrelated
198996,unrelated
276401,unrelated
302050,unrelated
316429,unrelated
168204,unrelated
223903,unrelated
199322,unrelated
139125,unrelated
295433,unrelated
179627,disagreed
162591,unrelated
283631,agreed
158428,unrelated
184974,unrelated
198836,agreed
68355,unrelated
115222,unrelated
77476,unrelated
297823,unrelated
67990,agreed
319486,unrelated
247351,agreed
165915,unrelated
171155,unrelated
97098,agreed
258089,agreed
298008,agreed
232096,unrelated
87813,unrelated
180551,unrelated
101824,unrelated
258687,unrelated
92442,unrelated
158268,unrelated
27074,unrelated
178318,unrelated
133751,unrelated
116183,agreed
185281,unrelated
10391,unrelated
247123,unrelated
282512,unrelated
148645,unrelated
275329,unrelated
63795,agreed
13558,unrelated
194639,agreed
126754,unrelated
190104,unrelated
235712,unrelated
168449,unrelated
25228,agreed
242994,unrelated
187319,unrelated
30483,unrelated
201301,agreed
313257,agreed
38225,unrelated
89813,unrelated
268182,agreed
289407,agreed
172285,unrelated
149516,agreed
35644,unrelated
217125,agreed
137936,agreed
117132,unrelated
235256,unrelated
316776,unrelated
51439,unrelated
135816,agreed
53929,unrelated
99308,unrelated
205915,unrelated
7325,unrelated
137098,unrelated
180673,unrelated
270080,agreed
47227,unrelated
19086,agreed
212723,unrelated
307791,unrelated
30194,unrelated
92744,unrelated
236458,agreed
287882,unrelated
3567,agreed
138475,unrelated
204178,unrelated
185637,unrelated
197944,agreed
319357,unrelated
91262,unrelated
136463,unrelated
48774,unrelated
1976,unrelated
307876,agreed
194446,agreed
159608,unrelated
16243,agreed
284924,unrelated
152852,unrelated
134348,unrelated
257638,unrelated
288664,unrelated
145814,unrelated
224898,unrelated
271980,unrelated
236576,unrelated
98935,agreed
242276,unrelated
319869,unrelated
30537,agreed
240379,unrelated
149861,unrelated
38208,unrelated
213430,unrelated
277528,agreed
15137,unrelated
271172,unrelated
140388,agreed
235949,agreed
288034,unrelated
182914,unrelated
282445,unrelated
290262,unrelated
97836,unrelated
141017,agreed
55890,agreed
218882,unrelated
153144,unrelated
157515,unrelated
73930,unrelated
212664,agreed
213783,unrelated
190927,unrelated
9369,agreed
56571,unrelated
43753,unrelated
106009,unrelated
255352,agreed
156407,unrelated
303294,unrelated
211833,unrelated
9823,agreed
137744,unrelated
144765,unrelated
106998,agreed
139307,unrelated
147173,agreed
11005,agreed
14961,agreed
121897,agreed
65885,unrelated
230061,unrelated
182307,unrelated
179644,agreed
292422,unrelated
38725,agreed
195549,unrelated
261714,unrelated
147353,unrelated
306445,unrelated
310223,agreed
73978,agreed
58023,unrelated
260862,unrelated
242170,unrelated
279372,unrelated
177822,agreed
111394,agreed
121648,unrelated
95133,unrelated
43438,agreed
152381,unrelated
290452,unrelated
85650,agreed
90516,unrelated
215492,unrelated
50975,unrelated
93779,agreed
158575,unrelated
18501,unrelated
31079,unrelated
192171,unrelated
86188,unrelated
238905,agreed
223535,disagreed
131032,unrelated
113902,agreed
202614,agreed
138616,unrelated
210410,unrelated
66082,unrelated
299761,unrelated
26425,unrelated
142480,agreed
284354,agreed
128898,unrelated
211556,unrelated
177198,unrelated
215749,unrelated
255230,agreed
112070,agreed
201215,unrelated
3019,unrelated
293618,unrelated
56078,agreed
71994,unrelated
204962,unrelated
206826,unrelated
206653,unrelated
23703,unrelated
113289,unrelated
38502,unrelated
116285,agreed
220799,agreed
219226,unrelated
151167,agreed
58823,unrelated
81162,unrelated
161581,unrelated
316166,unrelated
59931,agreed
281978,agreed
292562,unrelated
81029,unrelated
27673,agreed
148393,unrelated
23338,unrelated
41543,unrelated
151728,agreed
16347,unrelated
280540,unrelated
26390,unrelated
52212,unrelated
60848,unrelated
212038,unrelated
160579,unrelated
100869,unrelated
286437,unrelated
173840,agreed
138648,unrelated
82451,unrelated
74987,unrelated
242228,unrelated
116733,unrelated
124946,unrelated
144928,unrelated
271638,agreed
96444,unrelated
61093,unrelated
296608,unrelated
250072,unrelated
299375,agreed
77775,agreed
204072,unrelated
73025,agreed
140549,unrelated
195160,agreed
109044,agreed
200570,unrelated
242252,unrelated
11894,unrelated
223410,agreed
72811,unrelated
70525,agreed
267087,agreed
125801,unrelated
274289,unrelated
35111,agreed
33318,unrelated
244679,unrelated
90926,unrelated
242390,agreed
282732,unrelated
77474,unrelated
89675,agreed
139864,agreed
114379,unrelated
297182,unrelated
62379,agreed
272309,unrelated
321072,unrelated
63137,unrelated
317261,unrelated
31916,unrelated
66940,unrelated
314422,unrelated
26535,unrelated
261727,agreed
74052,unrelated
118326,agreed
251678,unrelated
312321,unrelated
180721,agreed
242728,unrelated
241452,unrelated
227880,agreed
58836,unrelated
282412,unrelated
158132,unrelated
19518,unrelated
155277,unrelated
193773,agreed
310008,unrelated
62228,unrelated
175704,unrelated
117807,unrelated
42306,agreed
213309,disagreed
257739,agreed
140642,agreed
278855,unrelated
177740,unrelated
186047,unrelated
277997,disagreed
317614,agreed
294236,unrelated
181993,unrelated
137725,unrelated
218119,agreed
192238,unrelated
35156,unrelated
32895,disagreed
314109,unrelated
129923,unrelated
96126,agreed
159623,unrelated
278122,agreed
57356,unrelated
226149,unrelated
257077,unrelated
231391,unrelated
52818,unrelated
254269,unrelated
183360,agreed
7092,unrelated
106360,agreed
39409,unrelated
56528,unrelated
293176,unrelated
182049,unrelated
1127,unrelated
132174,unrelated
22084,unrelated
192713,unrelated
256473,agreed
235886,unrelated
34776,agreed
101817,agreed
70637,unrelated
276749,unrelated
188069,agreed
8162,unrelated
106290,unrelated
185717,unrelated
307571,unrelated
159679,unrelated
252038,unrelated
67027,unrelated
187204,unrelated
299440,unrelated
242165,unrelated
283899,unrelated
122631,unrelated
264160,unrelated
251254,agreed
275829,unrelated
27445,unrelated
111702,unrelated
256771,unrelated
142575,unrelated
256370,unrelated
36205,unrelated
140297,unrelated
272865,unrelated
11705,unrelated
201870,unrelated
41405,agreed
73583,agreed
205507,unrelated
102305,agreed
24241,unrelated
226280,unrelated
253471,unrelated
143903,unrelated
37913,unrelated
54008,unrelated
149632,unrelated
216930,unrelated
227781,unrelated
138197,unrelated
160296,agreed
795,agreed
173955,agreed
145264,unrelated
177324,unrelated
283938,unrelated
111989,unrelated
60521,agreed
197631,unrelated
39974,agreed
277097,unrelated
229803,unrelated
224702,unrelated
72519,unrelated
221943,agreed
146409,agreed
85406,agreed
296197,unrelated
52567,unrelated
232541,unrelated
297870,unrelated
204273,unrelated
162805,agreed
187097,unrelated
314377,unrelated
215378,agreed
204376,agreed
135436,unrelated
144460,disagreed
264383,unrelated
197197,unrelated
221652,agreed
251650,agreed
124816,unrelated
285043,agreed
90777,agreed
201105,unrelated
248623,unrelated
116546,agreed
113197,unrelated
133675,agreed
157797,agreed
25152,unrelated
276737,unrelated
179143,unrelated
98016,agreed
37643,unrelated
220694,agreed
64036,unrelated
11063,unrelated
210809,unrelated
83325,unrelated
80810,unrelated
300431,unrelated
296760,unrelated
260783,unrelated
294280,agreed
276459,agreed
17001,unrelated
149295,unrelated
147127,agreed
96565,disagreed
318223,agreed
2662,unrelated
184934,unrelated
268589,unrelated
173484,agreed
42479,agreed
53372,unrelated
173677,unrelated
108650,unrelated
67438,disagreed
214603,unrelated
313572,agreed
93805,unrelated
60686,unrelated
260738,agreed
197861,unrelated
158863,unrelated
217998,agreed
28818,agreed
321074,unrelated
146361,agreed
86,agreed
272143,agreed
158189,unrelated
252700,agreed
269922,unrelated
85485,unrelated
27539,unrelated
220936,agreed
290612,agreed
135491,agreed
318270,unrelated
291608,unrelated
218888,unrelated
227836,agreed
299533,unrelated
44809,agreed
126943,unrelated
218142,unrelated
83527,unrelated
106382,unrelated
283770,unrelated
38050,unrelated
208281,unrelated
158128,unrelated
136807,unrelated
171389,unrelated
190033,unrelated
308864,agreed
148165,unrelated
259744,agreed
261000,agreed
217472,unrelated
245432,agreed
134351,unrelated
119272,unrelated
174756,unrelated
18026,unrelated
128937,agreed
189071,agreed
241680,unrelated
174280,unrelated
99195,unrelated
266893,agreed
207990,agreed
213609,unrelated
199523,unrelated
291497,unrelated
30074,unrelated
28246,unrelated
194122,agreed
257362,unrelated
78701,unrelated
245287,unrelated
135249,unrelated
145230,unrelated
320044,agreed
289214,unrelated
119522,unrelated
300109,unrelated
26907,unrelated
171451,unrelated
275487,unrelated
181633,unrelated
193219,unrelated
309147,unrelated
136964,unrelated
201028,unrelated
94344,unrelated
76141,unrelated
109952,unrelated
177567,agreed
109418,unrelated
120464,unrelated
261277,agreed
139156,unrelated
269221,unrelated
82976,agreed
288550,unrelated
157226,unrelated
151507,unrelated
33689,unrelated
121047,agreed
256212,agreed
134143,unrelated
94529,unrelated
248393,unrelated
52249,unrelated
318342,unrelated
41812,unrelated
87849,unrelated
188368,disagreed
301042,unrelated
277117,agreed
84277,unrelated
291825,unrelated
311596,agreed
264320,unrelated
41098,unrelated
39580,unrelated
127726,unrelated
259466,agreed
206284,agreed
197837,unrelated
167415,unrelated
78120,unrelated
271944,unrelated
315845,unrelated
270435,unrelated
309671,unrelated
76993,unrelated
50775,agreed
193926,agreed
145858,agreed
17767,unrelated
28941,unrelated
167430,unrelated
280353,agreed
59301,unrelated
118620,unrelated
116666,agreed
319529,unrelated
45132,unrelated
179698,agreed
179130,unrelated
218713,unrelated
82214,unrelated
368,agreed
172899,unrelated
32796,agreed
274817,unrelated
16851,unrelated
38431,unrelated
201286,unrelated
84,unrelated
203032,agreed
279158,agreed
83697,unrelated
193844,agreed
247265,agreed
304803,agreed
232664,unrelated
47903,agreed
160433,unrelated
59812,unrelated
21364,unrelated
147063,agreed
254059,unrelated
213101,unrelated
52790,unrelated
249247,unrelated
69257,agreed
239038,unrelated
8203,unrelated
121044,agreed
203186,agreed
229295,unrelated
111512,unrelated
242910,unrelated
170214,unrelated
227329,agreed
157607,unrelated
185570,unrelated
18767,unrelated
306569,agreed
152219,unrelated
68332,unrelated
16929,agreed
310058,unrelated
156444,unrelated
82867,unrelated
7367,unrelated
37231,agreed
195976,agreed
97627,unrelated
272328,unrelated
63943,agreed
288998,unrelated
252545,unrelated
202458,unrelated
308339,unrelated
60085,unrelated
211198,unrelated
47251,unrelated
26873,unrelated
171109,agreed
204719,agreed
247295,unrelated
37460,unrelated
29521,disagreed
170548,unrelated
141854,agreed
165291,unrelated
136275,unrelated
51401,unrelated
68231,unrelated
87808,unrelated
166155,unrelated
79361,unrelated
166783,unrelated
311293,unrelated
104280,agreed
105783,unrelated
210527,unrelated
72801,unrelated
264761,unrelated
137518,unrelated
162417,unrelated
213764,unrelated
142942,unrelated
171061,unrelated
97936,agreed
243300,unrelated
21009,unrelated
178375,unrelated
310769,agreed
296622,unrelated
49455,unrelated
223362,disagreed
289610,unrelated
229312,unrelated
72101,unrelated
308048,agreed
132399,agreed
217093,agreed
152202,unrelated
109477,unrelated
243198,agreed
70830,unrelated
156882,agreed
181790,unrelated
74857,unrelated
53432,agreed
67391,unrelated
64867,unrelated
26691,unrelated
23492,unrelated
61761,unrelated
158065,unrelated
55246,unrelated
72242,unrelated
174503,unrelated
285332,unrelated
181734,agreed
313753,unrelated
131605,unrelated
200308,agreed
213421,unrelated
22739,unrelated
188979,unrelated
89476,unrelated
71852,unrelated
77342,unrelated
318001,unrelated
184685,unrelated
228873,unrelated
302480,unrelated
291895,unrelated
97313,agreed
234058,agreed
241517,unrelated
249111,unrelated
320078,unrelated
186584,unrelated
124792,unrelated
278280,unrelated
261902,unrelated
64744,agreed
223968,unrelated
213851,unrelated
211231,agreed
100838,unrelated
222568,agreed
69545,unrelated
248402,unrelated
243628,unrelated
254334,agreed
162129,agreed
19835,agreed
28191,unrelated
72653,agreed
42844,unrelated
181867,unrelated
189250,unrelated
279173,agreed
245116,unrelated
265230,unrelated
180170,unrelated
42915,agreed
273383,unrelated
198505,agreed
218564,agreed
52354,unrelated
88947,unrelated
137647,agreed
75828,unrelated
22948,unrelated
64645,agreed
236275,unrelated
266663,unrelated
295045,unrelated
319956,unrelated
300225,agreed
318408,agreed
271705,unrelated
219547,unrelated
79428,agreed
113669,unrelated
293497,unrelated
173185,unrelated
94405,unrelated
125889,unrelated
1764,unrelated
176123,agreed
44930,agreed
154318,unrelated
280051,unrelated
9267,unrelated
199521,agreed
57649,agreed
144364,agreed
215732,unrelated
252609,agreed
274445,unrelated
43370,unrelated
224538,unrelated
27442,unrelated
147131,unrelated
164092,unrelated
246668,unrelated
309221,agreed
54571,unrelated
103590,agreed
110614,unrelated
37937,unrelated
31374,unrelated
248087,unrelated
280208,unrelated
90722,unrelated
306936,unrelated
218743,unrelated
164326,agreed
72725,unrelated
161827,agreed
127972,unrelated
97035,unrelated
269717,agreed
224660,agreed
47582,unrelated
46170,unrelated
25016,unrelated
1113,unrelated
14008,agreed
117488,unrelated
228270,unrelated
177351,agreed
10034,unrelated
122323,unrelated
107777,unrelated
42251,agreed
61663,agreed
234174,unrelated
253652,unrelated
304434,agreed
184112,unrelated
253694,agreed
148187,agreed
168962,unrelated
121500,unrelated
271096,unrelated
15046,agreed
22536,unrelated
291426,unrelated
273461,unrelated
84923,unrelated
11388,agreed
167144,unrelated
85965,unrelated
11773,agreed
104126,unrelated
142510,unrelated
138869,unrelated
197169,unrelated
181831,unrelated
56991,unrelated
72305,agreed
243763,agreed
29351,agreed
233809,unrelated
8994,agreed
207136,unrelated
197048,unrelated
137614,unrelated
239819,unrelated
50424,unrelated
110808,unrelated
7956,agreed
172214,unrelated
239007,unrelated
204707,unrelated
189602,unrelated
85738,unrelated
217642,unrelated
87245,agreed
206141,agreed
273024,unrelated
22643,unrelated
196139,agreed
118422,unrelated
244244,agreed
163768,unrelated
62723,agreed
52824,unrelated
44716,unrelated
17257,unrelated
133075,agreed
155546,unrelated
222618,unrelated
69130,unrelated
239969,unrelated
275575,agreed
83897,unrelated
298852,unrelated
93032,unrelated
249025,unrelated
200786,unrelated
184375,unrelated
189286,unrelated
112624,unrelated
21148,unrelated
25829,agreed
268910,unrelated
151524,unrelated
274360,unrelated
35385,unrelated
119515,unrelated
167605,unrelated
256700,unrelated
35398,unrelated
282834,unrelated
15532,agreed
31797,unrelated
124531,unrelated
85025,unrelated
158372,unrelated
152952,unrelated
108801,unrelated
82224,unrelated
220750,agreed
240309,unrelated
119971,unrelated
302408,unrelated
160698,unrelated
60129,agreed
92131,agreed
288883,unrelated
132508,unrelated
284683,agreed
103767,agreed
107254,unrelated
58302,unrelated
236410,agreed
250628,unrelated
77482,unrelated
6734,unrelated
262583,unrelated
206344,disagreed
90969,unrelated
280996,agreed
32967,disagreed
136531,agreed
48026,agreed
173807,agreed
116407,unrelated
164706,agreed
187148,unrelated
291075,unrelated
217633,unrelated
3374,unrelated
295967,unrelated
245420,agreed
27931,agreed
232398,agreed
287116,unrelated
7629,unrelated
100312,unrelated
80350,agreed
36579,agreed
45040,unrelated
238175,unrelated
210343,agreed
250629,unrelated
11943,agreed
120527,unrelated
28010,unrelated
39024,agreed
167100,unrelated
163981,unrelated
316465,unrelated
179545,unrelated
56193,unrelated
312052,unrelated
295872,unrelated
252001,unrelated
109118,agreed
194905,agreed
186655,unrelated
242158,unrelated
166784,unrelated
132312,unrelated
301080,agreed
84317,unrelated
51632,unrelated
135196,unrelated
7771,agreed
87815,unrelated
231939,unrelated
304479,unrelated
58171,unrelated
53300,unrelated
246857,agreed
84286,unrelated
211470,unrelated
99655,disagreed
113254,unrelated
218230,unrelated
146873,unrelated
128792,agreed
144574,unrelated
219028,unrelated
191563,unrelated
261928,agreed
50521,unrelated
282828,unrelated
115822,unrelated
116341,unrelated
202198,unrelated
265384,unrelated
184388,unrelated
132311,unrelated
263168,agreed
20294,unrelated
182320,unrelated
273857,unrelated
93301,unrelated
286338,unrelated
81795,agreed
79044,unrelated
194960,unrelated
248064,unrelated
110221,unrelated
171261,unrelated
9200,agreed
41957,unrelated
130356,unrelated
262930,unrelated
226579,agreed
296515,unrelated
16843,unrelated
142753,unrelated
151668,unrelated
317289,unrelated
24407,unrelated
274669,agreed
303137,unrelated
263361,unrelated
240847,unrelated
240798,unrelated
25076,unrelated
18634,agreed
319427,unrelated
296401,unrelated
131479,agreed
231031,unrelated
119667,unrelated
217501,agreed
105003,unrelated
15426,agreed
58108,unrelated
46953,unrelated
212473,unrelated
116901,unrelated
85244,unrelated
140924,unrelated
138072,agreed
163605,unrelated
60874,agreed
211878,unrelated
127431,agreed
309441,agreed
154939,unrelated
284613,agreed
227506,unrelated
23301,unrelated
287780,unrelated
272209,unrelated
318308,unrelated
230489,unrelated
294951,unrelated
295935,unrelated
258847,unrelated
108140,unrelated
100580,agreed
249170,unrelated
252495,unrelated
93278,unrelated
199893,agreed
258763,unrelated
170039,unrelated
205601,unrelated
57312,unrelated
238280,unrelated
42821,unrelated
124220,unrelated
279318,agreed
46842,unrelated
46810,unrelated
112175,agreed
32857,unrelated
39275,unrelated
208314,unrelated
86009,unrelated
15189,unrelated
22238,unrelated
154685,unrelated
260367,agreed
310273,agreed
205362,agreed
109175,agreed
289365,unrelated
153742,agreed
10117,unrelated
205622,agreed
146897,unrelated
20543,unrelated
270281,unrelated
253071,unrelated
240442,unrelated
271169,unrelated
86484,agreed
156061,unrelated
298735,unrelated
9973,agreed
273044,unrelated
210899,unrelated
184104,unrelated
112933,agreed
282548,unrelated
82874,unrelated
115723,unrelated
196244,unrelated
317599,agreed
187949,unrelated
182456,agreed
59936,agreed
224363,unrelated
106560,unrelated
92463,unrelated
94745,unrelated
287523,unrelated
227770,unrelated
214937,unrelated
267089,unrelated
289602,unrelated
121330,unrelated
280238,agreed
75524,unrelated
100587,agreed
26575,unrelated
25860,agreed
188092,unrelated
84681,agreed
112720,unrelated
154943,unrelated
212697,unrelated
82180,unrelated
19290,unrelated
181407,unrelated
235323,unrelated
127766,unrelated
113676,unrelated
28376,unrelated
261996,agreed
257756,unrelated
128379,unrelated
102533,agreed
65905,unrelated
234175,unrelated
275130,agreed
237974,agreed
142257,unrelated
78510,unrelated
238395,unrelated
13932,unrelated
167465,unrelated
150806,agreed
312668,unrelated
289084,agreed
181886,agreed
5896,agreed
205150,agreed
200363,agreed
175629,unrelated
38080,unrelated
187878,unrelated
261595,unrelated
103254,unrelated
171654,unrelated
146695,unrelated
155446,agreed
310987,unrelated
231070,agreed
122726,agreed
75338,unrelated
150969,unrelated
83674,unrelated
172782,unrelated
17803,agreed
97663,agreed
220934,agreed
248828,unrelated
115890,unrelated
295214,unrelated
119655,unrelated
255484,agreed
188012,unrelated
259210,unrelated
253063,unrelated
283272,unrelated
145678,unrelated
143324,unrelated
144329,agreed
261836,unrelated
283519,agreed
271048,unrelated
315405,agreed
166421,agreed
206665,unrelated
212565,agreed
291194,agreed
75146,unrelated
111354,agreed
286005,agreed
306303,unrelated
153255,unrelated
229491,agreed
39632,agreed
11560,unrelated
276548,agreed
60666,unrelated
304243,unrelated
320928,unrelated
185735,agreed
91222,unrelated
264238,unrelated
266866,agreed
279450,unrelated
235199,unrelated
98550,unrelated
318851,unrelated
188777,agreed
246930,unrelated
144058,unrelated
33049,unrelated
158856,unrelated
162413,unrelated
141674,unrelated
130998,unrelated
213805,unrelated
226938,unrelated
228499,unrelated
219611,unrelated
282888,agreed
93275,agreed
6991,agreed
215424,unrelated
140643,agreed
137875,unrelated
174357,unrelated
214736,unrelated
58616,unrelated
307508,agreed
7627,unrelated
173805,agreed
165956,agreed
151462,unrelated
232127,unrelated
198749,unrelated
311079,agreed
165464,unrelated
132180,unrelated
261137,unrelated
217185,unrelated
302578,unrelated
127329,unrelated
191811,agreed
108807,unrelated
31856,unrelated
11250,agreed
257983,unrelated
232120,agreed
178250,unrelated
242570,unrelated
164489,unrelated
125321,unrelated
116559,agreed
284118,unrelated
213206,unrelated
217808,agreed
22345,unrelated
134546,unrelated
14778,unrelated
111444,unrelated
117325,unrelated
264946,unrelated
12476,unrelated
319629,agreed
221610,unrelated
302769,unrelated
279052,agreed
281559,agreed
41274,unrelated
281287,agreed
271179,unrelated
118792,unrelated
223733,agreed
290363,unrelated
83032,unrelated
197688,agreed
102923,unrelated
64016,unrelated
103111,unrelated
178647,unrelated
236921,unrelated
177755,unrelated
163968,unrelated
244214,agreed
200619,agreed
17798,agreed
239093,unrelated
59121,disagreed
296656,unrelated
43578,agreed
66155,unrelated
177832,unrelated
319589,unrelated
189287,unrelated
92747,unrelated
234812,unrelated
259209,unrelated
207546,unrelated
193392,agreed
125290,unrelated
297963,unrelated
252695,unrelated
153261,unrelated
71995,unrelated
306121,unrelated
250878,agreed
243938,unrelated
301584,unrelated
87718,unrelated
124023,unrelated
117800,unrelated
42378,unrelated
16634,unrelated
190903,unrelated
285155,unrelated
171072,unrelated
308986,agreed
177134,agreed
166818,unrelated
148666,agreed
315654,agreed
205290,unrelated
52848,agreed
113250,unrelated
70136,unrelated
4435,agreed
155130,unrelated
49270,agreed
190746,unrelated
118655,unrelated
224276,agreed
68962,unrelated
84934,unrelated
278104,unrelated
202428,unrelated
150819,agreed
86689,unrelated
105994,unrelated
235589,agreed
208814,agreed
19749,unrelated
136953,agreed
38484,unrelated
114990,unrelated
3856,agreed
174038,unrelated
211188,disagreed
266692,unrelated
239135,unrelated
86534,agreed
206961,agreed
132673,unrelated
244938,unrelated
47974,unrelated
319265,unrelated
108675,unrelated
18158,agreed
106723,unrelated
3181,unrelated
51913,unrelated
260682,unrelated
291931,unrelated
201350,unrelated
191815,agreed
1341,unrelated
285534,unrelated
307633,unrelated
61183,unrelated
279759,unrelated
12892,agreed
105636,agreed
131026,unrelated
18688,unrelated
111545,unrelated
191728,agreed
112481,agreed
31904,unrelated
253548,unrelated
287823,unrelated
468,agreed
202653,agreed
192749,unrelated
123438,unrelated
129489,unrelated
180524,unrelated
151889,unrelated
113047,agreed
285097,agreed
7074,unrelated
52892,unrelated
141344,unrelated
163687,agreed
171446,unrelated
157149,unrelated
78390,unrelated
240620,unrelated
280537,unrelated
173001,unrelated
38378,unrelated
236096,unrelated
79259,unrelated
237508,unrelated
107562,unrelated
47897,unrelated
67996,unrelated
196950,unrelated
182797,unrelated
288377,unrelated
161830,agreed
23978,unrelated
40408,unrelated
31994,unrelated
107699,unrelated
14242,unrelated
103610,agreed
252225,agreed
234658,unrelated
81912,unrelated
44381,unrelated
230127,agreed
226767,agreed
225984,unrelated
34458,agreed
196439,unrelated
318310,unrelated
191554,unrelated
80103,unrelated
253708,agreed
41357,unrelated
203415,unrelated
49928,agreed
170255,unrelated
34017,unrelated
229559,unrelated
254727,agreed
205042,agreed
273775,unrelated
244443,unrelated
81812,unrelated
22299,agreed
203396,unrelated
61745,agreed
32207,unrelated
238862,agreed
273654,unrelated
9187,unrelated
279708,agreed
231013,unrelated
37116,unrelated
150118,unrelated
292715,unrelated
257205,unrelated
9899,disagreed
276526,unrelated
208075,agreed
244985,unrelated
263946,agreed
236175,unrelated
170298,unrelated
56819,unrelated
53340,unrelated
182648,unrelated
233248,unrelated
52411,unrelated
93957,unrelated
241170,unrelated
25101,unrelated
293876,unrelated
213815,unrelated
180909,unrelated
88795,unrelated
56869,unrelated
2017,unrelated
16616,agreed
289314,unrelated
313354,unrelated
174095,unrelated
275065,agreed
287569,unrelated
206967,unrelated
199411,unrelated
168178,unrelated
121865,agreed
105185,unrelated
130763,agreed
182275,unrelated
178390,unrelated
250685,unrelated
35970,unrelated
183747,agreed
24797,unrelated
6825,unrelated
185560,agreed
84989,unrelated
80432,unrelated
262666,agreed
4597,unrelated
224845,unrelated
153724,agreed
182833,unrelated
16753,unrelated
240610,unrelated
263024,unrelated
154690,unrelated
315699,disagreed
15044,agreed
91359,unrelated
250318,unrelated
56478,unrelated
33841,agreed
114810,unrelated
86003,unrelated
267294,unrelated
194600,unrelated
168123,unrelated
24298,unrelated
299314,unrelated
146940,unrelated
150500,unrelated
295105,unrelated
28894,unrelated
181979,unrelated
196869,unrelated
57998,unrelated
123131,unrelated
236048,unrelated
78279,agreed
31132,agreed
250771,unrelated
12522,agreed
70193,agreed
158174,unrelated
53964,unrelated
120902,unrelated
145720,agreed
39561,agreed
82392,unrelated
162935,agreed
127663,agreed
109430,unrelated
299948,unrelated
248208,disagreed
235849,unrelated
51866,unrelated
193345,unrelated
115819,unrelated
46211,agreed
52891,unrelated
128228,agreed
181902,unrelated
240094,unrelated
285923,agreed
149853,unrelated
219399,unrelated
45700,unrelated
84957,agreed
145383,unrelated
4901,unrelated
14547,unrelated
222893,agreed
211651,unrelated
180041,agreed
27151,agreed
159992,unrelated
18156,agreed
47488,agreed
310202,agreed
49782,agreed
242177,unrelated
269330,unrelated
7965,agreed
119533,unrelated
296599,unrelated
91400,agreed
246399,unrelated
222121,unrelated
257172,unrelated
27726,agreed
250847,unrelated
257116,unrelated
63903,unrelated
74544,unrelated
80648,unrelated
9297,unrelated
70511,unrelated
65670,unrelated
34775,agreed
297352,unrelated
216757,unrelated
116361,unrelated
230015,unrelated
94254,agreed
66593,unrelated
181498,agreed
194323,agreed
298039,unrelated
34941,unrelated
260782,unrelated
10380,unrelated
176649,agreed
293542,unrelated
4495,unrelated
169800,unrelated
226616,unrelated
72326,agreed
107709,unrelated
65208,agreed
137692,agreed
132587,unrelated
307476,unrelated
202174,unrelated
271798,unrelated
120482,unrelated
49122,agreed
258161,unrelated
88370,unrelated
212759,unrelated
8358,unrelated
23612,unrelated
55793,unrelated
304552,agreed
141181,unrelated
47848,unrelated
138977,unrelated
313731,unrelated
8898,unrelated
97817,unrelated
77660,unrelated
268278,unrelated
221270,unrelated
294755,unrelated
188919,unrelated
276988,unrelated
122976,unrelated
134938,unrelated
31538,agreed
93365,unrelated
156086,agreed
132197,agreed
115902,unrelated
292775,unrelated
177717,agreed
216642,unrelated
49771,unrelated
101506,unrelated
54427,unrelated
146429,unrelated
191464,unrelated
32815,unrelated
183919,agreed
78163,agreed
219746,unrelated
38818,unrelated
1581,agreed
261445,unrelated
201407,unrelated
131539,unrelated
186565,disagreed
313590,agreed
7252,unrelated
179861,agreed
131963,unrelated
282021,agreed
122364,unrelated
207052,agreed
81898,agreed
282749,agreed
87297,agreed
35874,agreed
254448,unrelated
156477,unrelated
31014,agreed
31656,agreed
57873,agreed
265638,agreed
64178,unrelated
166620,unrelated
43441,unrelated
160195,unrelated
299832,agreed
181265,agreed
303476,unrelated
34192,unrelated
320349,agreed
315484,agreed
136147,unrelated
288423,unrelated
264227,unrelated
257035,agreed
208057,unrelated
207715,unrelated
72265,unrelated
307315,agreed
301626,unrelated
110700,unrelated
315769,unrelated
28422,unrelated
8248,unrelated
247095,unrelated
166258,agreed
189477,unrelated
807,unrelated
249544,unrelated
117366,unrelated
16815,unrelated
55866,unrelated
160225,unrelated
266988,unrelated
98365,agreed
321056,unrelated
27142,agreed
92596,unrelated
98941,unrelated
59819,unrelated
95568,unrelated
77981,unrelated
217526,agreed
210522,unrelated
308440,agreed
187513,unrelated
155681,unrelated
41520,unrelated
138568,unrelated
178280,agreed
96392,agreed
122337,unrelated
4830,unrelated
102638,agreed
13155,disagreed
102945,unrelated
292126,unrelated
215106,unrelated
95143,unrelated
189600,unrelated
296445,unrelated
39882,agreed
292582,unrelated
267831,agreed
276593,agreed
106968,unrelated
103606,unrelated
112874,unrelated
211926,unrelated
49637,agreed
6267,agreed
272427,unrelated
56454,unrelated
285025,agreed
73942,unrelated
311151,unrelated
145472,unrelated
106197,unrelated
70790,unrelated
285952,agreed
181580,agreed
249819,unrelated
295225,unrelated
160501,agreed
163662,unrelated
194234,unrelated
273363,unrelated
38333,unrelated
3410,unrelated
176618,unrelated
237526,unrelated
178399,agreed
116264,agreed
300710,unrelated
199650,unrelated
141276,unrelated
286423,unrelated
137455,unrelated
5309,unrelated
69837,unrelated
166767,agreed
43659,unrelated
41061,agreed
148224,unrelated
62516,unrelated
99958,unrelated
139359,unrelated
78592,unrelated
76081,unrelated
180777,unrelated
82423,unrelated
241978,unrelated
181420,unrelated
168403,unrelated
15956,unrelated
173772,unrelated
104500,unrelated
263262,unrelated
280232,unrelated
184636,unrelated
187981,unrelated
155397,unrelated
296458,unrelated
190109,unrelated
71072,unrelated
67688,unrelated
122358,unrelated
113861,agreed
115469,disagreed
70933,unrelated
67160,agreed
252943,agreed
22448,unrelated
59471,unrelated
178506,unrelated
134479,unrelated
268332,agreed
111707,unrelated
267552,agreed
264598,unrelated
103006,unrelated
27911,unrelated
110616,unrelated
306230,unrelated
227143,unrelated
183457,unrelated
167094,unrelated
213029,unrelated
274726,unrelated
153048,unrelated
228930,agreed
206848,disagreed
740,unrelated
90877,unrelated
278862,unrelated
286066,agreed
17253,agreed
12525,unrelated
92407,agreed
320173,agreed
86006,unrelated
170142,unrelated
80548,unrelated
5385,unrelated
1458,unrelated
273402,unrelated
273229,unrelated
120423,unrelated
115131,agreed
118251,unrelated
117672,unrelated
311486,agreed
167791,unrelated
111250,unrelated
316159,agreed
248077,unrelated
33426,unrelated
11118,agreed
269599,unrelated
197428,unrelated
245063,agreed
50981,unrelated
199752,unrelated
302983,unrelated
76005,unrelated
51633,agreed
208654,unrelated
314397,unrelated
42883,agreed
132680,agreed
113899,agreed
68043,unrelated
264220,agreed
39715,unrelated
185845,unrelated
183354,agreed
174654,agreed
214211,agreed
179678,unrelated
161868,unrelated
56836,unrelated
286368,unrelated
172246,unrelated
42340,unrelated
143353,unrelated
158625,unrelated
81173,unrelated
82814,agreed
118025,unrelated
44195,unrelated
133906,agreed
255401,unrelated
25319,unrelated
205301,unrelated
222438,unrelated
280371,agreed
304173,unrelated
279847,unrelated
70763,unrelated
243265,agreed
155458,agreed
34301,unrelated
293106,unrelated
279388,unrelated
34563,unrelated
180912,unrelated
14780,unrelated
29165,unrelated
122731,unrelated
11695,agreed
234406,unrelated
47133,unrelated
230867,unrelated
280673,agreed
187894,unrelated
212526,unrelated
43064,unrelated
168644,agreed
262934,unrelated
12161,agreed
251396,unrelated
187907,unrelated
266591,unrelated
82962,unrelated
264732,unrelated
244318,unrelated
113621,unrelated
6316,unrelated
53719,unrelated
78144,unrelated
227486,agreed
45067,unrelated
16526,agreed
229356,unrelated
309563,unrelated
85678,unrelated
21911,agreed
236843,unrelated
307477,unrelated
222215,unrelated
191852,unrelated
312354,unrelated
317082,agreed
272338,unrelated
69120,unrelated
280886,agreed
241386,unrelated
224481,agreed
315042,unrelated
238191,unrelated
106374,unrelated
106501,unrelated
135624,agreed
188952,agreed
4790,unrelated
59739,unrelated
40302,agreed
226091,agreed
195527,agreed
269308,unrelated
44131,agreed
43428,unrelated
170775,unrelated
111788,unrelated
254626,agreed
8574,unrelated
152863,unrelated
43026,unrelated
70568,unrelated
145872,agreed
244108,disagreed
183554,agreed
315880,unrelated
156508,unrelated
104090,unrelated
245630,agreed
96937,unrelated
93898,unrelated
134562,unrelated
166311,unrelated
207250,unrelated
64629,unrelated
151990,unrelated
167303,agreed
301057,unrelated
256165,unrelated
23807,unrelated
282434,unrelated
130994,unrelated
84336,unrelated
295430,unrelated
229860,unrelated
77608,unrelated
310175,unrelated
230978,unrelated
241574,unrelated
5393,unrelated
96191,agreed
206174,agreed
244299,unrelated
99502,unrelated
90965,unrelated
188392,disagreed
83542,unrelated
12548,unrelated
297934,unrelated
130566,unrelated
108337,unrelated
79100,unrelated
220784,agreed
120286,agreed
72790,agreed
314445,unrelated
41440,unrelated
4494,unrelated
115856,agreed
288336,unrelated
39471,agreed
24570,unrelated
53607,agreed
22049,agreed
14094,unrelated
108512,unrelated
203549,agreed
319820,agreed
155369,unrelated
199101,unrelated
184999,unrelated
6054,unrelated
1018,agreed
218573,agreed
187302,agreed
95204,unrelated
283906,unrelated
252005,unrelated
233732,unrelated
301954,agreed
315770,unrelated
139387,unrelated
193622,agreed
160950,unrelated
27524,unrelated
144171,unrelated
164717,agreed
262227,disagreed
168014,unrelated
246379,unrelated
51315,unrelated
232575,unrelated
35537,agreed
46827,unrelated
175013,agreed
172337,unrelated
307387,agreed
183726,unrelated
278903,unrelated
14243,unrelated
106985,unrelated
251527,agreed
160890,unrelated
313330,unrelated
5998,agreed
281757,unrelated
292168,agreed
232758,unrelated
259187,unrelated
168638,unrelated
4141,unrelated
53631,unrelated
229486,agreed
69271,unrelated
48258,unrelated
289163,agreed
30984,unrelated
15265,unrelated
194222,unrelated
203473,unrelated
33821,unrelated
182517,agreed
273413,unrelated
61975,unrelated
126156,agreed
298703,unrelated
147604,unrelated
191853,unrelated
215758,unrelated
177727,unrelated
70961,unrelated
37049,unrelated
6600,unrelated
245634,agreed
256990,unrelated
100758,unrelated
65584,unrelated
168400,unrelated
162121,unrelated
301639,unrelated
251731,agreed
258187,unrelated
240494,agreed
214056,unrelated
53641,unrelated
87741,unrelated
50113,unrelated
232767,agreed
137038,unrelated
200207,unrelated
15618,agreed
46192,unrelated
88952,unrelated
186144,unrelated
288644,agreed
161722,unrelated
58179,unrelated
229874,agreed
320207,unrelated
45021,unrelated
124984,unrelated
280434,agreed
256151,unrelated
5705,unrelated
289775,unrelated
196456,unrelated
65580,unrelated
121161,unrelated
147803,unrelated
266961,agreed
272827,unrelated
241822,agreed
112055,unrelated
223872,unrelated
236786,unrelated
263162,agreed
55546,unrelated
253546,unrelated
307280,disagreed
243641,unrelated
212450,unrelated
93565,unrelated
150300,unrelated
203167,agreed
269262,unrelated
13136,unrelated
193076,unrelated
24494,agreed
228980,unrelated
82578,unrelated
57608,unrelated
272766,unrelated
208838,unrelated
123185,unrelated
288477,unrelated
36082,unrelated
298013,unrelated
294541,unrelated
129469,unrelated
52202,agreed
61555,unrelated
275461,unrelated
79214,agreed
8076,agreed
115482,agreed
101206,unrelated
240713,unrelated
131807,agreed
165694,agreed
30927,unrelated
224916,unrelated
88071,agreed
33958,agreed
312429,agreed
121647,unrelated
126459,unrelated
100652,agreed
72007,unrelated
91593,unrelated
132813,agreed
39263,unrelated
168670,unrelated
242428,agreed
151483,unrelated
121035,unrelated
148684,unrelated
138805,agreed
298176,unrelated
105785,unrelated
74411,unrelated
153395,unrelated
1260,unrelated
93903,agreed
63518,unrelated
11995,unrelated
143656,agreed
313097,unrelated
205866,unrelated
78830,unrelated
48498,unrelated
298388,unrelated
61272,agreed
37711,unrelated
164676,unrelated
65462,unrelated
124709,unrelated
149702,unrelated
226184,agreed
143151,unrelated
293435,unrelated
95958,agreed
69579,agreed
203660,unrelated
216976,agreed
276851,unrelated
15003,agreed
245441,agreed
119301,unrelated
122591,unrelated
176184,unrelated
127527,unrelated
36605,agreed
81258,unrelated
247557,unrelated
61223,unrelated
114502,agreed
314986,unrelated
249161,unrelated
106142,unrelated
70985,unrelated
228453,unrelated
296914,unrelated
33549,agreed
221916,agreed
195731,agreed
116670,unrelated
206044,agreed
201304,unrelated
126621,unrelated
93757,unrelated
307536,agreed
242363,unrelated
152958,unrelated
309104,unrelated
180759,unrelated
285843,unrelated
254867,agreed
311136,unrelated
253445,unrelated
263414,unrelated
22490,unrelated
83157,agreed
211989,unrelated
11531,unrelated
123645,unrelated
57677,unrelated
243511,agreed
150371,agreed
146337,unrelated
298656,unrelated
179672,unrelated
304189,agreed
242905,unrelated
120064,agreed
27312,disagreed
238055,unrelated
52311,unrelated
200490,unrelated
178744,unrelated
271967,agreed
104948,unrelated
230341,agreed
305997,unrelated
212854,agreed
272107,unrelated
300549,unrelated
157212,agreed
289313,unrelated
288904,agreed
150858,agreed
149841,unrelated
303691,unrelated
80512,unrelated
47654,agreed
3458,unrelated
172563,unrelated
232330,unrelated
196687,agreed
206048,agreed
118146,unrelated
98527,agreed
11240,agreed
5556,unrelated
306323,agreed
135910,unrelated
213814,unrelated
258983,agreed
185499,unrelated
251024,agreed
24722,agreed
32808,agreed
224009,unrelated
282841,unrelated
150518,unrelated
248464,unrelated
43452,agreed
111487,unrelated
104467,unrelated
206898,unrelated
227641,agreed
170768,unrelated
65160,agreed
292839,unrelated
52083,unrelated
11959,unrelated
296273,unrelated
75300,agreed
125444,unrelated
12153,unrelated
53865,unrelated
125139,unrelated
284112,unrelated
232423,unrelated
215362,unrelated
88360,unrelated
199561,unrelated
88767,unrelated
319078,agreed
29005,unrelated
36626,unrelated
83229,unrelated
151962,agreed
304688,unrelated
224448,agreed
55936,agreed
157047,disagreed
88970,unrelated
246129,unrelated
72492,unrelated
71238,unrelated
282281,unrelated
56584,agreed
80564,unrelated
149638,unrelated
256299,agreed
52675,agreed
295708,unrelated
21193,unrelated
309059,unrelated
288814,unrelated
235203,unrelated
14275,agreed
161001,unrelated
180699,unrelated
90475,unrelated
305351,unrelated
292807,agreed
279283,unrelated
255642,unrelated
307147,unrelated
150399,agreed
247171,unrelated
224372,unrelated
166691,agreed
61156,unrelated
44473,unrelated
221541,agreed
183058,unrelated
171322,unrelated
191760,unrelated
185032,unrelated
265835,agreed
89629,unrelated
116158,disagreed
44719,agreed
215085,unrelated
31003,agreed
155124,agreed
251706,unrelated
172489,agreed
154038,unrelated
29826,unrelated
32438,agreed
106373,unrelated
309862,unrelated
142406,unrelated
304541,unrelated
223243,disagreed
300310,unrelated
203675,unrelated
136229,unrelated
218799,agreed
160049,unrelated
219417,unrelated
155908,unrelated
25882,agreed
190840,unrelated
4213,unrelated
150844,agreed
281323,unrelated
105573,unrelated
310036,unrelated
154368,unrelated
93684,unrelated
292590,unrelated
195603,unrelated
76964,unrelated
211454,unrelated
33026,agreed
193012,agreed
220684,unrelated
90951,agreed
35532,agreed
312634,agreed
113495,unrelated
204188,unrelated
80235,unrelated
68549,agreed
316086,unrelated
28830,agreed
84650,agreed
245108,agreed
10683,unrelated
164499,unrelated
149372,unrelated
300094,agreed
34678,unrelated
250953,unrelated
255157,unrelated
169670,disagreed
228354,unrelated
71811,unrelated
292563,agreed
245523,agreed
232397,agreed
224155,unrelated
231600,unrelated
221081,unrelated
197107,unrelated
118100,unrelated
259830,agreed
135090,agreed
100325,agreed
228725,unrelated
163268,unrelated
179810,agreed
272175,agreed
191718,unrelated
8882,unrelated
93706,unrelated
200112,unrelated
282188,unrelated
112369,agreed
135296,agreed
2138,unrelated
23837,unrelated
22535,unrelated
116317,agreed
253601,unrelated
308461,unrelated
303444,unrelated
18277,agreed
242792,unrelated
6394,unrelated
300604,unrelated
161993,unrelated
84037,unrelated
140102,unrelated
17482,unrelated
66067,unrelated
43129,unrelated
156148,agreed
145135,unrelated
164922,unrelated
159040,unrelated
239757,unrelated
60652,unrelated
22862,unrelated
95388,unrelated
72176,unrelated
144876,agreed
210603,agreed
156952,agreed
257059,unrelated
284897,unrelated
167327,unrelated
79369,unrelated
219094,unrelated
257589,agreed
120959,unrelated
127852,unrelated
314824,unrelated
224667,unrelated
97330,unrelated
24134,unrelated
318085,unrelated
295152,unrelated
47429,unrelated
294870,unrelated
276093,unrelated
116066,unrelated
31736,unrelated
318479,unrelated
167997,unrelated
219675,unrelated
147945,agreed
100668,agreed
72195,unrelated
298516,unrelated
7888,unrelated
84419,unrelated
197190,unrelated
219449,unrelated
82096,unrelated
44543,agreed
215943,unrelated
275970,unrelated
214607,unrelated
44588,agreed
219491,unrelated
256071,unrelated
127887,unrelated
232594,unrelated
274172,agreed
203892,unrelated
171958,unrelated
72670,agreed
262215,disagreed
253776,unrelated
29757,unrelated
184264,unrelated
251700,agreed
88840,unrelated
112701,unrelated
55961,agreed
205698,unrelated
26589,agreed
138271,unrelated
196922,unrelated
139607,agreed
81442,unrelated
39759,unrelated
83628,agreed
19459,unrelated
251713,agreed
210385,unrelated
92979,agreed
205428,unrelated
278389,unrelated
103086,unrelated
7335,unrelated
98942,unrelated
281306,unrelated
240948,agreed
15438,agreed
251586,unrelated
151351,unrelated
296020,unrelated
112155,agreed
238001,agreed
193044,agreed
81977,unrelated
121448,disagreed
125579,unrelated
149928,unrelated
168889,unrelated
158002,agreed
62709,unrelated
216809,agreed
117092,unrelated
107269,unrelated
171008,unrelated
31059,unrelated
176467,unrelated
181524,unrelated
212514,unrelated
151366,unrelated
243068,unrelated
269000,agreed
299644,agreed
190674,unrelated
85132,unrelated
94543,unrelated
71101,unrelated
251008,agreed
55742,agreed
233602,unrelated
220465,unrelated
133738,unrelated
65869,unrelated
283326,unrelated
45952,unrelated
50663,unrelated
238447,unrelated
283530,unrelated
236913,agreed
120644,unrelated
122606,unrelated
18198,unrelated
177228,unrelated
95921,unrelated
270795,unrelated
122181,unrelated
317251,unrelated
280845,unrelated
250988,agreed
45618,agreed
318661,unrelated
123508,unrelated
205905,agreed
157903,unrelated
131413,unrelated
44225,unrelated
93473,unrelated
10731,unrelated
215393,unrelated
314922,unrelated
113493,agreed
142497,unrelated
318259,unrelated
81653,unrelated
44864,unrelated
289834,agreed
52098,unrelated
170600,unrelated
299788,unrelated
157884,unrelated
121644,unrelated
113247,unrelated
122617,disagreed
99101,unrelated
52629,unrelated
260970,unrelated
218074,unrelated
209075,disagreed
47542,unrelated
219164,unrelated
179956,unrelated
233291,unrelated
64386,unrelated
294490,unrelated
263075,agreed
299980,unrelated
63959,agreed
177192,agreed
166071,unrelated
100437,unrelated
317867,unrelated
59387,unrelated
237874,unrelated
107122,agreed
195491,agreed
93680,agreed
301041,unrelated
64557,agreed
87055,agreed
112474,agreed
304095,unrelated
25748,unrelated
109216,unrelated
49932,unrelated
8521,unrelated
258901,unrelated
181827,unrelated
1548,unrelated
56409,unrelated
241384,unrelated
143989,unrelated
54983,unrelated
254714,agreed
130221,unrelated
296979,unrelated
31303,unrelated
77869,unrelated
138555,unrelated
122934,agreed
127351,unrelated
57656,unrelated
305179,unrelated
272153,unrelated
117510,unrelated
142992,unrelated
242396,unrelated
111521,unrelated
221647,unrelated
277098,unrelated
84964,unrelated
313091,agreed
54741,unrelated
276151,unrelated
210709,unrelated
35394,unrelated
300414,agreed
181573,agreed
14821,unrelated
101116,unrelated
144075,unrelated
36695,unrelated
309770,agreed
171624,unrelated
76939,agreed
168514,agreed
291690,unrelated
29135,agreed
251583,agreed
241927,agreed
172669,unrelated
155861,agreed
98007,agreed
225534,unrelated
180712,unrelated
141175,unrelated
143936,unrelated
278093,unrelated
30241,unrelated
19638,agreed
146174,unrelated
140690,unrelated
96329,unrelated
242871,unrelated
236065,unrelated
188857,unrelated
292629,agreed
134723,unrelated
4784,agreed
18935,unrelated
22500,unrelated
115413,unrelated
23764,agreed
227235,unrelated
246133,unrelated
194897,agreed
85983,unrelated
294086,unrelated
289763,unrelated
185770,unrelated
174321,agreed
69082,unrelated
154257,unrelated
149604,unrelated
21306,unrelated
159944,unrelated
59559,agreed
287136,agreed
160017,unrelated
210470,unrelated
41025,unrelated
34723,unrelated
135577,agreed
77702,unrelated
20990,agreed
47078,unrelated
144935,unrelated
265707,unrelated
145008,unrelated
201241,unrelated
61923,unrelated
38893,unrelated
98175,unrelated
207705,agreed
228490,unrelated
234032,agreed
280711,unrelated
109166,agreed
82171,unrelated
278934,unrelated
177564,agreed
106546,agreed
307454,unrelated
294664,unrelated
313100,unrelated
264126,unrelated
25140,unrelated
251800,disagreed
207194,unrelated
282200,unrelated
60548,unrelated
305252,unrelated
158952,unrelated
268907,unrelated
271243,unrelated
285956,agreed
32540,agreed
271640,agreed
199652,unrelated
232973,agreed
135364,unrelated
182947,unrelated
187914,unrelated
86927,unrelated
120765,unrelated
56480,unrelated
26839,unrelated
205364,unrelated
236351,unrelated
280511,unrelated
9435,unrelated
239424,unrelated
74120,unrelated
254700,unrelated
146558,unrelated
102475,unrelated
59029,agreed
64033,unrelated
126361,agreed
244242,agreed
247732,unrelated
101383,unrelated
125398,unrelated
146669,agreed
116089,unrelated
308316,unrelated
61295,agreed
237045,unrelated
139793,unrelated
57496,unrelated
156788,disagreed
66531,unrelated
255256,unrelated
76623,unrelated
66656,unrelated
235352,unrelated
237281,unrelated
243849,unrelated
5726,agreed
100913,unrelated
238139,unrelated
78095,unrelated
186007,unrelated
186706,unrelated
222994,disagreed
118200,unrelated
160340,agreed
22673,unrelated
72273,unrelated
268020,agreed
251135,agreed
156174,unrelated
146142,unrelated
73873,unrelated
262928,unrelated
4451,unrelated
121107,unrelated
60149,unrelated
318926,unrelated
19671,unrelated
103119,unrelated
296536,agreed
75344,agreed
270466,unrelated
159144,agreed
292667,unrelated
13351,unrelated
249804,unrelated
2464,agreed
299666,unrelated
33913,unrelated
47164,unrelated
33680,unrelated
66777,unrelated
191675,unrelated
190332,unrelated
77407,unrelated
208004,agreed
123691,agreed
233336,agreed
123912,disagreed
111933,unrelated
87529,agreed
112690,unrelated
178480,unrelated
150797,agreed
147215,unrelated
79416,unrelated
309375,unrelated
184332,unrelated
34296,unrelated
313803,agreed
209180,agreed
29609,unrelated
2262,agreed
63208,unrelated
299408,unrelated
68974,unrelated
286304,unrelated
143751,unrelated
58713,unrelated
162621,unrelated
133803,unrelated
47926,unrelated
97672,agreed
75198,agreed
149546,agreed
75911,agreed
72810,unrelated
25900,unrelated
142995,unrelated
140385,agreed
61515,agreed
303572,agreed
37224,unrelated
144975,agreed
7932,unrelated
126468,unrelated
127623,agreed
159572,unrelated
44299,unrelated
51990,unrelated
279937,unrelated
175785,agreed
132548,unrelated
180510,unrelated
69251,unrelated
83844,agreed
16686,unrelated
303115,unrelated
262900,unrelated
240162,unrelated
230757,agreed
246221,agreed
110841,unrelated
167180,unrelated
281634,agreed
281283,unrelated
320189,agreed
48612,unrelated
232098,unrelated
276718,unrelated
113615,unrelated
292769,unrelated
146301,unrelated
158342,unrelated
19583,agreed
11599,unrelated
160158,unrelated
296321,unrelated
230241,unrelated
77283,unrelated
109963,unrelated
226301,unrelated
184555,agreed
155054,agreed
71398,unrelated
238449,unrelated
217067,agreed
108407,unrelated
133533,agreed
246197,unrelated
131219,unrelated
215024,unrelated
4686,unrelated
106020,unrelated
247362,unrelated
41320,unrelated
140507,unrelated
71789,unrelated
14800,unrelated
303973,unrelated
23267,unrelated
26141,unrelated
62840,unrelated
57041,unrelated
223908,agreed
28368,unrelated
228651,unrelated
61475,agreed
23784,unrelated
117720,unrelated
127863,unrelated
249523,unrelated
243015,unrelated
112614,unrelated
103634,unrelated
119092,unrelated
87896,unrelated
23568,unrelated
303074,unrelated
68686,unrelated
146474,agreed
146033,agreed
60287,unrelated
29373,unrelated
44263,agreed
38325,unrelated
199324,agreed
251832,unrelated
251591,agreed
209977,agreed
249637,unrelated
76848,unrelated
199774,unrelated
81033,unrelated
136177,unrelated
95402,unrelated
91075,unrelated
213046,disagreed
174866,agreed
272846,unrelated
25645,unrelated
78962,unrelated
11468,unrelated
238479,agreed
305069,unrelated
154892,unrelated
180022,unrelated
312229,unrelated
44417,agreed
253393,unrelated
182504,unrelated
57224,agreed
134780,agreed
104557,unrelated
48860,unrelated
180198,unrelated
167606,unrelated
69001,agreed
101230,agreed
173429,agreed
57489,unrelated
42779,agreed
107148,unrelated
300051,disagreed
28261,unrelated
14260,unrelated
185839,unrelated
188940,unrelated
114669,agreed
277208,unrelated
245344,agreed
175230,unrelated
150749,unrelated
106156,unrelated
56842,unrelated
303488,unrelated
195865,agreed
91354,unrelated
158452,unrelated
55025,unrelated
104954,unrelated
236160,unrelated
167469,agreed
5842,agreed
52140,unrelated
152254,unrelated
191215,unrelated
212341,agreed
89000,unrelated
190030,agreed
150153,unrelated
109475,unrelated
55380,unrelated
181412,disagreed
9052,unrelated
179727,unrelated
195631,unrelated
110414,agreed
219643,agreed
104728,unrelated
111581,unrelated
64729,unrelated
284943,unrelated
3294,unrelated
28770,unrelated
145059,unrelated
172545,agreed
177300,agreed
298291,unrelated
54219,unrelated
57865,agreed
294835,unrelated
34333,unrelated
232166,unrelated
212852,agreed
125771,agreed
231861,agreed
115618,agreed
204742,agreed
269522,agreed
178834,agreed
307270,unrelated
157350,unrelated
41895,agreed
240866,unrelated
56947,unrelated
253234,unrelated
100584,agreed
203172,agreed
10651,agreed
314251,unrelated
200705,unrelated
90089,unrelated
176782,unrelated
318877,unrelated
101046,unrelated
243243,unrelated
197708,unrelated
159925,unrelated
274257,agreed
220875,agreed
105562,unrelated
270432,unrelated
251570,agreed
191702,unrelated
287234,unrelated
57507,agreed
165914,agreed
72192,unrelated
240097,unrelated
312200,unrelated
259567,unrelated
755,agreed
62741,unrelated
216534,unrelated
204231,unrelated
104293,agreed
97355,agreed
3159,unrelated
94313,unrelated
151299,unrelated
213582,unrelated
243045,unrelated
5239,unrelated
204193,unrelated
241951,unrelated
36255,unrelated
249776,agreed
101870,unrelated
59037,unrelated
117186,agreed
76372,unrelated
189863,unrelated
13466,unrelated
174305,agreed
305747,unrelated
93322,unrelated
314564,agreed
186862,unrelated
64745,unrelated
249017,unrelated
83456,unrelated
136779,unrelated
62094,agreed
200835,unrelated
200280,unrelated
238994,unrelated
4428,unrelated
154194,unrelated
114721,agreed
292534,agreed
271122,agreed
6887,unrelated
271535,agreed
168120,unrelated
263345,unrelated
53995,agreed
272757,unrelated
115514,unrelated
268154,agreed
96280,unrelated
102398,agreed
214263,unrelated
70586,disagreed
7185,unrelated
13283,unrelated
305095,agreed
193100,unrelated
49313,unrelated
299815,unrelated
296225,unrelated
91985,unrelated
153997,agreed
1563,unrelated
241235,unrelated
154127,unrelated
4021,unrelated
135714,unrelated
173358,unrelated
237985,agreed
194834,unrelated
317053,agreed
242928,agreed
320494,unrelated
310203,agreed
186525,unrelated
271000,unrelated
154938,agreed
260580,unrelated
253979,unrelated
11147,unrelated
202219,unrelated
270701,unrelated
277950,unrelated
123657,unrelated
312319,unrelated
57237,agreed
55721,unrelated
45870,unrelated
166871,unrelated
102317,agreed
142372,agreed
308974,agreed
23424,unrelated
196945,unrelated
126238,unrelated
28097,agreed
163927,unrelated
119436,unrelated
105909,unrelated
198407,unrelated
32523,unrelated
249372,unrelated
37422,unrelated
232062,agreed
188633,unrelated
230463,disagreed
309694,agreed
65587,unrelated
168794,unrelated
21658,unrelated
311183,agreed
154373,unrelated
309811,agreed
161610,unrelated
56092,agreed
40325,agreed
320193,agreed
162199,unrelated
223066,unrelated
155803,agreed
146292,agreed
279312,unrelated
1350,unrelated
38892,unrelated
47568,unrelated
262012,unrelated
229303,unrelated
305109,agreed
74649,unrelated
215782,unrelated
108173,unrelated
281643,agreed
251085,agreed
137228,unrelated
261129,unrelated
87192,unrelated
33732,unrelated
153229,unrelated
277798,unrelated
43364,unrelated
225314,unrelated
123594,agreed
271678,agreed
260096,agreed
185043,agreed
116916,unrelated
296226,unrelated
278770,unrelated
65073,unrelated
131838,unrelated
34187,unrelated
52029,unrelated
110784,agreed
120602,unrelated
6406,unrelated
115300,unrelated
294400,unrelated
226087,unrelated
249645,agreed
52236,unrelated
186494,unrelated
55933,agreed
46895,unrelated
66671,unrelated
320864,unrelated
300724,unrelated
54622,unrelated
300449,unrelated
184036,agreed
136993,unrelated
73323,unrelated
60481,unrelated
223565,disagreed
62638,unrelated
117058,unrelated
193474,agreed
187588,agreed
88249,agreed
68242,unrelated
237780,agreed
222674,unrelated
199517,agreed
95401,unrelated
77123,unrelated
59364,unrelated
86465,unrelated
213286,unrelated
84673,unrelated
190845,unrelated
218414,unrelated
154691,unrelated
228192,unrelated
112790,agreed
278986,unrelated
311963,unrelated
229173,unrelated
52616,unrelated
63334,unrelated
163501,unrelated
46634,unrelated
24359,unrelated
189315,unrelated
191726,unrelated
63619,unrelated
179649,agreed
265354,unrelated
180442,unrelated
68881,unrelated
18514,unrelated
303289,agreed
122525,unrelated
251871,unrelated
14633,unrelated
153479,unrelated
43907,unrelated
135760,unrelated
133282,unrelated
38974,unrelated
88782,unrelated
20786,unrelated
220462,agreed
269369,agreed
156462,unrelated
308702,unrelated
1342,unrelated
301985,unrelated
311466,agreed
128289,agreed
165821,agreed
116100,unrelated
54301,unrelated
120861,unrelated
144419,unrelated
168355,unrelated
20293,unrelated
181529,agreed
162141,unrelated
28739,agreed
168875,agreed
266705,agreed
76878,unrelated
14447,agreed
72942,unrelated
305362,unrelated
238966,unrelated
216323,unrelated
217870,agreed
116149,unrelated
109480,unrelated
127983,unrelated
30236,unrelated
105775,unrelated
170902,agreed
118044,unrelated
193360,disagreed
48680,agreed
168916,agreed
255048,agreed
99718,agreed
119776,unrelated
165064,unrelated
155103,unrelated
299648,agreed
217636,agreed
173385,unrelated
144938,agreed
186980,unrelated
119169,unrelated
301694,unrelated
315023,unrelated
199350,agreed
105218,unrelated
79390,unrelated
267595,agreed
208431,unrelated
280382,agreed
259666,agreed
34291,unrelated
48843,unrelated
247641,unrelated
70177,unrelated
143422,agreed
26378,unrelated
146911,unrelated
57281,agreed
288342,unrelated
193864,agreed
291944,unrelated
83537,agreed
142809,unrelated
921,agreed
212370,unrelated
129345,unrelated
270577,unrelated
67738,unrelated
79607,unrelated
151731,agreed
69096,agreed
223683,agreed
153571,unrelated
279839,agreed
73242,agreed
301769,agreed
41050,unrelated
187476,unrelated
82430,unrelated
66913,unrelated
253665,unrelated
297016,unrelated
50879,unrelated
289508,unrelated
97980,unrelated
107824,unrelated
164519,unrelated
158714,unrelated
45335,unrelated
220501,unrelated
81430,unrelated
266880,unrelated
303251,unrelated
758,unrelated
279577,unrelated
225766,unrelated
286948,unrelated
317488,unrelated
99665,disagreed
216686,unrelated
30577,agreed
122499,unrelated
290827,unrelated
18364,unrelated
107057,unrelated
237138,agreed
309855,unrelated
71082,unrelated
287121,unrelated
16589,unrelated
39744,unrelated
157305,unrelated
38340,unrelated
89573,unrelated
170932,unrelated
146092,agreed
29810,unrelated
127968,unrelated
154439,unrelated
34160,agreed
80833,unrelated
123732,agreed
154040,unrelated
215951,unrelated
231501,unrelated
100696,unrelated
178701,unrelated
170645,unrelated
307543,unrelated
178095,unrelated
293372,unrelated
171907,unrelated
260841,unrelated
274831,unrelated
117498,unrelated
256292,unrelated
43085,unrelated
267388,unrelated
222858,agreed
54194,unrelated
257517,unrelated
316400,agreed
173312,unrelated
202417,unrelated
72979,agreed
245424,agreed
185238,unrelated
131712,unrelated
159236,agreed
271438,agreed
118648,unrelated
301383,unrelated
223495,agreed
26878,unrelated
237551,unrelated
314789,unrelated
215522,unrelated
184833,agreed
105448,agreed
76512,agreed
89033,unrelated
89609,agreed
204229,unrelated
100542,unrelated
125585,unrelated
84259,agreed
78918,unrelated
69835,unrelated
42977,disagreed
50079,unrelated
294678,disagreed
155494,unrelated
93235,unrelated
231470,unrelated
92496,agreed
128144,unrelated
188261,unrelated
95192,agreed
56218,unrelated
64715,agreed
66270,unrelated
24740,agreed
314295,unrelated
256776,unrelated
95966,unrelated
274417,unrelated
94315,unrelated
68157,agreed
68511,unrelated
249407,unrelated
280344,unrelated
281521,unrelated
4022,unrelated
173661,agreed
27019,unrelated
27523,unrelated
50813,unrelated
305778,unrelated
277656,agreed
159482,agreed
204199,unrelated
121226,unrelated
29423,unrelated
68526,agreed
25916,unrelated
33258,unrelated
94599,unrelated
150421,unrelated
203590,unrelated
38684,unrelated
269190,unrelated
303634,agreed
141053,agreed
34862,unrelated
98718,unrelated
169484,unrelated
220207,unrelated
248260,unrelated
248371,unrelated
200034,unrelated
309766,unrelated
162980,agreed
273704,agreed
100697,unrelated
208529,unrelated
170591,unrelated
147724,unrelated
110750,agreed
294194,unrelated
64561,agreed
178934,unrelated
123903,unrelated
121712,unrelated
130821,agreed
51322,agreed
157906,unrelated
217368,unrelated
214617,unrelated
10599,unrelated
317490,unrelated
284604,unrelated
270234,unrelated
261678,agreed
307805,unrelated
201937,unrelated
195304,agreed
53936,unrelated
313466,unrelated
312753,agreed
262845,agreed
88433,unrelated
148674,unrelated
116861,unrelated
259129,unrelated
141027,unrelated
118783,agreed
225499,unrelated
40502,unrelated
131062,unrelated
59514,unrelated
242059,agreed
120291,agreed
274010,agreed
73517,unrelated
167141,agreed
222046,unrelated
107395,unrelated
291712,unrelated
300743,unrelated
241937,unrelated
320402,unrelated
98770,agreed
5023,unrelated
3548,unrelated
201203,unrelated
173821,disagreed
17615,unrelated
263298,unrelated
170998,unrelated
24744,unrelated
1383,agreed
184399,unrelated
290552,unrelated
101316,unrelated
241589,unrelated
289673,agreed
191686,unrelated
140837,unrelated
76249,agreed
136149,unrelated
297120,unrelated
309832,agreed
283160,unrelated
86524,agreed
100568,agreed
99653,disagreed
124382,unrelated
62810,unrelated
142976,unrelated
192340,agreed
282740,unrelated
220536,unrelated
28321,unrelated
201418,unrelated
193247,unrelated
147290,unrelated
11918,unrelated
101372,unrelated
227885,unrelated
39412,agreed
150977,unrelated
70446,unrelated
222358,unrelated
166378,unrelated
307832,unrelated
49460,unrelated
115108,unrelated
236973,agreed
57968,unrelated
186184,agreed
35732,unrelated
297473,unrelated
257243,unrelated
303680,unrelated
226979,unrelated
55260,unrelated
17881,unrelated
269892,agreed
39612,agreed
216997,agreed
201709,agreed
183661,unrelated
234303,unrelated
315189,agreed
212962,disagreed
224605,unrelated
159788,unrelated
121051,agreed
126110,agreed
150308,unrelated
262550,unrelated
267834,unrelated
43247,unrelated
35891,unrelated
197144,agreed
277457,agreed
146783,unrelated
4277,agreed
288987,unrelated
214881,agreed
61909,unrelated
16025,unrelated
129309,unrelated
83467,unrelated
271781,agreed
104069,unrelated
190560,unrelated
283460,agreed
76137,unrelated
257725,agreed
12355,unrelated
160514,unrelated
136557,agreed
279491,unrelated
105975,unrelated
85208,unrelated
146970,unrelated
42017,agreed
65753,unrelated
280114,unrelated
256617,agreed
6499,unrelated
29374,unrelated
218449,unrelated
131825,unrelated
181579,agreed
23243,unrelated
220335,unrelated
134598,unrelated
197804,unrelated
135324,unrelated
56195,unrelated
164530,agreed
248238,unrelated
238482,agreed
68024,unrelated
7361,agreed
283504,unrelated
52864,unrelated
255820,agreed
92081,unrelated
220259,unrelated
35384,unrelated
141748,unrelated
189480,unrelated
39401,unrelated
175955,agreed
192620,unrelated
269650,agreed
6870,unrelated
76882,unrelated
239116,unrelated
80717,unrelated
129425,agreed
199614,unrelated
225976,unrelated
83192,unrelated
291934,unrelated
30965,unrelated
176500,agreed
214191,agreed
276320,unrelated
240231,unrelated
800,unrelated
195577,agreed
288325,agreed
72669,agreed
135357,unrelated
317032,unrelated
215044,unrelated
153029,unrelated
261325,agreed
179526,unrelated
40816,unrelated
238401,unrelated
256431,unrelated
320906,unrelated
314396,unrelated
226910,agreed
297276,unrelated
115428,unrelated
208039,agreed
2664,unrelated
248949,unrelated
257771,unrelated
232823,unrelated
250042,unrelated
39023,unrelated
180889,unrelated
101711,unrelated
136949,agreed
223492,disagreed
90056,agreed
302690,unrelated
102180,agreed
224616,unrelated
97276,unrelated
228891,unrelated
238177,unrelated
166518,unrelated
67854,unrelated
90422,agreed
181416,disagreed
300685,unrelated
43628,unrelated
170042,unrelated
134612,agreed
225348,unrelated
74435,unrelated
195510,agreed
66951,unrelated
201309,agreed
239188,unrelated
121302,unrelated
63109,unrelated
196631,unrelated
144412,unrelated
76687,disagreed
244699,unrelated
268737,unrelated
40238,agreed
257481,agreed
202772,agreed
43449,unrelated
248565,unrelated
89873,unrelated
93545,unrelated
204839,unrelated
276777,unrelated
55269,unrelated
158221,agreed
286814,unrelated
189982,unrelated
62800,unrelated
315259,agreed
272301,unrelated
140707,unrelated
81213,unrelated
44220,agreed
45677,agreed
26985,agreed
223999,unrelated
111538,unrelated
65792,unrelated
114326,unrelated
153584,unrelated
110123,unrelated
91229,agreed
67596,agreed
283477,unrelated
246989,unrelated
203924,unrelated
185060,agreed
167491,unrelated
16199,unrelated
119198,unrelated
39378,unrelated
34367,unrelated
181216,agreed
51753,agreed
263015,unrelated
304157,unrelated
2925,unrelated
315326,agreed
289439,unrelated
204427,agreed
2177,unrelated
42261,agreed
30811,unrelated
19893,unrelated
154518,unrelated
149091,unrelated
224566,unrelated
30482,unrelated
122411,unrelated
235110,unrelated
30406,unrelated
60191,agreed
149338,unrelated
45267,unrelated
201817,unrelated
98340,unrelated
80114,unrelated
315829,unrelated
134145,unrelated
53303,unrelated
196191,agreed
151692,unrelated
240937,unrelated
104934,unrelated
232061,agreed
299083,unrelated
45678,agreed
31075,unrelated
106401,agreed
224774,unrelated
93125,agreed
313199,unrelated
213725,unrelated
57742,unrelated
112958,unrelated
34612,unrelated
103890,agreed
119541,unrelated
162472,unrelated
43060,agreed
206592,agreed
26788,unrelated
234453,agreed
110178,unrelated
17327,agreed
153496,unrelated
105755,agreed
230623,unrelated
122010,unrelated
261904,unrelated
206055,agreed
50765,unrelated
212308,unrelated
219623,agreed
196069,unrelated
77405,unrelated
245999,unrelated
131211,unrelated
209359,unrelated
217574,unrelated
60498,agreed
23857,unrelated
183227,unrelated
281764,agreed
33780,unrelated
313906,agreed
291791,unrelated
4111,unrelated
161877,unrelated
66122,agreed
269704,agreed
296890,unrelated
117696,agreed
261828,unrelated
86845,unrelated
12030,agreed
230661,unrelated
155159,unrelated
108475,unrelated
121700,unrelated
60720,unrelated
133040,unrelated
184574,unrelated
8176,agreed
13475,unrelated
244181,unrelated
41462,agreed
158388,unrelated
138209,unrelated
202964,unrelated
88986,unrelated
182958,unrelated
90249,unrelated
1839,unrelated
17858,agreed
7206,agreed
209613,unrelated
10243,agreed
219652,unrelated
90420,agreed
68215,unrelated
5539,agreed
79476,unrelated
222745,unrelated
193822,agreed
313193,unrelated
300477,agreed
283339,unrelated
276971,agreed
106378,unrelated
160151,unrelated
267299,agreed
101363,unrelated
144463,unrelated
17582,unrelated
260921,unrelated
117014,agreed
77715,agreed
315935,unrelated
96731,disagreed
67358,unrelated
5301,unrelated
35095,agreed
143965,unrelated
278025,disagreed
153230,unrelated
119326,agreed
22455,unrelated
128000,unrelated
16423,unrelated
148600,unrelated
225435,unrelated
313019,unrelated
236525,unrelated
77806,unrelated
224235,agreed
117579,unrelated
142845,unrelated
252782,unrelated
221468,unrelated
123802,unrelated
193039,agreed
310108,agreed
253517,unrelated
314019,agreed
130830,unrelated
15798,agreed
226036,unrelated
71105,unrelated
312766,unrelated
61275,agreed
228666,unrelated
95475,unrelated
238730,agreed
49542,unrelated
69268,agreed
210513,agreed
124974,unrelated
45841,unrelated
258587,agreed
149564,unrelated
182034,unrelated
297083,unrelated
191580,unrelated
285387,unrelated
88798,unrelated
298442,unrelated
95179,agreed
259540,agreed
149741,unrelated
135129,agreed
254278,agreed
9904,unrelated
140976,agreed
26433,unrelated
86916,agreed
185736,agreed
305548,unrelated
124247,unrelated
199854,unrelated
85266,unrelated
214875,agreed
317457,unrelated
176303,unrelated
295698,unrelated
125261,unrelated
106995,unrelated
267577,agreed
310005,unrelated
210047,unrelated
225303,unrelated
91677,agreed
276894,unrelated
59395,unrelated
301515,unrelated
110031,unrelated
103946,unrelated
290794,unrelated
138620,unrelated
248814,unrelated
268797,unrelated
19429,unrelated
311418,agreed
297911,unrelated
44502,agreed
26514,agreed
115874,agreed
293217,unrelated
172148,unrelated
114692,unrelated
91341,unrelated
261167,unrelated
292397,unrelated
152448,agreed
240420,agreed
255067,agreed
296652,unrelated
238752,agreed
17445,unrelated
120427,unrelated
140511,unrelated
109628,unrelated
203946,unrelated
298781,unrelated
300735,unrelated
300082,unrelated
54624,unrelated
251013,unrelated
106990,unrelated
186404,unrelated
36396,unrelated
227363,unrelated
289643,unrelated
196722,unrelated
287865,unrelated
228973,agreed
158312,unrelated
26800,unrelated
268461,agreed
250633,unrelated
199509,unrelated
232571,unrelated
301167,unrelated
236416,agreed
274500,agreed
313103,unrelated
214651,unrelated
161931,unrelated
155102,agreed
27981,unrelated
24931,unrelated
153644,agreed
88145,agreed
126317,agreed
33476,unrelated
169750,unrelated
140233,unrelated
130271,unrelated
307089,unrelated
94046,unrelated
34705,unrelated
318054,unrelated
90075,agreed
48385,unrelated
262580,unrelated
187270,unrelated
248482,unrelated
289500,unrelated
257092,agreed
208855,unrelated
150183,unrelated
145989,unrelated
70382,unrelated
97724,agreed
181394,unrelated
187108,unrelated
253671,unrelated
33312,unrelated
90217,unrelated
109734,unrelated
7272,agreed
215104,unrelated
162339,unrelated
96636,agreed
104246,unrelated
216575,unrelated
231224,unrelated
124198,unrelated
79577,disagreed
56153,agreed
284412,unrelated
304447,agreed
205728,agreed
46941,unrelated
158021,unrelated
105441,unrelated
92850,agreed
297564,unrelated
168499,unrelated
178156,agreed
192145,agreed
165011,unrelated
70414,unrelated
152164,agreed
180607,unrelated
198438,unrelated
286006,agreed
281660,unrelated
243227,unrelated
63190,unrelated
225738,unrelated
207926,unrelated
85894,agreed
6262,agreed
290266,unrelated
111884,unrelated
200068,disagreed
111458,unrelated
133277,agreed
231356,unrelated
111532,unrelated
50059,unrelated
163174,unrelated
195992,unrelated
169998,unrelated
108718,unrelated
306201,unrelated
295029,unrelated
109950,unrelated
65917,unrelated
116313,agreed
44931,agreed
275704,unrelated
239715,unrelated
4900,unrelated
289851,unrelated
308840,agreed
221973,unrelated
149695,unrelated
237753,unrelated
216100,agreed
30968,agreed
194009,unrelated
153433,unrelated
15066,unrelated
172607,unrelated
257145,unrelated
218406,unrelated
171706,unrelated
135384,unrelated
195815,unrelated
201344,unrelated
185618,unrelated
136625,unrelated
241075,unrelated
96859,unrelated
122378,unrelated
86318,unrelated
17954,unrelated
318215,unrelated
198823,unrelated
469,unrelated
228329,unrelated
256188,unrelated
299118,unrelated
243273,unrelated
138858,agreed
52576,unrelated
77605,unrelated
133700,agreed
160366,agreed
140413,agreed
223077,unrelated
63249,unrelated
208141,unrelated
113785,unrelated
22978,unrelated
280370,agreed
295197,unrelated
76226,unrelated
10774,unrelated
106722,unrelated
89489,unrelated
121465,unrelated
90924,agreed
292031,unrelated
70410,unrelated
225136,unrelated
75139,unrelated
177308,agreed
244485,agreed
37112,unrelated
189095,agreed
309590,unrelated
22182,unrelated
252581,agreed
177450,agreed
178933,agreed
128117,unrelated
321171,unrelated
243419,agreed
127702,unrelated
119890,unrelated
233410,unrelated
177657,unrelated
281251,unrelated
253562,unrelated
271456,unrelated
317996,agreed
298206,unrelated
60708,unrelated
178885,unrelated
140689,unrelated
291455,unrelated
100252,agreed
128162,unrelated
79261,unrelated
133652,unrelated
87422,agreed
214437,unrelated
82942,unrelated
229600,agreed
216113,agreed
53735,unrelated
246187,unrelated
10678,agreed
137893,unrelated
313583,agreed
307629,unrelated
241143,unrelated
80229,unrelated
159552,unrelated
259715,unrelated
249394,agreed
165631,unrelated
230925,unrelated
15765,agreed
41439,unrelated
70291,unrelated
215901,unrelated
280480,unrelated
125957,unrelated
85602,unrelated
73376,unrelated
303175,agreed
130217,unrelated
51193,agreed
280798,unrelated
105715,unrelated
14089,unrelated
161657,unrelated
92564,agreed
84687,agreed
260847,unrelated
275952,agreed
284294,unrelated
231569,unrelated
69863,agreed
13931,unrelated
291233,unrelated
27466,unrelated
152071,agreed
1642,unrelated
265289,unrelated
305636,unrelated
4037,unrelated
278030,disagreed
22639,agreed
33412,unrelated
53887,unrelated
255932,unrelated
178552,unrelated
61799,unrelated
305378,agreed
252199,unrelated
172319,unrelated
161086,unrelated
257813,unrelated
248610,agreed
217476,unrelated
7186,unrelated
125035,agreed
120294,agreed
222909,unrelated
287376,unrelated
193749,unrelated
114406,unrelated
119033,unrelated
75896,unrelated
284468,unrelated
203505,unrelated
74733,unrelated
148333,unrelated
124418,unrelated
16935,agreed
219382,unrelated
179915,unrelated
113346,unrelated
181577,unrelated
164664,agreed
65949,unrelated
210677,agreed
317238,unrelated
217754,agreed
6767,unrelated
157609,unrelated
285220,unrelated
48707,unrelated
219823,agreed
48129,unrelated
92314,agreed
178858,agreed
236577,unrelated
273769,unrelated
270057,unrelated
198835,unrelated
239003,unrelated
242124,agreed
7901,agreed
41662,unrelated
98433,unrelated
199371,unrelated
214306,unrelated
117343,unrelated
179970,unrelated
292386,unrelated
32749,unrelated
214876,agreed
138390,unrelated
199202,unrelated
95108,unrelated
169523,unrelated
243707,unrelated
121762,unrelated
203512,agreed
281348,unrelated
318318,unrelated
27805,unrelated
45015,unrelated
210614,agreed
262276,disagreed
141066,agreed
101410,unrelated
54856,unrelated
51571,unrelated
199726,unrelated
277265,agreed
124633,unrelated
47371,unrelated
168306,unrelated
145664,unrelated
58189,unrelated
97267,agreed
174070,agreed
288301,agreed
122705,agreed
311997,agreed
22325,unrelated
115048,agreed
266118,unrelated
139686,unrelated
192742,unrelated
250175,agreed
74569,unrelated
235612,agreed
254114,unrelated
317304,unrelated
167382,unrelated
238617,unrelated
255497,unrelated
56216,unrelated
193575,unrelated
48984,agreed
116553,agreed
201949,unrelated
42007,agreed
73700,agreed
145877,agreed
106910,agreed
240827,unrelated
103692,unrelated
98370,unrelated
197306,unrelated
186447,unrelated
276107,unrelated
52756,unrelated
200812,unrelated
295702,unrelated
183266,unrelated
59122,unrelated
241044,unrelated
23512,unrelated
282183,unrelated
299917,agreed
292510,unrelated
204690,unrelated
214772,unrelated
182270,unrelated
191230,unrelated
75670,agreed
118804,unrelated
89337,unrelated
16281,unrelated
238769,agreed
117101,unrelated
275771,unrelated
104369,unrelated
234529,agreed
281342,agreed
87227,unrelated
312040,unrelated
314541,agreed
300954,unrelated
171442,agreed
136313,unrelated
225157,unrelated
116322,agreed
279686,agreed
250379,agreed
59419,unrelated
135773,unrelated
167356,unrelated
319604,unrelated
247820,unrelated
267419,agreed
297750,unrelated
93789,unrelated
281603,unrelated
250188,unrelated
76470,unrelated
198580,unrelated
80384,agreed
169947,disagreed
304532,unrelated
193017,agreed
51840,unrelated
289200,unrelated
289964,unrelated
189621,unrelated
120523,agreed
256200,unrelated
6386,unrelated
245459,agreed
130936,agreed
198314,unrelated
82796,unrelated
133669,unrelated
241048,unrelated
123017,unrelated
167747,unrelated
103744,agreed
220627,agreed
300703,unrelated
221118,unrelated
172757,unrelated
188537,unrelated
104038,unrelated
15711,unrelated
280011,unrelated
96046,unrelated
8883,agreed
280665,agreed
176243,unrelated
153341,unrelated
320584,agreed
238094,agreed
298405,unrelated
20936,unrelated
289825,unrelated
187492,unrelated
135501,agreed
299689,unrelated
315376,agreed
88743,agreed
268102,unrelated
224062,agreed
246404,unrelated
10436,unrelated
312809,agreed
68665,unrelated
153198,unrelated
25842,unrelated
20787,unrelated
26472,unrelated
74626,unrelated
90247,agreed
237593,unrelated
189507,unrelated
30348,unrelated
140757,unrelated
192791,unrelated
280016,unrelated
7182,unrelated
117714,unrelated
223356,disagreed
197774,unrelated
114035,agreed
183404,unrelated
73009,agreed
294344,unrelated
194193,agreed
169251,agreed
196127,agreed
45413,agreed
274296,agreed
143206,agreed
93494,unrelated
130191,disagreed
267903,unrelated
102738,unrelated
145444,unrelated
47595,unrelated
209640,unrelated
184473,agreed
188181,agreed
250198,unrelated
286852,disagreed
67343,unrelated
58731,unrelated
278194,unrelated
95065,agreed
272472,unrelated
33390,unrelated
185261,unrelated
82918,agreed
163112,unrelated
281173,unrelated
165935,agreed
217030,unrelated
2019,unrelated
75459,unrelated
246487,unrelated
140489,unrelated
216235,agreed
297903,unrelated
201861,unrelated
32094,agreed
38011,unrelated
318802,unrelated
181724,unrelated
249183,unrelated
156305,agreed
289746,agreed
61725,agreed
174702,agreed
125433,agreed
316474,unrelated
85166,unrelated
39625,unrelated
169024,unrelated
287842,unrelated
84791,unrelated
31363,unrelated
140,unrelated
72686,agreed
170922,unrelated
86566,agreed
113183,agreed
315931,unrelated
310544,unrelated
30068,agreed
126515,unrelated
291277,agreed
294679,disagreed
146479,unrelated
243658,unrelated
273908,agreed
167118,unrelated
151653,agreed
117952,agreed
3910,unrelated
199974,unrelated
187466,unrelated
186884,unrelated
69192,agreed
101847,unrelated
150918,unrelated
220634,agreed
219933,unrelated
67204,agreed
40157,unrelated
159718,unrelated
283389,agreed
262463,unrelated
275351,unrelated
165012,unrelated
276396,unrelated
177267,agreed
48559,unrelated
173346,unrelated
28913,unrelated
32151,unrelated
174341,unrelated
20242,unrelated
29169,unrelated
227569,unrelated
162299,unrelated
291552,unrelated
55214,agreed
82748,unrelated
168270,unrelated
154769,unrelated
117545,unrelated
35739,unrelated
141122,unrelated
49302,unrelated
156816,unrelated
65797,unrelated
252719,unrelated
223841,agreed
38081,unrelated
256936,unrelated
230169,agreed
283720,unrelated
164303,unrelated
62989,unrelated
70261,unrelated
249800,agreed
324,unrelated
162717,unrelated
82549,unrelated
243462,unrelated
29430,unrelated
141669,agreed
270361,unrelated
172655,unrelated
154079,unrelated
14081,unrelated
217224,agreed
210563,unrelated
21841,unrelated
192380,unrelated
206301,agreed
275477,unrelated
146002,unrelated
146328,agreed
198847,unrelated
103670,agreed
197495,unrelated
137845,unrelated
68968,unrelated
48117,unrelated
98557,agreed
194495,unrelated
221278,agreed
284219,unrelated
201522,agreed
197119,unrelated
102215,unrelated
220250,unrelated
104060,unrelated
165794,unrelated
48155,unrelated
133992,unrelated
98376,unrelated
281909,unrelated
54985,unrelated
128607,unrelated
83639,unrelated
199301,unrelated
179019,unrelated
283692,unrelated
138093,unrelated
141439,unrelated
309127,unrelated
110549,agreed
10459,unrelated
183964,agreed
10030,unrelated
166081,unrelated
319000,agreed
94161,unrelated
299073,unrelated
280843,unrelated
46068,unrelated
152599,agreed
88540,unrelated
252211,unrelated
212625,unrelated
132141,unrelated
25029,agreed
44754,unrelated
146252,agreed
200989,agreed
128175,unrelated
228021,unrelated
5838,agreed
14915,agreed
248488,unrelated
128609,unrelated
308736,unrelated
145325,unrelated
185102,agreed
307120,unrelated
289119,unrelated
44129,agreed
17144,unrelated
34885,unrelated
168726,unrelated
127025,unrelated
64063,unrelated
296003,unrelated
101200,agreed
311745,unrelated
82420,agreed
318093,unrelated
286999,unrelated
281840,agreed
29707,unrelated
22135,agreed
292182,agreed
265983,unrelated
126258,unrelated
157061,unrelated
240769,unrelated
190844,unrelated
12065,unrelated
12362,unrelated
298204,agreed
119487,unrelated
315670,unrelated
95274,agreed
217561,unrelated
266842,agreed
158586,unrelated
160184,unrelated
177493,agreed
294205,agreed
243905,agreed
165320,unrelated
139220,unrelated
78532,unrelated
62656,agreed
196622,unrelated
140088,unrelated
154937,agreed
166146,unrelated
225664,unrelated
224426,unrelated
112424,unrelated
200693,unrelated
175620,unrelated
146768,unrelated
187213,unrelated
44060,agreed
298646,unrelated
253843,unrelated
202659,agreed
40863,agreed
90950,agreed
44768,unrelated
93089,agreed
43693,agreed
275366,unrelated
293159,unrelated
160274,unrelated
51253,agreed
176596,agreed
92424,unrelated
227841,unrelated
210663,agreed
208745,unrelated
41615,unrelated
308206,unrelated
49035,agreed
71196,unrelated
247659,unrelated
72425,unrelated
259193,unrelated
176156,agreed
204329,unrelated
166582,unrelated
314059,agreed
30744,unrelated
6023,agreed
160163,unrelated
64694,agreed
97048,unrelated
245278,unrelated
251324,unrelated
289745,agreed
290019,agreed
38212,unrelated
109981,unrelated
3629,unrelated
87232,unrelated
18485,unrelated
244236,unrelated
251506,agreed
236313,unrelated
130349,unrelated
289327,unrelated
255760,agreed
170698,unrelated
231602,unrelated
257749,unrelated
254296,agreed
46568,unrelated
28294,unrelated
62125,unrelated
63335,unrelated
197305,unrelated
166411,unrelated
269024,unrelated
36471,unrelated
166406,agreed
159213,agreed
102026,unrelated
90319,agreed
29630,unrelated
189067,agreed
221691,agreed
85286,unrelated
321109,unrelated
182743,agreed
88477,agreed
66653,unrelated
190192,unrelated
288009,unrelated
308791,unrelated
253488,unrelated
34459,agreed
224668,unrelated
180645,unrelated
191306,unrelated
118187,unrelated
280842,unrelated
308722,unrelated
162340,unrelated
249224,unrelated
149206,unrelated
27064,unrelated
113097,agreed
165027,unrelated
293778,agreed
263681,unrelated
12749,unrelated
36990,unrelated
178540,unrelated
41030,unrelated
241896,unrelated
232476,agreed
131944,unrelated
174932,agreed
65578,unrelated
171848,unrelated
147875,agreed
37554,unrelated
259644,agreed
203267,agreed
227741,unrelated
36757,unrelated
125899,unrelated
242679,unrelated
207582,unrelated
118051,unrelated
48778,unrelated
82883,unrelated
13423,agreed
159855,agreed
155157,unrelated
301327,unrelated
284731,unrelated
252855,unrelated
13837,agreed
147390,unrelated
21635,unrelated
118813,unrelated
61931,agreed
67939,unrelated
306085,unrelated
297452,unrelated
302109,agreed
80860,agreed
252078,agreed
307769,unrelated
20458,agreed
124123,unrelated
69040,unrelated
14448,agreed
14402,unrelated
116424,unrelated
168700,agreed
169765,unrelated
59823,unrelated
10835,unrelated
176150,unrelated
135091,unrelated
12738,unrelated
15972,disagreed
30997,unrelated
110220,unrelated
146171,unrelated
280862,unrelated
307923,unrelated
28238,unrelated
112692,unrelated
263803,unrelated
218373,agreed
284369,unrelated
240007,unrelated
310121,unrelated
116268,agreed
237627,unrelated
167927,unrelated
100268,unrelated
270612,unrelated
212563,agreed
243657,unrelated
67290,unrelated
44766,unrelated
266925,unrelated
116665,agreed
202471,unrelated
78102,unrelated
204866,unrelated
223100,unrelated
108161,unrelated
29038,unrelated
117914,unrelated
39776,unrelated
93558,unrelated
304630,unrelated
215805,unrelated
308176,unrelated
187093,unrelated
175200,unrelated
221218,agreed
113141,unrelated
299019,unrelated
83411,unrelated
174373,unrelated
162951,agreed
73175,unrelated
26277,unrelated
237429,unrelated
267657,unrelated
250640,unrelated
310275,unrelated
110570,unrelated
16452,unrelated
156755,agreed
176384,disagreed
163434,agreed
111027,agreed
241431,unrelated
104130,unrelated
315933,unrelated
54848,unrelated
247828,unrelated
135956,unrelated
33970,unrelated
76270,unrelated
199546,unrelated
148488,unrelated
267893,agreed
268770,unrelated
92156,agreed
255291,unrelated
71282,unrelated
100144,agreed
240595,agreed
304680,agreed
20687,unrelated
79302,unrelated
286215,unrelated
258969,agreed
115420,unrelated
127474,unrelated
264748,unrelated
214537,agreed
44736,unrelated
8298,unrelated
226789,unrelated
138698,unrelated
76547,agreed
8531,unrelated
35166,unrelated
289708,unrelated
129751,unrelated
139746,unrelated
274112,unrelated
253493,unrelated
11721,unrelated
152362,unrelated
88231,agreed
61528,agreed
135348,agreed
33978,unrelated
58564,unrelated
88030,unrelated
126694,unrelated
194534,unrelated
170929,unrelated
110219,unrelated
74915,agreed
130941,unrelated
223866,unrelated
250877,agreed
14486,unrelated
291854,agreed
10917,unrelated
137256,unrelated
168765,unrelated
138732,unrelated
61784,unrelated
100839,unrelated
43988,unrelated
95841,unrelated
177492,agreed
221245,agreed
301077,agreed
257506,unrelated
214496,unrelated
100344,unrelated
268627,unrelated
317737,unrelated
304727,unrelated
315982,unrelated
247827,unrelated
177289,agreed
231111,agreed
198255,unrelated
93117,agreed
14314,unrelated
290454,unrelated
256518,agreed
250970,unrelated
77318,unrelated
17552,unrelated
71322,unrelated
229846,unrelated
72719,unrelated
33467,unrelated
222196,unrelated
51665,unrelated
295802,unrelated
119223,unrelated
125592,unrelated
300446,unrelated
169736,unrelated
66574,unrelated
279854,disagreed
86292,unrelated
246833,unrelated
302570,unrelated
62426,unrelated
137862,unrelated
72090,unrelated
179428,unrelated
177704,agreed
255344,agreed
89478,unrelated
7453,unrelated
107975,agreed
316374,unrelated
308241,unrelated
116030,agreed
238373,agreed
251168,agreed
46604,unrelated
236837,unrelated
297378,unrelated
120362,unrelated
69536,unrelated
245042,agreed
49241,agreed
280568,agreed
291468,unrelated
287002,unrelated
240946,unrelated
302849,agreed
153023,unrelated
80943,unrelated
157757,agreed
120323,agreed
222135,unrelated
184824,agreed
116269,agreed
31973,unrelated
289522,unrelated
101263,agreed
88269,agreed
170482,agreed
49100,agreed
6907,unrelated
180220,unrelated
53795,unrelated
214923,unrelated
76773,unrelated
253121,agreed
243600,unrelated
263546,unrelated
48209,unrelated
143139,unrelated
189812,agreed
183972,agreed
113137,unrelated
221589,unrelated
100381,unrelated
271598,unrelated
284709,unrelated
266227,agreed
284355,unrelated
17332,unrelated
230550,unrelated
142235,agreed
170673,unrelated
301423,unrelated
59028,unrelated
113355,agreed
130127,unrelated
33648,agreed
146076,unrelated
127562,unrelated
249831,unrelated
207881,unrelated
94330,unrelated
170676,unrelated
24347,unrelated
278183,unrelated
100385,unrelated
103944,unrelated
126989,unrelated
99669,disagreed
61246,agreed
61830,agreed
49866,unrelated
8741,unrelated
312204,unrelated
61265,agreed
221909,agreed
197910,agreed
55130,unrelated
212451,unrelated
19847,agreed
95540,unrelated
151850,unrelated
256149,unrelated
31636,unrelated
104417,agreed
308084,agreed
25668,unrelated
114378,unrelated
288356,unrelated
192949,agreed
149072,unrelated
131266,unrelated
158635,unrelated
115412,unrelated
314050,agreed
282811,unrelated
73202,agreed
129543,unrelated
182377,unrelated
257183,agreed
213650,unrelated
120553,unrelated
81182,unrelated
234497,agreed
47945,unrelated
84423,unrelated
225654,unrelated
117511,unrelated
289585,unrelated
236392,unrelated
169912,unrelated
113834,unrelated
174639,agreed
169983,unrelated
158534,agreed
158561,unrelated
238461,unrelated
198511,agreed
243443,unrelated
46986,disagreed
112079,agreed
199393,unrelated
273406,agreed
80783,agreed
313824,agreed
70567,unrelated
88060,unrelated
55435,unrelated
128943,agreed
220088,unrelated
264071,agreed
259305,unrelated
92423,unrelated
87164,agreed
277306,agreed
132054,unrelated
83596,agreed
232672,unrelated
182583,agreed
232333,unrelated
304292,unrelated
284370,unrelated
55225,unrelated
320191,agreed
25524,agreed
11440,unrelated
157953,agreed
45925,unrelated
101648,agreed
102032,unrelated
21235,unrelated
302933,unrelated
131614,agreed
245798,agreed
3257,unrelated
194130,agreed
160334,agreed
192173,unrelated
72588,unrelated
104628,unrelated
247043,unrelated
155125,unrelated
3979,unrelated
319669,unrelated
233531,unrelated
262537,unrelated
119517,unrelated
40417,unrelated
183349,agreed
68374,unrelated
319121,unrelated
239468,unrelated
124518,unrelated
68896,unrelated
35610,unrelated
138959,unrelated
55133,unrelated
35015,unrelated
129054,agreed
292866,unrelated
292289,agreed
308000,unrelated
82699,unrelated
289005,unrelated
61881,unrelated
251846,agreed
8639,unrelated
91676,agreed
181056,unrelated
59926,agreed
94360,agreed
306084,unrelated
226410,unrelated
254803,unrelated
25425,unrelated
178398,unrelated
75946,unrelated
168710,unrelated
251055,agreed
169037,unrelated
312101,unrelated
174945,agreed
158703,unrelated
104279,agreed
71684,unrelated
315639,agreed
46936,unrelated
140393,agreed
47950,unrelated
292331,agreed
150855,agreed
155545,unrelated
319065,unrelated
307311,agreed
31776,unrelated
37284,unrelated
303132,unrelated
306573,unrelated
270986,agreed
242721,unrelated
156572,agreed
13365,agreed
287044,unrelated
278617,unrelated
120181,unrelated
113109,unrelated
34154,agreed
283846,unrelated
75843,unrelated
309176,unrelated
268416,unrelated
156229,agreed
72556,unrelated
149833,unrelated
297091,unrelated
284868,unrelated
20974,unrelated
158340,unrelated
49550,unrelated
142091,agreed
320482,unrelated
247526,unrelated
19998,unrelated
49545,unrelated
295941,unrelated
40481,unrelated
231222,unrelated
252422,agreed
80342,agreed
255598,unrelated
66395,unrelated
304470,unrelated
152664,unrelated
302749,unrelated
8057,unrelated
232138,unrelated
294418,unrelated
92021,agreed
299209,unrelated
64165,unrelated
205972,agreed
64194,unrelated
148936,unrelated
43951,unrelated
318725,agreed
157126,unrelated
60863,unrelated
19694,agreed
92146,unrelated
181777,unrelated
221753,agreed
310931,unrelated
83482,unrelated
313338,unrelated
96217,agreed
160837,unrelated
98766,agreed
94829,unrelated
96550,agreed
298599,unrelated
142176,unrelated
288864,unrelated
165362,unrelated
168164,unrelated
234379,disagreed
284980,agreed
299699,unrelated
194351,agreed
22791,unrelated
228139,unrelated
53203,unrelated
16178,unrelated
278395,unrelated
109872,unrelated
163896,unrelated
151375,unrelated
184423,unrelated
81552,unrelated
130823,unrelated
255314,unrelated
211500,unrelated
178932,unrelated
290160,unrelated
316351,unrelated
280975,unrelated
213455,unrelated
214342,unrelated
120182,unrelated
118820,unrelated
51209,agreed
170068,unrelated
129349,unrelated
16445,agreed
148580,unrelated
271800,unrelated
222367,unrelated
44836,unrelated
124525,unrelated
207907,unrelated
290628,unrelated
306934,unrelated
137112,agreed
4725,agreed
35044,unrelated
131487,agreed
307043,unrelated
10566,agreed
78236,unrelated
213127,unrelated
172185,unrelated
24026,unrelated
281339,agreed
79459,agreed
120963,unrelated
64768,agreed
47516,unrelated
84600,unrelated
95332,unrelated
40287,unrelated
35969,unrelated
587,agreed
78263,unrelated
29952,unrelated
96735,unrelated
269738,unrelated
39203,unrelated
266312,agreed
309775,agreed
194055,agreed
96998,agreed
67076,unrelated
250866,agreed
296488,agreed
307839,agreed
206321,unrelated
199341,unrelated
218474,agreed
314914,unrelated
294391,unrelated
20505,agreed
296192,unrelated
230683,agreed
302176,unrelated
292805,unrelated
190324,unrelated
4070,unrelated
172065,unrelated
1792,agreed
9592,unrelated
171556,agreed
23624,unrelated
246191,unrelated
262420,unrelated
298471,unrelated
26107,unrelated
3113,agreed
74220,unrelated
174263,unrelated
96648,unrelated
49114,unrelated
313308,unrelated
109581,unrelated
176857,agreed
161983,unrelated
128823,unrelated
70587,unrelated
120409,unrelated
277198,unrelated
157554,unrelated
306881,unrelated
122627,disagreed
256155,unrelated
219063,unrelated
109339,unrelated
37506,unrelated
210436,unrelated
60747,unrelated
224464,agreed
95093,agreed
179317,unrelated
27529,unrelated
252504,unrelated
159220,agreed
165615,agreed
298519,unrelated
118154,unrelated
125391,unrelated
168322,unrelated
274846,unrelated
254209,unrelated
164797,agreed
274912,unrelated
170849,agreed
255310,agreed
55887,unrelated
279810,agreed
259347,unrelated
213502,unrelated
18053,disagreed
154356,unrelated
239835,agreed
196313,agreed
210329,agreed
239796,agreed
160117,unrelated
111367,agreed
63785,unrelated
241769,agreed
298564,unrelated
185951,unrelated
169305,agreed
116756,agreed
69710,unrelated
122597,unrelated
238219,unrelated
211608,unrelated
31588,unrelated
47451,unrelated
126282,unrelated
51243,agreed
233680,unrelated
238747,agreed
250095,unrelated
181302,unrelated
194673,agreed
155348,unrelated
155856,agreed
248722,disagreed
194162,unrelated
69628,unrelated
128726,agreed
212864,unrelated
215368,unrelated
236568,agreed
104846,unrelated
85697,agreed
152073,unrelated
57457,unrelated
287757,unrelated
87530,agreed
184654,agreed
198684,unrelated
189177,unrelated
215375,unrelated
155773,agreed
163592,unrelated
122630,disagreed
151545,unrelated
176610,agreed
20030,unrelated
116377,unrelated
195896,unrelated
152232,unrelated
6424,unrelated
261355,unrelated
65367,unrelated
155042,agreed
115648,unrelated
146951,unrelated
92984,agreed
49711,agreed
163466,unrelated
142539,unrelated
124072,unrelated
193302,unrelated
79086,unrelated
60853,unrelated
193694,unrelated
178432,unrelated
257567,agreed
170531,unrelated
109006,unrelated
256538,agreed
7924,agreed
119004,unrelated
112882,unrelated
103234,unrelated
182513,agreed
145470,unrelated
20802,unrelated
272985,unrelated
166940,unrelated
268270,unrelated
52469,unrelated
66670,unrelated
104836,unrelated
5121,unrelated
178410,unrelated
250326,unrelated
236155,unrelated
272274,unrelated
87108,unrelated
170427,unrelated
8264,unrelated
224340,unrelated
222236,unrelated
78945,agreed
194256,agreed
201448,unrelated
267417,agreed
25044,agreed
309761,unrelated
167529,unrelated
296185,unrelated
12692,unrelated
275168,agreed
124687,unrelated
164062,unrelated
289797,unrelated
38622,unrelated
4146,agreed
227735,unrelated
174467,agreed
110915,agreed
18817,agreed
302825,agreed
103688,unrelated
197535,unrelated
121463,unrelated
129102,unrelated
276317,unrelated
41760,agreed
11287,unrelated
214683,unrelated
121731,agreed
31228,agreed
132330,unrelated
188329,unrelated
160208,unrelated
42551,unrelated
68594,agreed
128586,unrelated
131467,unrelated
100993,unrelated
58861,unrelated
38066,unrelated
312780,unrelated
309708,unrelated
146791,unrelated
80182,unrelated
161304,unrelated
212416,agreed
206501,unrelated
75598,disagreed
119134,unrelated
290248,unrelated
308201,agreed
82766,unrelated
127713,agreed
65105,agreed
21056,unrelated
136642,agreed
191081,unrelated
103773,unrelated
128525,disagreed
102550,agreed
238813,unrelated
78091,unrelated
58207,unrelated
141289,agreed
75741,unrelated
214308,agreed
42090,unrelated
263609,unrelated
12681,unrelated
38661,agreed
2855,agreed
311256,agreed
128473,unrelated
298100,unrelated
151080,unrelated
10549,agreed
105932,unrelated
281520,unrelated
13114,unrelated
298636,unrelated
266208,agreed
227293,unrelated
111759,unrelated
2633,agreed
195161,agreed
90674,unrelated
61082,unrelated
269845,agreed
290310,unrelated
306296,unrelated
57586,agreed
75819,unrelated
248294,unrelated
223303,disagreed
335,unrelated
314225,agreed
194427,agreed
184178,unrelated
5667,unrelated
202153,unrelated
210071,unrelated
311581,agreed
124823,agreed
307905,unrelated
195501,agreed
150742,unrelated
184539,unrelated
204565,unrelated
153033,unrelated
264158,unrelated
24246,disagreed
61478,agreed
67715,unrelated
267098,agreed
60106,unrelated
156790,unrelated
254020,agreed
285668,unrelated
6167,unrelated
50946,agreed
307343,unrelated
82141,unrelated
163661,unrelated
242438,disagreed
265363,agreed
306262,unrelated
269564,agreed
312717,unrelated
124955,unrelated
202943,unrelated
35703,agreed
65041,unrelated
285660,unrelated
306145,agreed
259772,unrelated
45526,agreed
281831,agreed
227656,agreed
222125,unrelated
105347,unrelated
131747,unrelated
36735,unrelated
216378,unrelated
246535,unrelated
148705,agreed
255207,unrelated
58163,unrelated
38379,unrelated
157211,agreed
91785,agreed
303631,agreed
24342,unrelated
238047,unrelated
192182,unrelated
241890,unrelated
248073,unrelated
112102,unrelated
53467,agreed
173353,unrelated
284692,unrelated
246850,agreed
236475,unrelated
119307,agreed
136498,agreed
70199,agreed
155863,agreed
162849,unrelated
198188,unrelated
300053,unrelated
292203,unrelated
158507,agreed
240222,unrelated
244408,agreed
287017,unrelated
164090,agreed
98152,unrelated
131544,unrelated
222971,disagreed
219153,agreed
94785,unrelated
111846,unrelated
219456,unrelated
242202,unrelated
42027,unrelated
97576,agreed
123373,agreed
291710,agreed
205483,unrelated
301719,unrelated
106735,agreed
110886,unrelated
261262,unrelated
280852,unrelated
141598,unrelated
149118,unrelated
101589,unrelated
150341,unrelated
272513,unrelated
119220,unrelated
203941,unrelated
200349,unrelated
114436,unrelated
64426,unrelated
307723,unrelated
118905,unrelated
207515,unrelated
60870,unrelated
244313,unrelated
181450,unrelated
53279,agreed
199990,unrelated
149549,agreed
286251,unrelated
148281,unrelated
98838,unrelated
79725,unrelated
223210,disagreed
199020,agreed
7700,unrelated
292604,unrelated
65683,unrelated
46976,unrelated
187999,unrelated
227964,unrelated
310706,agreed
193444,unrelated
157063,agreed
227030,agreed
214386,unrelated
93249,unrelated
288798,unrelated
90678,unrelated
139278,agreed
56763,unrelated
315523,agreed
50907,agreed
79653,unrelated
42569,unrelated
179555,agreed
229090,unrelated
113447,unrelated
286469,unrelated
44795,unrelated
146281,unrelated
100393,unrelated
77636,unrelated
97040,unrelated
5596,unrelated
187350,unrelated
114843,agreed
109454,unrelated
243504,unrelated
39906,unrelated
284600,unrelated
317455,agreed
90852,agreed
47751,unrelated
242216,unrelated
74480,unrelated
318504,unrelated
76821,unrelated
83622,agreed
181193,unrelated
16956,agreed
240439,agreed
45914,unrelated
196068,unrelated
246311,unrelated
23944,agreed
214486,unrelated
59777,agreed
246339,unrelated
202074,unrelated
299840,unrelated
13708,agreed
111996,unrelated
146104,agreed
278124,agreed
227353,unrelated
114836,agreed
39953,unrelated
19911,unrelated
240040,unrelated
120087,unrelated
59398,unrelated
164334,unrelated
18564,unrelated
117220,agreed
240035,unrelated
150176,unrelated
222042,unrelated
148547,unrelated
223598,disagreed
115999,unrelated
175825,unrelated
4949,unrelated
146247,agreed
236709,unrelated
316254,unrelated
312558,unrelated
262322,agreed
300624,unrelated
182555,unrelated
232380,agreed
234724,agreed
3310,unrelated
225778,unrelated
273129,unrelated
19323,unrelated
49551,unrelated
180495,unrelated
11570,unrelated
168426,unrelated
15533,agreed
196526,unrelated
18478,unrelated
36772,unrelated
177025,unrelated
15250,unrelated
99838,agreed
262979,unrelated
88403,agreed
25385,unrelated
84473,unrelated
5464,agreed
94561,unrelated
142974,unrelated
274380,unrelated
307747,agreed
55920,unrelated
14629,agreed
103136,agreed
52280,unrelated
181141,unrelated
295883,unrelated
141745,unrelated
10740,agreed
314833,agreed
121206,unrelated
63933,agreed
13967,unrelated
63061,unrelated
248243,unrelated
292121,unrelated
9979,unrelated
42481,unrelated
286795,agreed
183489,agreed
141087,unrelated
301791,agreed
181318,unrelated
98921,unrelated
3649,agreed
312754,agreed
317860,unrelated
222748,unrelated
278205,agreed
110251,agreed
31875,unrelated
226317,unrelated
258545,agreed
310735,agreed
133012,unrelated
294903,unrelated
256310,unrelated
73358,agreed
297286,unrelated
260936,unrelated
17227,unrelated
287834,unrelated
295545,unrelated
7228,unrelated
220408,unrelated
313974,unrelated
266373,unrelated
107941,unrelated
161601,unrelated
100712,unrelated
115702,unrelated
246661,unrelated
12762,unrelated
65111,agreed
47820,unrelated
93557,unrelated
85546,unrelated
160576,unrelated
269338,agreed
207076,agreed
249589,unrelated
121075,agreed
116200,agreed
79638,unrelated
142896,unrelated
100056,unrelated
218575,agreed
299850,unrelated
110230,unrelated
182922,agreed
119623,agreed
85312,unrelated
90333,agreed
308281,unrelated
174117,unrelated
148047,unrelated
56425,unrelated
11501,unrelated
160176,unrelated
38879,unrelated
268004,unrelated
11639,unrelated
107731,unrelated
87380,unrelated
174209,unrelated
128455,unrelated
224000,unrelated
64560,agreed
170903,agreed
286377,agreed
41845,unrelated
220659,agreed
224775,unrelated
56270,unrelated
247121,unrelated
280404,agreed
155284,unrelated
96398,agreed
125871,unrelated
315420,agreed
53725,unrelated
237922,unrelated
107800,unrelated
138607,unrelated
203530,unrelated
62123,unrelated
142562,agreed
206072,agreed
272783,unrelated
138204,unrelated
23482,unrelated
116994,agreed
288232,unrelated
260658,unrelated
71971,unrelated
146921,unrelated
262161,agreed
305658,unrelated
153127,unrelated
116842,agreed
96855,agreed
259922,unrelated
92760,unrelated
301655,agreed
207537,unrelated
270336,unrelated
284877,unrelated
131075,agreed
27033,unrelated
134424,unrelated
318980,unrelated
91754,agreed
6156,unrelated
276298,unrelated
287902,unrelated
49324,agreed
24725,agreed
243455,unrelated
46878,agreed
291323,unrelated
255386,agreed
289310,unrelated
81720,agreed
140634,agreed
161902,agreed
66086,unrelated
161231,agreed
160920,unrelated
113731,unrelated
76446,unrelated
315711,unrelated
241095,unrelated
48628,agreed
69300,unrelated
234446,agreed
20439,unrelated
72289,agreed
16038,unrelated
285873,agreed
314974,unrelated
219361,agreed
168564,unrelated
166325,unrelated
228302,unrelated
314253,unrelated
178502,unrelated
280435,unrelated
227859,unrelated
54110,unrelated
309242,unrelated
164369,unrelated
119102,unrelated
194273,agreed
143928,unrelated
31159,unrelated
90049,unrelated
60126,unrelated
19805,unrelated
52646,unrelated
27167,unrelated
74385,unrelated
283223,agreed
193290,agreed
44464,unrelated
190467,unrelated
85775,agreed
137684,agreed
197517,unrelated
71900,unrelated
175896,unrelated
159865,unrelated
132836,unrelated
209292,unrelated
38467,unrelated
271321,agreed
140112,agreed
196740,agreed
17856,unrelated
47084,disagreed
267600,agreed
188879,agreed
155830,unrelated
101358,unrelated
310424,unrelated
60240,unrelated
124031,unrelated
281832,agreed
29336,agreed
75752,unrelated
11034,unrelated
161726,unrelated
146640,agreed
157182,unrelated
51367,unrelated
131660,unrelated
72704,unrelated
217357,unrelated
156536,unrelated
268803,unrelated
314812,unrelated
23652,unrelated
131592,unrelated
94346,unrelated
180283,unrelated
295426,unrelated
98010,unrelated
282405,unrelated
208921,unrelated
181151,unrelated
158908,unrelated
54277,agreed
264448,unrelated
281003,agreed
269788,agreed
141542,unrelated
222078,unrelated
77809,unrelated
174937,agreed
187308,agreed
68541,agreed
273154,unrelated
13341,agreed
117373,unrelated
110958,unrelated
209684,unrelated
17489,unrelated
149559,unrelated
18894,unrelated
311459,unrelated
182182,unrelated
283123,unrelated
118299,unrelated
197967,agreed
264825,agreed
235504,unrelated
242833,unrelated
181632,unrelated
183333,agreed
54244,agreed
309555,unrelated
267922,agreed
312929,agreed
164081,unrelated
299950,unrelated
168576,unrelated
92940,unrelated
114605,unrelated
4335,unrelated
167332,unrelated
283567,unrelated
37287,agreed
191144,unrelated
160838,unrelated
251936,agreed
178076,disagreed
149035,unrelated
51166,unrelated
284027,unrelated
223994,unrelated
284244,unrelated
252626,agreed
39548,unrelated
267842,agreed
296075,agreed
221773,agreed
289415,agreed
256058,unrelated
3907,unrelated
142921,unrelated
225521,unrelated
248121,unrelated
176470,agreed
20815,agreed
285171,unrelated
189221,unrelated
271881,unrelated
220535,unrelated
116691,unrelated
68373,unrelated
47888,agreed
42242,unrelated
292758,unrelated
173238,agreed
251421,agreed
46521,unrelated
284899,unrelated
221420,unrelated
264599,unrelated
140935,unrelated
162246,unrelated
319807,unrelated
275676,agreed
299513,unrelated
261246,unrelated
260538,unrelated
110249,unrelated
107350,agreed
236,disagreed
246519,agreed
305133,unrelated
182671,agreed
34853,unrelated
72683,agreed
161323,unrelated
293767,unrelated
319189,unrelated
138313,unrelated
57641,agreed
162143,agreed
306956,unrelated
205398,agreed
110016,unrelated
291565,unrelated
162929,agreed
42392,agreed
311921,agreed
255131,unrelated
142867,unrelated
101778,unrelated
87637,agreed
259758,unrelated
315423,agreed
188235,unrelated
246517,unrelated
109201,unrelated
13962,unrelated
80271,agreed
131635,unrelated
43365,unrelated
132281,unrelated
216015,unrelated
128752,unrelated
241972,unrelated
138740,unrelated
284726,unrelated
254529,unrelated
184113,unrelated
320767,agreed
197903,unrelated
56560,unrelated
65810,unrelated
28551,unrelated
124575,agreed
198737,unrelated
51760,unrelated
18340,agreed
268942,unrelated
250670,unrelated
220203,unrelated
79388,unrelated
24850,unrelated
52890,unrelated
127066,unrelated
22409,unrelated
73641,agreed
146972,unrelated
9932,disagreed
165628,unrelated
126014,unrelated
15037,agreed
161976,unrelated
149458,agreed
232334,unrelated
229798,agreed
221545,unrelated
124315,agreed
37110,agreed
130551,unrelated
233157,disagreed
25737,unrelated
217172,agreed
63265,unrelated
261212,agreed
253254,unrelated
252880,unrelated
107216,agreed
146899,agreed
88189,agreed
272058,unrelated
115004,unrelated
121738,agreed
629,agreed
316013,agreed
135381,unrelated
271588,unrelated
124321,unrelated
249566,unrelated
94084,unrelated
153330,unrelated
103289,unrelated
316606,unrelated
39317,agreed
166347,disagreed
270098,agreed
51595,unrelated
147590,agreed
76456,agreed
303295,agreed
287435,unrelated
77701,agreed
180936,unrelated
196237,unrelated
156583,agreed
35823,agreed
559,agreed
125127,agreed
6216,unrelated
69939,unrelated
138167,agreed
220390,unrelated
268320,agreed
268273,unrelated
19519,agreed
128988,unrelated
139212,agreed
162221,agreed
84251,unrelated
118212,unrelated
145906,agreed
102593,agreed
154997,unrelated
132211,unrelated
98625,unrelated
9609,unrelated
228330,unrelated
264404,unrelated
115763,agreed
243592,unrelated
124124,unrelated
129676,unrelated
156771,agreed
47590,unrelated
77970,unrelated
140743,agreed
36517,agreed
317564,unrelated
276743,unrelated
30418,unrelated
40271,unrelated
198576,unrelated
239187,unrelated
209751,unrelated
272002,agreed
282579,agreed
194775,unrelated
296212,unrelated
127473,unrelated
286309,unrelated
232856,unrelated
278636,agreed
101275,unrelated
45070,unrelated
82419,agreed
268811,agreed
273964,unrelated
86935,unrelated
93533,agreed
1263,unrelated
303299,unrelated
32835,unrelated
186284,agreed
126657,unrelated
265727,agreed
310119,agreed
142738,agreed
188550,unrelated
84636,unrelated
310510,agreed
248973,unrelated
172012,unrelated
199297,unrelated
146947,unrelated
16606,unrelated
265507,agreed
296367,unrelated
122285,unrelated
209019,unrelated
167560,unrelated
21994,unrelated
123968,unrelated
167616,unrelated
263398,unrelated
109296,unrelated
83098,unrelated
107039,unrelated
185246,unrelated
192803,unrelated
2485,agreed
103875,unrelated
15540,agreed
243995,unrelated
33186,unrelated
175082,unrelated
291121,unrelated
123440,unrelated
116863,unrelated
285186,unrelated
116760,agreed
199100,unrelated
297461,unrelated
49846,agreed
234615,unrelated
300333,unrelated
171965,unrelated
106567,unrelated
106572,unrelated
156461,unrelated
26214,unrelated
13092,unrelated
174805,unrelated
99929,unrelated
27138,agreed
40153,unrelated
70203,agreed
109514,unrelated
146991,unrelated
202850,agreed
45429,unrelated
63589,unrelated
251630,unrelated
52116,unrelated
177380,agreed
108465,unrelated
90384,unrelated
131325,unrelated
69006,unrelated
11146,agreed
86215,unrelated
25740,unrelated
250001,unrelated
92656,agreed
7181,unrelated
212465,unrelated
108771,unrelated
45079,agreed
93905,agreed
147754,unrelated
61429,disagreed
44463,unrelated
162645,unrelated
284171,agreed
316329,unrelated
314355,unrelated
55438,unrelated
135017,unrelated
298865,unrelated
23057,unrelated
109004,unrelated
62416,unrelated
24699,unrelated
146670,agreed
256435,unrelated
210430,unrelated
62437,agreed
143629,agreed
65465,unrelated
108568,unrelated
49507,agreed
24122,agreed
157154,unrelated
275430,unrelated
147830,unrelated
136436,agreed
7427,unrelated
256273,unrelated
282410,unrelated
130877,agreed
240885,unrelated
91453,unrelated
263102,agreed
90496,unrelated
112657,unrelated
311205,agreed
33015,unrelated
25814,unrelated
221041,agreed
28361,unrelated
233044,unrelated
14776,unrelated
193252,unrelated
272157,unrelated
25965,unrelated
169080,unrelated
65604,unrelated
224241,unrelated
118178,agreed
144761,unrelated
33317,agreed
279384,unrelated
143676,unrelated
211916,unrelated
14822,unrelated
262155,agreed
250586,unrelated
111767,unrelated
27817,unrelated
88126,agreed
179023,unrelated
72532,unrelated
23579,unrelated
125310,unrelated
133234,unrelated
172786,unrelated
105391,unrelated
6797,unrelated
37342,agreed
101330,unrelated
30877,unrelated
262677,unrelated
182432,unrelated
159126,agreed
144031,unrelated
233406,unrelated
47565,unrelated
243413,agreed
22755,unrelated
298578,unrelated
1231,unrelated
109064,unrelated
224624,unrelated
288561,unrelated
249420,unrelated
280902,unrelated
98783,agreed
300820,disagreed
251589,unrelated
45580,agreed
849,disagreed
136318,unrelated
100274,unrelated
203077,agreed
211688,disagreed
269356,agreed
166076,unrelated
16693,unrelated
152091,unrelated
181284,agreed
79964,unrelated
3643,agreed
314116,agreed
129535,unrelated
127461,unrelated
17684,unrelated
67871,unrelated
51553,unrelated
310990,unrelated
256274,agreed
166682,unrelated
168108,unrelated
145035,unrelated
268050,agreed
99854,agreed
314605,agreed
91791,agreed
191183,unrelated
172358,agreed
271849,agreed
197583,agreed
98628,unrelated
67526,unrelated
39402,agreed
188195,agreed
84515,unrelated
61520,unrelated
210507,unrelated
35192,unrelated
125263,unrelated
17089,unrelated
62654,unrelated
186607,unrelated
29356,agreed
317557,unrelated
50714,unrelated
168999,agreed
139494,unrelated
271992,unrelated
269448,agreed
99338,unrelated
251525,agreed
211480,unrelated
255044,agreed
132247,unrelated
306455,unrelated
197450,unrelated
249144,agreed
64585,agreed
308324,unrelated
188991,unrelated
223530,disagreed
17807,unrelated
310262,agreed
85189,unrelated
298620,unrelated
140903,agreed
105900,unrelated
14762,unrelated
240964,unrelated
136984,unrelated
110584,unrelated
38456,unrelated
105827,unrelated
96068,unrelated
241477,unrelated
145851,agreed
174723,agreed
143832,unrelated
230831,unrelated
288273,unrelated
112013,unrelated
104540,unrelated
118018,unrelated
130756,unrelated
113681,unrelated
137874,unrelated
201497,unrelated
136781,agreed
316727,unrelated
94864,unrelated
34799,unrelated
171899,unrelated
188612,unrelated
290952,unrelated
145796,unrelated
301877,agreed
303312,unrelated
170833,agreed
262824,unrelated
222031,unrelated
7631,agreed
251754,unrelated
2013,agreed
218883,unrelated
285359,unrelated
60244,unrelated
57268,agreed
193524,unrelated
34942,unrelated
256546,unrelated
6294,unrelated
259875,unrelated
78538,unrelated
35483,unrelated
42330,agreed
137600,unrelated
134448,agreed
12055,unrelated
141633,unrelated
57926,unrelated
320153,agreed
32209,unrelated
250012,unrelated
171425,unrelated
148312,unrelated
98187,unrelated
165459,unrelated
144609,agreed
198816,unrelated
244551,unrelated
217478,unrelated
237224,unrelated
188129,unrelated
266522,unrelated
50370,unrelated
266894,unrelated
37244,agreed
26626,unrelated
5299,unrelated
199458,unrelated
38393,unrelated
36041,unrelated
305027,agreed
12854,unrelated
103674,agreed
263336,agreed
297923,unrelated
211301,disagreed
13660,unrelated
4496,unrelated
109840,unrelated
116451,unrelated
59958,unrelated
198538,unrelated
317763,unrelated
185171,unrelated
123613,unrelated
272539,unrelated
314325,unrelated
63992,unrelated
7484,agreed
231979,unrelated
78554,unrelated
218732,unrelated
93396,agreed
148009,unrelated
171582,unrelated
86855,unrelated
280991,agreed
127617,agreed
223347,disagreed
182934,unrelated
256543,agreed
139896,agreed
286990,unrelated
246514,unrelated
137816,agreed
63704,unrelated
33610,unrelated
280096,unrelated
207850,unrelated
45065,unrelated
238371,agreed
291184,unrelated
95170,unrelated
267070,agreed
65676,unrelated
199394,unrelated
142560,agreed
93619,unrelated
243601,unrelated
266721,unrelated
112308,unrelated
68809,agreed
239889,unrelated
315065,agreed
208767,unrelated
209766,unrelated
177231,agreed
74545,unrelated
288,unrelated
298336,unrelated
198206,agreed
250879,agreed
211969,unrelated
224554,unrelated
284040,unrelated
245820,unrelated
316087,unrelated
187298,unrelated
145863,unrelated
4416,unrelated
293859,unrelated
173219,unrelated
256327,unrelated
53604,unrelated
99825,unrelated
52418,agreed
288619,unrelated
156292,unrelated
201761,agreed
213652,unrelated
222120,unrelated
112483,agreed
121740,agreed
13056,unrelated
249070,unrelated
142114,agreed
27707,unrelated
229643,agreed
317295,unrelated
113959,unrelated
297871,unrelated
290028,agreed
189475,unrelated
53593,unrelated
277773,agreed
225818,unrelated
228706,agreed
187665,unrelated
243875,unrelated
98047,unrelated
171773,unrelated
200998,unrelated
281683,unrelated
288042,unrelated
186163,agreed
143197,agreed
258543,agreed
56166,unrelated
159108,unrelated
301578,unrelated
104938,unrelated
89256,unrelated
137953,unrelated
219765,unrelated
312409,agreed
235774,unrelated
299032,unrelated
243668,unrelated
280464,unrelated
176570,agreed
145081,unrelated
92845,agreed
128126,unrelated
46546,unrelated
124074,unrelated
275962,agreed
246955,unrelated
133016,unrelated
167651,unrelated
54145,unrelated
177906,agreed
69312,unrelated
163090,agreed
173006,unrelated
255861,unrelated
243750,agreed
54842,unrelated
252828,unrelated
62020,unrelated
97219,unrelated
56764,unrelated
244758,agreed
110370,disagreed
174379,unrelated
132942,unrelated
102525,agreed
103663,unrelated
112784,unrelated
111567,unrelated
59228,agreed
152236,unrelated
50483,unrelated
209316,unrelated
189163,unrelated
195856,agreed
94359,agreed
168796,unrelated
216688,unrelated
23365,unrelated
70517,agreed
108180,unrelated
65747,unrelated
243864,unrelated
152228,unrelated
124944,unrelated
240326,unrelated
93185,unrelated
147496,unrelated
42972,disagreed
61409,unrelated
190562,disagreed
218003,agreed
235643,agreed
115691,unrelated
203647,unrelated
258735,agreed
207733,unrelated
16240,agreed
92765,unrelated
292033,unrelated
138178,agreed
39066,unrelated
224309,unrelated
100639,agreed
261985,unrelated
223563,disagreed
320484,unrelated
240102,unrelated
22014,agreed
222942,unrelated
36468,unrelated
205733,agreed
128709,agreed
136529,agreed
118656,unrelated
80790,agreed
253324,agreed
208091,agreed
314084,agreed
295591,unrelated
283307,agreed
304895,unrelated
185186,unrelated
18507,unrelated
88816,unrelated
99441,unrelated
52082,agreed
315799,unrelated
184935,unrelated
24689,unrelated
13336,unrelated
62435,unrelated
177063,agreed
116409,agreed
294897,unrelated
226074,agreed
88685,agreed
77803,agreed
228606,agreed
225043,unrelated
53902,unrelated
136397,agreed
49128,agreed
180013,agreed
175960,agreed
70600,unrelated
76255,agreed
297107,unrelated
309073,unrelated
141313,unrelated
190628,unrelated
301467,unrelated
89049,unrelated
68253,unrelated
237337,unrelated
268974,agreed
275821,unrelated
69891,agreed
200846,unrelated
115041,unrelated
230398,unrelated
127057,unrelated
319539,unrelated
93380,unrelated
204090,unrelated
107209,unrelated
24053,unrelated
11714,disagreed
15213,agreed
75609,disagreed
72895,unrelated
132034,unrelated
213384,unrelated
69072,unrelated
133523,agreed
170665,unrelated
316044,agreed
292271,agreed
53623,unrelated
141707,unrelated
265456,unrelated
42194,agreed
118827,unrelated
303409,unrelated
170510,agreed
219802,unrelated
192820,unrelated
201110,unrelated
205014,unrelated
196957,unrelated
75175,unrelated
64405,unrelated
120251,agreed
70743,unrelated
15487,agreed
48340,agreed
59217,unrelated
103307,agreed
108037,agreed
296973,unrelated
298842,unrelated
258738,agreed
271016,unrelated
287468,unrelated
42448,agreed
102279,unrelated
45418,agreed
219015,unrelated
48109,unrelated
283128,unrelated
28429,unrelated
291094,unrelated
53151,unrelated
224824,agreed
95473,unrelated
8353,unrelated
87690,unrelated
231675,unrelated
206300,agreed
26129,agreed
11367,agreed
70236,unrelated
127198,unrelated
102061,agreed
248424,unrelated
260039,unrelated
317899,unrelated
266298,unrelated
270125,agreed
281813,unrelated
221287,unrelated
51699,unrelated
170904,unrelated
191806,agreed
170014,unrelated
57793,unrelated
24768,agreed
97969,agreed
252861,unrelated
175444,agreed
254960,unrelated
142072,unrelated
158275,unrelated
126370,unrelated
229945,unrelated
54092,unrelated
114452,unrelated
254335,agreed
257173,unrelated
232982,unrelated
78485,unrelated
10544,unrelated
38761,unrelated
317655,unrelated
8761,unrelated
6025,disagreed
137974,unrelated
199395,unrelated
290464,unrelated
122945,agreed
35695,unrelated
163098,agreed
211451,unrelated
104612,unrelated
179628,unrelated
83567,unrelated
77150,agreed
149927,unrelated
59903,unrelated
226060,agreed
173893,agreed
144180,agreed
150452,agreed
309088,unrelated
249435,agreed
14622,unrelated
232483,unrelated
163864,unrelated
37221,unrelated
82621,agreed
271081,agreed
31280,agreed
69713,unrelated
244719,unrelated
162611,unrelated
57509,agreed
35953,unrelated
183042,unrelated
47410,unrelated
178907,unrelated
259928,unrelated
201636,unrelated
41738,disagreed
307767,agreed
312575,unrelated
122188,unrelated
86429,agreed
320550,unrelated
179539,unrelated
230588,unrelated
174326,agreed
153365,unrelated
85923,unrelated
86881,agreed
9787,agreed
142156,unrelated
264083,unrelated
64484,agreed
201136,unrelated
56569,unrelated
241615,unrelated
263526,unrelated
71366,unrelated
134453,agreed
128759,unrelated
153083,unrelated
264438,unrelated
179789,unrelated
289601,unrelated
219991,agreed
140123,agreed
141734,unrelated
287248,unrelated
261937,agreed
185195,unrelated
301551,unrelated
233139,unrelated
178641,unrelated
303793,unrelated
62633,unrelated
36062,unrelated
210189,unrelated
127657,agreed
233892,agreed
272480,unrelated
170394,unrelated
94111,unrelated
11606,unrelated
119151,agreed
45721,agreed
9650,unrelated
85787,agreed
180471,unrelated
240130,unrelated
230319,unrelated
164765,agreed
81846,unrelated
100934,unrelated
314716,unrelated
196497,unrelated
251743,unrelated
311652,agreed
193477,agreed
76868,unrelated
98108,unrelated
302805,unrelated
27275,unrelated
173458,unrelated
310668,agreed
307296,agreed
204202,unrelated
278370,unrelated
314827,unrelated
195667,unrelated
181618,unrelated
262993,unrelated
262167,agreed
305688,unrelated
262122,unrelated
113288,unrelated
154376,unrelated
83670,disagreed
267095,unrelated
49620,unrelated
292838,unrelated
302361,agreed
160912,unrelated
97659,unrelated
286892,unrelated
113169,agreed
140141,agreed
162842,unrelated
196966,unrelated
273206,unrelated
1486,agreed
319214,unrelated
313188,unrelated
50311,unrelated
129466,unrelated
256148,unrelated
233794,unrelated
312085,unrelated
49201,unrelated
122140,agreed
285776,agreed
19306,unrelated
130479,unrelated
41500,unrelated
280675,unrelated
133041,unrelated
291008,unrelated
304576,unrelated
277888,unrelated
179391,unrelated
293264,unrelated
2935,unrelated
162100,unrelated
91062,unrelated
273305,disagreed
217176,agreed
285609,unrelated
244779,agreed
73464,unrelated
37109,agreed
210488,agreed
287730,unrelated
100160,unrelated
124385,unrelated
27350,unrelated
149737,unrelated
222856,agreed
82660,unrelated
306591,unrelated
223332,agreed
195060,unrelated
263722,unrelated
214231,unrelated
60082,unrelated
268678,unrelated
69917,unrelated
113128,unrelated
229545,unrelated
238543,unrelated
260017,agreed
284672,agreed
271017,unrelated
122236,unrelated
141566,unrelated
22065,unrelated
258375,disagreed
109017,unrelated
76676,unrelated
221251,agreed
284874,unrelated
288590,unrelated
230425,unrelated
234640,unrelated
282705,agreed
61901,unrelated
5291,agreed
217417,unrelated
295507,unrelated
41455,agreed
186270,agreed
315709,unrelated
98327,unrelated
297497,unrelated
142197,unrelated
185615,unrelated
274869,agreed
301064,agreed
181396,unrelated
28237,unrelated
119456,unrelated
237788,unrelated
89232,agreed
135496,agreed
275792,unrelated
259871,agreed
161095,unrelated
193340,unrelated
257296,unrelated
94804,unrelated
34675,disagreed
301689,unrelated
1449,unrelated
68239,unrelated
258340,agreed
44838,unrelated
16529,agreed
161491,agreed
228178,unrelated
233244,unrelated
260006,disagreed
140066,unrelated
155039,agreed
167083,unrelated
164975,disagreed
18692,unrelated
129638,unrelated
82771,agreed
127764,unrelated
222574,unrelated
96247,unrelated
263908,agreed
217166,agreed
275378,unrelated
286521,unrelated
238135,agreed
258301,unrelated
301449,unrelated
147427,unrelated
314375,unrelated
295715,unrelated
282167,unrelated
95406,unrelated
270768,unrelated
234264,unrelated
126716,agreed
12551,unrelated
314046,agreed
190817,unrelated
264718,unrelated
23263,unrelated
132207,agreed
119244,unrelated
176051,unrelated
88008,unrelated
210598,agreed
234926,unrelated
2472,agreed
297699,unrelated
1322,unrelated
272368,unrelated
52770,unrelated
194800,agreed
246895,agreed
266928,agreed
177562,agreed
230954,unrelated
58809,unrelated
288768,unrelated
71568,unrelated
237870,unrelated
123411,agreed
254827,agreed
235235,unrelated
4387,unrelated
267390,unrelated
107573,unrelated
39468,agreed
225824,unrelated
217820,unrelated
136731,unrelated
277074,agreed
267286,agreed
151082,agreed
23222,unrelated
84343,unrelated
312626,unrelated
194201,agreed
145272,agreed
234925,unrelated
320672,agreed
267839,agreed
195368,agreed
160253,unrelated
57244,agreed
207477,unrelated
305123,agreed
201688,unrelated
292038,unrelated
42107,unrelated
51976,unrelated
171415,agreed
142895,unrelated
284599,unrelated
291486,unrelated
66546,unrelated
165173,unrelated
97993,agreed
112848,agreed
18472,unrelated
269872,agreed
62834,unrelated
184683,unrelated
283126,unrelated
237903,unrelated
285105,unrelated
246524,agreed
130004,unrelated
136572,unrelated
67523,unrelated
316117,unrelated
133311,unrelated
195393,unrelated
162659,agreed
116604,agreed
289955,unrelated
195361,unrelated
266681,agreed
155832,agreed
315185,unrelated
108315,agreed
144454,unrelated
91575,unrelated
163965,unrelated
53207,unrelated
170012,unrelated
312272,unrelated
84296,agreed
226726,agreed
123536,unrelated
89480,unrelated
229961,agreed
87992,unrelated
305816,unrelated
73660,agreed
109031,disagreed
257923,unrelated
97727,unrelated
141822,unrelated
119070,unrelated
3561,agreed
69622,unrelated
5113,unrelated
175657,unrelated
157931,agreed
4108,unrelated
234712,unrelated
136340,disagreed
204698,agreed
261695,unrelated
214297,unrelated
60450,unrelated
52062,agreed
101875,unrelated
106409,unrelated
14893,agreed
307308,unrelated
88281,unrelated
97529,unrelated
192232,unrelated
91628,unrelated
28174,unrelated
108749,agreed
120117,unrelated
173427,unrelated
33180,agreed
234980,unrelated
8827,unrelated
110027,unrelated
29045,unrelated
12994,unrelated
172156,unrelated
169698,unrelated
163204,unrelated
23257,unrelated
56299,agreed
11009,unrelated
6112,unrelated
317888,agreed
146517,agreed
134283,unrelated
307918,unrelated
160560,unrelated
123342,unrelated
174416,agreed
103580,unrelated
237308,unrelated
102544,agreed
312609,unrelated
158124,agreed
300640,unrelated
242898,unrelated
187933,unrelated
40196,unrelated
109420,unrelated
222590,unrelated
259393,unrelated
29704,unrelated
204900,unrelated
230654,agreed
274690,unrelated
249962,unrelated
153650,unrelated
38814,unrelated
296960,unrelated
236139,unrelated
107908,disagreed
112052,unrelated
141359,agreed
113482,unrelated
67210,agreed
281050,unrelated
34354,agreed
308263,agreed
115255,unrelated
201695,unrelated
7435,unrelated
276722,unrelated
70154,unrelated
257158,unrelated
2417,unrelated
205368,unrelated
180959,unrelated
50255,agreed
91468,agreed
117993,unrelated
97785,unrelated
208510,agreed
23211,unrelated
126617,unrelated
151182,unrelated
65080,unrelated
208641,agreed
296354,unrelated
91746,agreed
217713,agreed
25663,unrelated
288937,unrelated
296269,unrelated
174683,unrelated
255986,unrelated
114808,unrelated
172197,unrelated
265890,agreed
143061,unrelated
274721,agreed
272493,unrelated
106375,unrelated
106941,unrelated
15188,unrelated
313349,unrelated
114397,agreed
90547,unrelated
297291,unrelated
110505,unrelated
50535,unrelated
81109,unrelated
194481,unrelated
282573,unrelated
10464,unrelated
171508,unrelated
87569,agreed
228543,unrelated
112885,unrelated
94205,unrelated
134883,unrelated
114269,unrelated
112979,unrelated
133298,agreed
81865,unrelated
108833,agreed
126452,unrelated
88320,agreed
24549,unrelated
310088,unrelated
266400,unrelated
221418,agreed
211815,unrelated
298672,unrelated
19135,unrelated
17818,agreed
61809,agreed
79484,unrelated
244442,unrelated
141028,agreed
231368,unrelated
250487,unrelated
142065,unrelated
115653,unrelated
53057,unrelated
225852,unrelated
176592,unrelated
95806,unrelated
22140,unrelated
273116,unrelated
226853,unrelated
66194,unrelated
208072,unrelated
57303,agreed
168996,agreed
141340,unrelated
191366,unrelated
91953,unrelated
288411,unrelated
252425,unrelated
200292,agreed
77204,unrelated
80067,unrelated
185547,unrelated
107855,unrelated
106517,agreed
273302,disagreed
195174,unrelated
13625,unrelated
54292,unrelated
315885,unrelated
148840,unrelated
33845,unrelated
127339,disagreed
121873,agreed
17290,unrelated
107038,unrelated
54360,unrelated
66327,agreed
244514,unrelated
77583,unrelated
16738,unrelated
182356,unrelated
19917,unrelated
104669,agreed
3237,agreed
102810,unrelated
98027,unrelated
983,unrelated
241348,agreed
117131,agreed
75316,agreed
225163,unrelated
58974,unrelated
252877,unrelated
68381,unrelated
234484,agreed
78045,agreed
111569,unrelated
165566,unrelated
151715,unrelated
177582,unrelated
166506,unrelated
309703,unrelated
216196,unrelated
149356,unrelated
131003,unrelated
193195,unrelated
236111,unrelated
156926,unrelated
303596,unrelated
48539,unrelated
101553,unrelated
308635,agreed
182171,unrelated
156865,agreed
229852,unrelated
235826,unrelated
231362,unrelated
114044,unrelated
271312,agreed
227264,unrelated
58096,unrelated
65453,unrelated
240345,agreed
102162,unrelated
45177,unrelated
56326,agreed
293856,unrelated
261718,agreed
64582,agreed
175677,unrelated
155921,unrelated
80452,unrelated
208354,unrelated
81201,unrelated
241801,agreed
180945,agreed
312967,agreed
160604,agreed
26880,unrelated
37001,unrelated
320684,unrelated
3608,unrelated
35417,unrelated
302423,agreed
251300,unrelated
100429,unrelated
217884,unrelated
264557,unrelated
11658,unrelated
29586,agreed
180559,unrelated
155265,unrelated
118504,unrelated
208859,unrelated
79600,agreed
272336,unrelated
215286,agreed
174333,unrelated
312543,unrelated
234139,unrelated
263269,unrelated
159897,unrelated
236366,agreed
284856,agreed
129157,agreed
113092,agreed
8372,unrelated
276330,unrelated
266145,unrelated
49926,agreed
17126,unrelated
239903,unrelated
196317,agreed
40749,agreed
255076,unrelated
293287,unrelated
218386,unrelated
248409,unrelated
138985,agreed
248159,unrelated
272016,agreed
185257,agreed
91891,agreed
119493,unrelated
45542,agreed
144220,unrelated
63961,unrelated
67694,unrelated
60407,unrelated
109563,unrelated
110853,agreed
28704,agreed
269611,agreed
219667,unrelated
8711,unrelated
140050,unrelated
286245,unrelated
318115,unrelated
163535,unrelated
93746,agreed
18227,unrelated
189018,unrelated
14713,unrelated
234176,unrelated
13267,unrelated
45533,unrelated
30718,unrelated
182302,unrelated
89569,unrelated
317619,agreed
116003,unrelated
69097,agreed
275368,unrelated
32923,unrelated
4518,unrelated
165335,unrelated
315754,unrelated
116444,unrelated
214156,agreed
106523,agreed
222668,unrelated
100599,agreed
83879,unrelated
269305,agreed
225983,unrelated
234898,unrelated
152685,unrelated
211117,unrelated
282589,agreed
131776,unrelated
122780,unrelated
169695,unrelated
201974,unrelated
199596,unrelated
31618,unrelated
174476,unrelated
168939,unrelated
185351,unrelated
283542,agreed
76280,unrelated
140732,agreed
238720,agreed
189682,unrelated
179827,agreed
29595,unrelated
266743,unrelated
189476,unrelated
123293,unrelated
76503,agreed
77894,agreed
123081,unrelated
15377,agreed
251512,agreed
316584,unrelated
48534,unrelated
267896,agreed
290660,unrelated
25260,unrelated
36661,unrelated
83898,unrelated
303264,unrelated
190432,unrelated
319804,unrelated
160054,unrelated
239586,agreed
316106,agreed
279704,agreed
136658,unrelated
276470,agreed
236017,agreed
273501,unrelated
8659,unrelated
205375,unrelated
199884,unrelated
49368,agreed
244017,unrelated
185042,agreed
5768,unrelated
221772,unrelated
45967,unrelated
30817,unrelated
232354,agreed
212331,unrelated
141620,agreed
44325,unrelated
65207,agreed
39267,unrelated
87680,disagreed
310132,unrelated
243786,agreed
227443,unrelated
61101,agreed
59691,unrelated
203431,unrelated
313050,unrelated
228443,unrelated
254710,unrelated
226746,agreed
7878,unrelated
180555,unrelated
130596,unrelated
35717,unrelated
43844,unrelated
275648,unrelated
52313,unrelated
184648,unrelated
148417,unrelated
14520,agreed
278128,agreed
302313,unrelated
311279,agreed
298453,unrelated
56183,unrelated
279592,unrelated
246827,agreed
305766,unrelated
16725,agreed
38401,unrelated
51037,unrelated
210148,unrelated
261219,unrelated
99106,agreed
96442,unrelated
289341,unrelated
41476,agreed
199426,unrelated
181484,unrelated
250429,unrelated
46883,unrelated
102128,unrelated
268960,unrelated
139367,unrelated
182882,unrelated
3494,agreed
30218,unrelated
135302,unrelated
169491,unrelated
188268,agreed
156881,unrelated
297759,unrelated
130673,unrelated
265268,unrelated
130073,agreed
141864,unrelated
11673,unrelated
306424,agreed
145253,unrelated
68843,agreed
55984,agreed
1860,unrelated
223409,agreed
16075,unrelated
37556,unrelated
170732,unrelated
101667,unrelated
138688,unrelated
194955,unrelated
205761,unrelated
203948,unrelated
304260,unrelated
235035,unrelated
256665,unrelated
18557,unrelated
70430,unrelated
134180,unrelated
318440,unrelated
149628,unrelated
139804,unrelated
217330,unrelated
293235,unrelated
7063,disagreed
182733,agreed
284361,unrelated
28788,unrelated
259775,unrelated
86623,unrelated
224969,unrelated
43536,unrelated
205827,unrelated
110803,unrelated
54556,agreed
285211,unrelated
123609,unrelated
229657,agreed
212774,agreed
183778,agreed
82579,unrelated
23553,unrelated
62446,unrelated
284042,unrelated
106553,unrelated
4553,agreed
173758,unrelated
76043,unrelated
144976,unrelated
311791,unrelated
192493,agreed
80824,agreed
295008,unrelated
215932,unrelated
113026,agreed
234994,unrelated
63971,unrelated
140623,agreed
302194,unrelated
313698,unrelated
1603,agreed
144922,unrelated
36373,unrelated
139273,agreed
300877,unrelated
38541,unrelated
43646,unrelated
226018,agreed
102716,unrelated
172843,agreed
40605,agreed
105919,unrelated
163694,unrelated
198773,unrelated
262700,agreed
46383,unrelated
107428,unrelated
280857,unrelated
172020,unrelated
292340,unrelated
52640,unrelated
34373,disagreed
305474,unrelated
80367,agreed
307028,agreed
117788,unrelated
70301,unrelated
33025,unrelated
123654,agreed
191421,agreed
291010,disagreed
171176,unrelated
80224,unrelated
279274,unrelated
121559,unrelated
176662,unrelated
227833,unrelated
29421,unrelated
191964,unrelated
242884,unrelated
141887,unrelated
265175,agreed
139524,unrelated
149378,agreed
87507,agreed
303411,unrelated
160993,unrelated
23318,unrelated
184203,unrelated
138941,unrelated
100550,unrelated
248423,unrelated
44341,unrelated
248183,unrelated
79627,unrelated
295714,unrelated
190965,unrelated
241189,unrelated
118407,unrelated
278039,unrelated
37032,unrelated
233724,unrelated
27197,unrelated
206935,unrelated
136855,unrelated
48943,agreed
69520,unrelated
146415,unrelated
163782,agreed
97062,unrelated
177758,unrelated
77126,unrelated
46708,unrelated
173384,agreed
207828,unrelated
3143,agreed
312883,agreed
90065,agreed
249103,unrelated
77358,agreed
63232,unrelated
274908,agreed
275599,agreed
89969,unrelated
43483,unrelated
208631,unrelated
216484,agreed
256078,unrelated
114027,unrelated
313914,unrelated
130791,agreed
271549,unrelated
49811,unrelated
304317,agreed
207002,disagreed
290427,unrelated
172937,unrelated
312521,unrelated
320121,agreed
277541,unrelated
2547,unrelated
19507,agreed
65145,agreed
221206,agreed
161521,agreed
158762,unrelated
144067,unrelated
63846,agreed
19900,unrelated
128384,unrelated
27034,unrelated
144711,agreed
207631,unrelated
55160,unrelated
137355,unrelated
102795,agreed
253019,unrelated
100013,unrelated
271802,agreed
151816,unrelated
306757,unrelated
240101,unrelated
264655,unrelated
258554,unrelated
62327,unrelated
78296,unrelated
149466,agreed
304856,unrelated
105751,unrelated
32096,unrelated
238672,unrelated
115491,agreed
214711,unrelated
170680,unrelated
299368,unrelated
313706,unrelated
301518,unrelated
203515,unrelated
211227,agreed
47899,agreed
250872,agreed
132472,unrelated
179110,unrelated
11741,agreed
70427,unrelated
111727,unrelated
63675,agreed
171978,unrelated
47660,agreed
107721,unrelated
24229,unrelated
129056,unrelated
12535,unrelated
109286,unrelated
37211,disagreed
98684,unrelated
90137,unrelated
134127,unrelated
65108,agreed
33598,unrelated
211061,unrelated
316306,unrelated
62413,unrelated
76250,agreed
83060,unrelated
177005,unrelated
288450,unrelated
109036,agreed
4662,unrelated
244701,unrelated
283199,unrelated
111197,unrelated
271127,agreed
182766,unrelated
131541,unrelated
250061,unrelated
309063,unrelated
243893,unrelated
51138,agreed
297905,unrelated
308971,unrelated
98446,unrelated
165730,unrelated
49106,agreed
187887,unrelated
279501,agreed
167470,agreed
227260,unrelated
4819,unrelated
106614,unrelated
135502,unrelated
72303,unrelated
78932,unrelated
176015,agreed
72571,unrelated
32191,unrelated
250105,unrelated
146756,unrelated
172166,unrelated
272007,unrelated
78176,agreed
259553,agreed
71969,agreed
126756,unrelated
286339,unrelated
107770,unrelated
289187,unrelated
238205,unrelated
188327,agreed
83287,agreed
298175,unrelated
141367,agreed
289394,unrelated
164795,agreed
271170,agreed
25890,agreed
183822,agreed
234977,unrelated
18202,disagreed
36400,unrelated
153493,unrelated
235658,agreed
3160,unrelated
259612,unrelated
231175,unrelated
137010,unrelated
209459,unrelated
119252,unrelated
141642,agreed
32010,unrelated
7238,unrelated
240275,unrelated
314238,agreed
297595,unrelated
117016,unrelated
201722,unrelated
197665,agreed
310626,unrelated
75935,unrelated
26618,unrelated
312807,agreed
213020,unrelated
155198,unrelated
113633,unrelated
140717,unrelated
74881,unrelated
16101,unrelated
232033,unrelated
42553,unrelated
241677,unrelated
41161,unrelated
75280,unrelated
210937,unrelated
105881,agreed
9082,unrelated
202699,unrelated
99266,unrelated
52367,unrelated
233949,unrelated
218624,agreed
187785,unrelated
318614,unrelated
315212,unrelated
139741,unrelated
174784,agreed
318785,unrelated
150345,unrelated
61204,unrelated
56963,unrelated
166251,agreed
158289,unrelated
229890,unrelated
224215,unrelated
201216,unrelated
15059,agreed
97996,agreed
289404,agreed
301329,unrelated
135427,agreed
310842,agreed
109749,unrelated
167698,unrelated
110438,unrelated
216584,unrelated
164985,unrelated
56294,unrelated
141177,unrelated
86163,unrelated
44237,agreed
200407,unrelated
126283,unrelated
143730,agreed
280475,unrelated
114409,agreed
147171,agreed
243831,unrelated
22242,unrelated
76080,unrelated
287019,unrelated
16465,unrelated
260718,unrelated
33895,unrelated
113217,unrelated
211512,agreed
212333,agreed
124762,agreed
155606,unrelated
136522,agreed
29510,unrelated
223039,unrelated
39384,agreed
207646,unrelated
304787,unrelated
104925,unrelated
309790,agreed
263917,agreed
144490,unrelated
209690,unrelated
197743,unrelated
211270,disagreed
251755,unrelated
283149,unrelated
277781,unrelated
7851,unrelated
95483,unrelated
45432,unrelated
202721,agreed
186514,unrelated
99433,unrelated
189768,agreed
83459,unrelated
159926,unrelated
207435,disagreed
232871,agreed
86219,unrelated
262006,unrelated
257307,unrelated
221764,agreed
12737,unrelated
230750,unrelated
82068,unrelated
289398,agreed
19810,unrelated
100186,disagreed
108134,agreed
183687,agreed
44120,unrelated
95779,agreed
93615,unrelated
201787,agreed
208094,unrelated
231771,unrelated
283583,unrelated
188248,agreed
136970,unrelated
218480,unrelated
142034,agreed
229697,unrelated
7235,unrelated
288503,unrelated
205470,unrelated
293972,unrelated
65075,unrelated
67636,agreed
223837,unrelated
12732,unrelated
50078,unrelated
2813,unrelated
27555,unrelated
261027,unrelated
210813,unrelated
309600,unrelated
84798,agreed
235945,unrelated
31069,unrelated
221346,agreed
13840,agreed
47464,unrelated
54250,agreed
292903,unrelated
22917,unrelated
290503,unrelated
251416,unrelated
61536,agreed
203994,unrelated
79221,unrelated
203066,unrelated
22993,unrelated
239709,unrelated
79519,unrelated
122954,agreed
4682,unrelated
148250,unrelated
309310,unrelated
117338,unrelated
115107,unrelated
205397,agreed
307756,unrelated
34366,unrelated
230581,unrelated
57506,agreed
124087,unrelated
154880,agreed
30196,unrelated
109240,unrelated
200794,unrelated
90216,unrelated
92255,unrelated
85917,agreed
151475,unrelated
152177,unrelated
224926,unrelated
74773,agreed
176199,unrelated
131888,unrelated
302798,unrelated
219119,agreed
252911,unrelated
26040,unrelated
311827,unrelated
88957,unrelated
203597,unrelated
179976,unrelated
20392,unrelated
197000,unrelated
196628,unrelated
242914,unrelated
20145,agreed
47027,unrelated
140755,agreed
18591,unrelated
224681,unrelated
225067,agreed
286348,unrelated
272720,unrelated
48203,unrelated
58001,unrelated
154624,agreed
243361,agreed
111572,unrelated
192362,agreed
303617,unrelated
3983,unrelated
39833,unrelated
118951,unrelated
194722,unrelated
1150,unrelated
88616,unrelated
238554,unrelated
193033,unrelated
46726,unrelated
226731,agreed
307269,disagreed
245289,unrelated
212593,unrelated
121012,agreed
285027,unrelated
80145,unrelated
234904,unrelated
320206,unrelated
51318,agreed
170024,unrelated
218445,agreed
220178,unrelated
256014,unrelated
60535,unrelated
268884,unrelated
241620,unrelated
133005,unrelated
25335,unrelated
240233,unrelated
320431,unrelated
286147,unrelated
152287,disagreed
83398,unrelated
125119,agreed
40427,unrelated
153451,agreed
240033,unrelated
100698,unrelated
211707,unrelated
140540,agreed
64041,disagreed
201279,unrelated
157204,unrelated
19227,unrelated
60238,unrelated
263201,unrelated
207105,unrelated
154529,unrelated
214580,agreed
164114,unrelated
131558,agreed
66135,agreed
264505,unrelated
80437,unrelated
43304,unrelated
147736,unrelated
268776,agreed
86175,unrelated
62007,unrelated
213143,unrelated
150479,unrelated
255433,agreed
16028,unrelated
201280,unrelated
274984,unrelated
162605,unrelated
6366,unrelated
103912,agreed
244644,unrelated
126341,agreed
110347,unrelated
133589,agreed
116046,unrelated
226992,unrelated
318901,unrelated
140968,agreed
140793,agreed
283124,unrelated
170910,unrelated
293091,unrelated
129610,disagreed
180974,unrelated
249081,unrelated
193976,agreed
92558,unrelated
293025,unrelated
197034,agreed
144228,agreed
54387,unrelated
265914,agreed
119851,disagreed
235572,unrelated
271502,unrelated
253577,unrelated
2180,unrelated
252644,unrelated
180896,unrelated
46014,unrelated
51556,unrelated
82039,agreed
191074,agreed
204564,unrelated
294980,unrelated
135554,agreed
46751,unrelated
154333,unrelated
108449,unrelated
127732,unrelated
82823,agreed
57372,unrelated
258105,agreed
110067,agreed
214565,agreed
120088,unrelated
267071,agreed
253077,unrelated
311992,agreed
247770,agreed
212019,unrelated
154007,agreed
66918,disagreed
163758,unrelated
184271,unrelated
306079,unrelated
168053,unrelated
27505,unrelated
202855,agreed
266969,agreed
310945,unrelated
288161,agreed
124296,unrelated
36884,unrelated
74513,unrelated
105388,unrelated
121239,unrelated
234193,unrelated
207106,unrelated
258029,agreed
197192,unrelated
66056,unrelated
168923,agreed
6035,agreed
121323,unrelated
56925,unrelated
95421,agreed
116674,unrelated
288311,agreed
254215,unrelated
110050,unrelated
100193,unrelated
209063,unrelated
291812,unrelated
291053,unrelated
291963,unrelated
155453,agreed
197948,unrelated
67208,agreed
46750,unrelated
7396,unrelated
74215,agreed
40403,unrelated
76603,agreed
235411,unrelated
101951,unrelated
294890,unrelated
41409,agreed
82523,unrelated
51335,unrelated
276021,unrelated
211416,unrelated
54028,unrelated
262148,agreed
131604,unrelated
275164,unrelated
114965,agreed
181781,unrelated
292150,unrelated
45258,unrelated
182602,unrelated
188109,unrelated
23324,unrelated
173621,agreed
191492,unrelated
308787,agreed
271025,unrelated
100023,unrelated
100540,agreed
55062,unrelated
148166,unrelated
230919,unrelated
263238,unrelated
319769,unrelated
306156,agreed
244130,unrelated
203275,agreed
161390,agreed
122332,unrelated
197147,agreed
175273,unrelated
253605,unrelated
215399,unrelated
62498,unrelated
59269,unrelated
234397,agreed
128353,unrelated
215730,unrelated
250338,unrelated
115761,unrelated
242462,disagreed
265293,unrelated
266565,unrelated
316850,unrelated
37805,unrelated
169825,unrelated
5104,unrelated
117747,disagreed
36372,unrelated
251764,unrelated
74402,agreed
65793,agreed
173854,agreed
18164,disagreed
102794,unrelated
292060,unrelated
246874,unrelated
181772,unrelated
92209,agreed
34756,unrelated
281834,agreed
281258,unrelated
232,agreed
143681,unrelated
88067,agreed
279047,agreed
211564,unrelated
101549,unrelated
218117,agreed
67001,unrelated
208015,unrelated
279193,agreed
279643,unrelated
195721,agreed
309569,unrelated
89026,agreed
201162,unrelated
235386,unrelated
264625,unrelated
95164,unrelated
7990,unrelated
146113,agreed
117805,unrelated
313293,unrelated
41160,unrelated
61848,agreed
239245,unrelated
176874,agreed
284368,unrelated
114995,unrelated
227709,unrelated
279471,unrelated
122264,unrelated
141030,agreed
50941,agreed
161238,unrelated
231236,unrelated
277426,agreed
4088,agreed
171815,unrelated
45471,unrelated
79836,unrelated
318301,unrelated
71245,unrelated
193126,disagreed
70735,agreed
95932,unrelated
283450,unrelated
98669,unrelated
85316,unrelated
144872,agreed
17693,unrelated
155342,unrelated
218859,agreed
87598,unrelated
302939,unrelated
263938,unrelated
233238,unrelated
27417,unrelated
281620,unrelated
266187,unrelated
192024,unrelated
108818,unrelated
65758,unrelated
147595,agreed
303602,agreed
234481,agreed
139570,unrelated
98409,unrelated
224128,unrelated
99269,unrelated
117925,unrelated
19984,unrelated
156274,unrelated
246175,unrelated
164471,unrelated
111469,unrelated
102952,unrelated
310298,unrelated
280791,unrelated
99522,unrelated
229299,unrelated
175915,unrelated
96503,unrelated
199141,unrelated
107334,agreed
280149,unrelated
60127,agreed
244549,agreed
27558,unrelated
28848,agreed
8152,agreed
244086,agreed
280684,agreed
85205,unrelated
17955,unrelated
211001,unrelated
134258,unrelated
201680,unrelated
311460,agreed
115524,unrelated
81165,unrelated
272021,unrelated
15849,unrelated
136716,unrelated
52460,agreed
274714,agreed
97153,unrelated
64329,agreed
89760,unrelated
148512,unrelated
127417,unrelated
127985,unrelated
186682,agreed
87372,unrelated
173031,unrelated
263008,unrelated
166098,agreed
125751,agreed
16594,unrelated
319106,unrelated
116300,agreed
118685,unrelated
99239,unrelated
113203,unrelated
231115,agreed
15920,agreed
55745,agreed
168782,unrelated
239665,unrelated
75450,unrelated
111730,unrelated
116762,agreed
186865,unrelated
107798,unrelated
95156,unrelated
173258,unrelated
129693,unrelated
89844,agreed
75323,unrelated
242532,unrelated
118984,unrelated
275849,unrelated
181554,unrelated
209203,agreed
171957,unrelated
170744,unrelated
40577,agreed
276843,agreed
10146,unrelated
63519,unrelated
314655,unrelated
50231,unrelated
209812,unrelated
230167,agreed
155391,unrelated
233621,unrelated
116846,unrelated
245728,unrelated
181869,unrelated
320932,agreed
318300,unrelated
10032,unrelated
75613,disagreed
299764,agreed
229830,unrelated
218657,unrelated
23914,unrelated
318240,unrelated
167661,unrelated
233650,unrelated
206059,agreed
244674,unrelated
202567,agreed
62621,agreed
154858,unrelated
245107,agreed
136353,unrelated
214819,unrelated
132758,unrelated
183815,agreed
277981,disagreed
138581,unrelated
296171,unrelated
49007,agreed
139625,agreed
191467,unrelated
82710,unrelated
61720,unrelated
20566,agreed
33458,agreed
248444,unrelated
48423,agreed
160944,unrelated
300434,unrelated
84410,unrelated
141264,agreed
318555,unrelated
178968,disagreed
246195,unrelated
9624,unrelated
263983,unrelated
122488,unrelated
32004,unrelated
65143,agreed
29985,unrelated
294387,agreed
170389,agreed
143495,unrelated
68861,unrelated
165737,agreed
95496,agreed
308720,unrelated
244647,unrelated
213207,unrelated
25442,unrelated
158225,unrelated
134187,unrelated
293632,unrelated
181572,unrelated
17146,agreed
216782,unrelated
43795,agreed
193747,agreed
235795,unrelated
96991,agreed
273485,unrelated
25159,unrelated
163156,agreed
129424,agreed
252871,unrelated
118052,unrelated
132192,agreed
45376,agreed
18018,unrelated
124442,unrelated
240808,unrelated
79990,unrelated
57624,unrelated
111830,unrelated
64137,disagreed
320884,unrelated
294151,unrelated
196947,unrelated
204434,unrelated
306639,unrelated
32649,agreed
23716,unrelated
23064,unrelated
264796,agreed
169775,unrelated
235629,agreed
238028,agreed
603,agreed
111049,unrelated
172967,unrelated
251788,unrelated
280374,unrelated
118334,unrelated
196432,unrelated
57053,unrelated
319741,unrelated
288586,unrelated
133178,agreed
16795,unrelated
208445,agreed
306558,unrelated
9969,unrelated
31350,unrelated
263379,unrelated
112039,unrelated
80592,unrelated
71759,unrelated
267819,agreed
252505,unrelated
292812,agreed
90724,unrelated
293294,unrelated
266610,unrelated
275425,agreed
57113,unrelated
185236,unrelated
233118,unrelated
191521,unrelated
204631,unrelated
168189,unrelated
111777,unrelated
90838,agreed
52139,unrelated
24080,unrelated
150906,agreed
58742,unrelated
214134,unrelated
18380,unrelated
278073,unrelated
84187,unrelated
40687,unrelated
123913,unrelated
221915,agreed
145002,agreed
96539,unrelated
133603,unrelated
31475,unrelated
300982,unrelated
222063,unrelated
53969,unrelated
259501,agreed
243336,unrelated
122578,agreed
44112,unrelated
159663,unrelated
50742,unrelated
253659,unrelated
103473,agreed
186483,unrelated
4552,agreed
242445,unrelated
318886,agreed
99236,unrelated
28195,unrelated
313314,unrelated
292638,unrelated
124189,unrelated
269381,agreed
115027,agreed
198821,unrelated
313526,agreed
156579,agreed
264760,unrelated
301571,unrelated
249292,unrelated
91898,unrelated
14250,unrelated
91665,agreed
68168,unrelated
260508,unrelated
288547,unrelated
268944,unrelated
291227,agreed
47163,unrelated
248721,unrelated
31233,agreed
242977,unrelated
203570,unrelated
56802,agreed
160666,disagreed
197639,disagreed
146494,unrelated
110460,unrelated
22352,unrelated
167928,unrelated
168147,unrelated
41006,unrelated
18225,disagreed
246031,agreed
75743,unrelated
250653,unrelated
23462,unrelated
247417,unrelated
188981,unrelated
127701,unrelated
14928,unrelated
154012,unrelated
138157,unrelated
243570,agreed
292912,agreed
130908,agreed
59953,unrelated
29385,unrelated
163242,unrelated
102399,unrelated
31091,unrelated
74482,unrelated
129253,agreed
147928,disagreed
204830,unrelated
220592,unrelated
142232,agreed
88326,unrelated
120663,unrelated
202037,unrelated
87550,agreed
6732,unrelated
214567,unrelated
228812,unrelated
258947,unrelated
288543,unrelated
257359,unrelated
287055,agreed
115351,unrelated
276506,agreed
146773,unrelated
222058,unrelated
230176,agreed
90727,unrelated
268261,unrelated
227453,unrelated
283851,unrelated
273114,unrelated
22516,unrelated
178535,unrelated
153881,agreed
120243,agreed
286931,unrelated
46779,unrelated
223063,unrelated
254775,unrelated
133553,unrelated
221616,unrelated
21387,unrelated
209558,unrelated
110540,unrelated
157543,unrelated
25136,unrelated
17154,unrelated
239645,unrelated
199190,unrelated
132093,unrelated
79494,unrelated
275617,agreed
100120,unrelated
134873,agreed
185664,unrelated
160080,unrelated
85564,unrelated
287883,unrelated
22563,unrelated
230890,agreed
9760,unrelated
250306,unrelated
221504,agreed
106296,unrelated
126000,agreed
232257,unrelated
65884,agreed
74461,unrelated
283764,agreed
271472,agreed
123678,agreed
87272,agreed
11669,unrelated
266007,unrelated
87520,agreed
151891,unrelated
137643,agreed
231664,unrelated
9037,unrelated
123221,agreed
55028,unrelated
66739,unrelated
252222,agreed
11568,unrelated
218530,agreed
314917,unrelated
112444,unrelated
254094,unrelated
19143,unrelated
48400,agreed
34962,unrelated
297534,unrelated
66904,unrelated
201353,unrelated
307295,unrelated
264389,unrelated
136659,unrelated
251820,unrelated
43470,unrelated
245048,unrelated
24214,disagreed
171139,unrelated
73876,unrelated
31576,agreed
29999,unrelated
87306,unrelated
99578,unrelated
304996,unrelated
87434,agreed
308426,unrelated
281106,agreed
306776,unrelated
28073,unrelated
117653,agreed
201835,agreed
299544,unrelated
179921,unrelated
127159,unrelated
116070,unrelated
276160,unrelated
90479,unrelated
94030,unrelated
216678,unrelated
183732,unrelated
3209,unrelated
60876,unrelated
310835,unrelated
69953,unrelated
134191,unrelated
85035,agreed
204842,unrelated
299180,unrelated
177847,unrelated
318678,unrelated
156801,agreed
80812,unrelated
133134,agreed
25979,unrelated
21262,unrelated
119235,unrelated
27199,unrelated
196943,unrelated
48418,agreed
8492,unrelated
113694,unrelated
1084,unrelated
26385,unrelated
21372,unrelated
51818,unrelated
94451,unrelated
170972,agreed
38072,unrelated
252846,unrelated
196425,unrelated
256433,unrelated
77348,agreed
251687,unrelated
301666,agreed
206720,unrelated
55851,agreed
199628,unrelated
2586,unrelated
166872,unrelated
92044,agreed
67247,agreed
7010,unrelated
97379,unrelated
87049,unrelated
66280,unrelated
297188,unrelated
264046,agreed
310498,agreed
124940,unrelated
102472,unrelated
221260,unrelated
209870,unrelated
211803,unrelated
226548,agreed
154404,unrelated
160409,disagreed
210320,unrelated
43080,unrelated
271606,agreed
157141,unrelated
172513,unrelated
51491,agreed
169642,unrelated
178080,disagreed
98029,agreed
306272,unrelated
85029,unrelated
271214,agreed
13911,unrelated
167577,unrelated
160555,agreed
305980,agreed
26831,unrelated
154277,unrelated
135890,unrelated
120893,unrelated
57188,unrelated
227571,unrelated
301194,unrelated
190400,agreed
200658,unrelated
12435,unrelated
138036,unrelated
31412,agreed
52471,agreed
44528,unrelated
251777,unrelated
157679,unrelated
131249,unrelated
154680,unrelated
41944,unrelated
290243,unrelated
209469,unrelated
199843,unrelated
136254,unrelated
121539,unrelated
130324,unrelated
117776,unrelated
256783,agreed
165827,agreed
44919,unrelated
190740,unrelated
87407,agreed
56359,unrelated
257994,unrelated
52334,unrelated
129454,unrelated
78099,unrelated
130805,unrelated
40452,agreed
219588,agreed
33027,agreed
93692,unrelated
284535,unrelated
259478,unrelated
37271,agreed
191904,unrelated
287072,unrelated
53524,unrelated
261605,agreed
147775,unrelated
12563,unrelated
139205,agreed
105085,agreed
137135,unrelated
117901,unrelated
300773,agreed
224476,unrelated
174166,unrelated
162401,agreed
1481,unrelated
294585,unrelated
133068,unrelated
165748,agreed
123662,unrelated
258432,agreed
187603,unrelated
203978,unrelated
267400,agreed
186064,unrelated
303005,unrelated
199110,agreed
42464,agreed
119270,unrelated
152134,unrelated
58971,unrelated
55955,unrelated
142129,unrelated
233369,unrelated
18305,unrelated
112552,agreed
159638,unrelated
70916,unrelated
177873,unrelated
107455,unrelated
162362,agreed
106268,unrelated
244997,agreed
286273,unrelated
131826,unrelated
217299,agreed
134567,agreed
148892,agreed
58741,unrelated
254168,agreed
18078,agreed
249210,unrelated
243819,unrelated
188108,agreed
181606,agreed
313539,agreed
316712,agreed
116605,agreed
111383,agreed
248676,unrelated
23023,unrelated
249485,agreed
194032,agreed
302974,unrelated
57240,unrelated
238874,unrelated
306311,unrelated
256857,agreed
77046,agreed
69825,unrelated
77308,unrelated
122015,unrelated
311797,unrelated
150233,unrelated
89324,agreed
8935,unrelated
175514,unrelated
293756,unrelated
26957,unrelated
310031,unrelated
310100,agreed
41796,agreed
118080,unrelated
280137,unrelated
113707,unrelated
187318,unrelated
29911,unrelated
166186,unrelated
217226,agreed
138261,unrelated
159167,agreed
146987,unrelated
166056,unrelated
190934,unrelated
103961,unrelated
137377,unrelated
114454,unrelated
268354,unrelated
316345,unrelated
2696,unrelated
4926,agreed
192898,unrelated
108628,agreed
246406,unrelated
71855,unrelated
47077,disagreed
115261,unrelated
64759,unrelated
222713,agreed
71893,disagreed
90634,unrelated
102221,unrelated
6972,unrelated
72713,unrelated
48773,unrelated
11253,unrelated
101036,unrelated
125718,agreed
171539,unrelated
261,unrelated
278078,unrelated
12176,unrelated
17720,agreed
149697,unrelated
250707,unrelated
161592,unrelated
195064,agreed
194679,agreed
245250,unrelated
9585,agreed
16236,agreed
90688,agreed
246073,agreed
212596,disagreed
300578,unrelated
26886,unrelated
186799,unrelated
251645,unrelated
209820,unrelated
252279,unrelated
11845,agreed
178021,agreed
142616,unrelated
224843,unrelated
287930,unrelated
250968,agreed
151981,unrelated
49053,unrelated
131661,unrelated
314023,unrelated
156687,unrelated
208214,unrelated
1591,agreed
91259,unrelated
179843,unrelated
314062,agreed
112261,unrelated
212890,unrelated
157187,unrelated
267535,agreed
148902,unrelated
125656,agreed
144410,disagreed
185989,unrelated
308958,agreed
129482,unrelated
25376,agreed
200491,unrelated
185112,unrelated
63674,unrelated
206435,unrelated
181283,unrelated
44491,unrelated
294958,unrelated
145689,unrelated
281201,unrelated
48928,agreed
78820,unrelated
249757,unrelated
82446,unrelated
192705,unrelated
54388,unrelated
306462,unrelated
129220,unrelated
71918,unrelated
305428,unrelated
57154,unrelated
180497,unrelated
16906,unrelated
36901,agreed
1206,agreed
176963,unrelated
175987,unrelated
271887,unrelated
166067,disagreed
127265,unrelated
188848,unrelated
125134,unrelated
240726,unrelated
166677,unrelated
48259,unrelated
158757,unrelated
9158,unrelated
96878,unrelated
252839,unrelated
245666,agreed
46639,unrelated
271124,agreed
66707,agreed
109447,unrelated
157335,unrelated
199813,unrelated
62858,unrelated
97535,unrelated
39454,agreed
73977,agreed
156276,unrelated
319631,agreed
218725,unrelated
260758,agreed
259650,agreed
299325,unrelated
131734,unrelated
108375,unrelated
133777,unrelated
216119,agreed
34463,agreed
176931,unrelated
149840,unrelated
317524,unrelated
228937,unrelated
179551,agreed
171662,unrelated
49918,unrelated
187409,unrelated
297526,unrelated
73269,agreed
60309,unrelated
10749,agreed
174411,unrelated
138199,unrelated
301035,unrelated
110156,unrelated
133943,unrelated
128485,disagreed
58639,unrelated
253804,agreed
199719,unrelated
315421,agreed
262522,unrelated
175100,unrelated
317379,unrelated
73967,agreed
34111,agreed
310319,unrelated
181565,agreed
255762,unrelated
24702,unrelated
92800,unrelated
280903,unrelated
74234,unrelated
278055,unrelated
256492,agreed
207012,agreed
77721,agreed
285208,unrelated
58598,agreed
299115,unrelated
229820,unrelated
316891,unrelated
236686,unrelated
18906,unrelated
297021,unrelated
103970,disagreed
247264,unrelated
50585,unrelated
11855,unrelated
183616,unrelated
163064,unrelated
263528,unrelated
182682,unrelated
42077,unrelated
302539,agreed
248229,unrelated
314535,agreed
87702,unrelated
38047,unrelated
36815,agreed
259105,unrelated
134633,unrelated
214745,unrelated
301590,unrelated
279149,agreed
201678,unrelated
131256,unrelated
4353,unrelated
166605,agreed
182346,agreed
166475,unrelated
169981,unrelated
140220,unrelated
26221,unrelated
223178,unrelated
181259,unrelated
241585,unrelated
80660,agreed
283624,unrelated
223108,unrelated
90764,unrelated
58766,unrelated
217358,unrelated
4371,agreed
155746,agreed
110677,unrelated
158446,unrelated
131861,unrelated
235530,unrelated
294233,unrelated
10198,agreed
16181,unrelated
114413,unrelated
54376,agreed
250184,unrelated
291344,unrelated
63008,unrelated
36342,agreed
320125,agreed
142308,agreed
40703,unrelated
152635,unrelated
60153,unrelated
264816,unrelated
124034,unrelated
112293,unrelated
125479,agreed
72833,unrelated
272892,unrelated
11153,agreed
220774,agreed
285120,unrelated
278534,agreed
294421,unrelated
321126,unrelated
79844,unrelated
151598,unrelated
136771,unrelated
187369,unrelated
309723,unrelated
94098,unrelated
177806,agreed
22151,unrelated
3299,unrelated
226073,agreed
320255,unrelated
89799,agreed
56145,unrelated
262160,agreed
319989,agreed
17638,unrelated
257825,unrelated
191113,unrelated
283373,unrelated
320370,agreed
131720,agreed
257798,unrelated
16425,unrelated
280828,unrelated
88824,unrelated
95484,unrelated
176997,agreed
270304,unrelated
102980,unrelated
131232,unrelated
32961,unrelated
17270,agreed
187502,unrelated
171669,unrelated
311861,agreed
299021,unrelated
25703,unrelated
164670,unrelated
217204,unrelated
287988,unrelated
111107,agreed
123066,unrelated
21173,unrelated
187959,unrelated
83828,agreed
106879,unrelated
316999,agreed
261664,agreed
182039,unrelated
4608,unrelated
253741,agreed
65653,unrelated
27857,agreed
300481,unrelated
128132,unrelated
307640,unrelated
304691,agreed
145810,unrelated
174562,agreed
167811,unrelated
251444,unrelated
315202,agreed
2516,unrelated
202557,agreed
116350,unrelated
68466,unrelated
275108,unrelated
16390,unrelated
14257,unrelated
5315,unrelated
57454,agreed
135814,agreed
283969,unrelated
290480,unrelated
231325,agreed
161284,agreed
116501,unrelated
244227,unrelated
21181,unrelated
192836,unrelated
101855,agreed
10237,agreed
191148,unrelated
205615,agreed
263283,unrelated
118889,unrelated
268646,unrelated
180192,unrelated
124586,agreed
295346,unrelated
33553,agreed
215751,unrelated
251210,agreed
88374,unrelated
10487,agreed
110590,agreed
29163,unrelated
262117,unrelated
319550,agreed
29915,unrelated
271928,unrelated
240216,unrelated
301123,agreed
244061,unrelated
59781,unrelated
217510,unrelated
77489,unrelated
13364,unrelated
239373,unrelated
286307,unrelated
90498,unrelated
310972,unrelated
176382,unrelated
136739,unrelated
319697,unrelated
239099,unrelated
128068,unrelated
239126,unrelated
289571,agreed
6637,agreed
281151,unrelated
147484,agreed
52240,unrelated
157657,unrelated
318399,agreed
269081,unrelated
124102,unrelated
93407,unrelated
27072,agreed
271207,unrelated
254227,unrelated
90687,agreed
208686,agreed
125708,agreed
132242,unrelated
1414,agreed
255234,agreed
257597,unrelated
278309,unrelated
208533,unrelated
4405,unrelated
254430,unrelated
101260,agreed
155244,agreed
57093,unrelated
124137,unrelated
220834,unrelated
317690,unrelated
217779,agreed
203273,agreed
244969,unrelated
259545,agreed
90102,agreed
315432,agreed
94639,unrelated
105353,unrelated
28806,agreed
17513,unrelated
191276,unrelated
295897,unrelated
297111,unrelated
201924,agreed
105787,unrelated
278470,agreed
4375,unrelated
296417,unrelated
192598,unrelated
106829,unrelated
92118,unrelated
176948,unrelated
199666,unrelated
235465,unrelated
156984,unrelated
129991,agreed
189322,unrelated
107784,unrelated
127952,unrelated
134949,unrelated
150545,unrelated
134491,unrelated
157721,unrelated
148974,unrelated
194477,unrelated
192105,unrelated
90666,unrelated
266507,unrelated
173648,agreed
93899,unrelated
26868,unrelated
296646,unrelated
144330,unrelated
166953,unrelated
279104,agreed
63500,unrelated
137530,unrelated
266981,agreed
112048,unrelated
168735,unrelated
237386,unrelated
87182,agreed
78843,unrelated
288637,unrelated
295620,unrelated
160439,unrelated
176962,unrelated
220193,unrelated
61010,unrelated
299698,agreed
170720,unrelated
141486,unrelated
107194,unrelated
14225,agreed
239864,unrelated
262085,unrelated
115764,unrelated
293162,unrelated
291401,unrelated
248743,unrelated
291112,agreed
126584,unrelated
305048,agreed
284679,unrelated
37005,unrelated
282439,unrelated
146495,unrelated
224228,agreed
251114,agreed
192392,unrelated
176062,unrelated
111943,unrelated
95097,agreed
202506,unrelated
105338,unrelated
144856,agreed
317918,unrelated
16077,unrelated
34363,disagreed
285799,unrelated
260951,unrelated
56300,agreed
12443,unrelated
2684,unrelated
77609,unrelated
210569,unrelated
298844,unrelated
33462,unrelated
134294,unrelated
84065,unrelated
277072,unrelated
161184,agreed
95244,agreed
270815,unrelated
237771,unrelated
141677,unrelated
55421,unrelated
252703,unrelated
111700,unrelated
313282,unrelated
159766,agreed
142397,unrelated
289886,agreed
66140,agreed
311344,agreed
304972,unrelated
127375,unrelated
304370,unrelated
109446,unrelated
42229,agreed
213811,unrelated
279648,unrelated
21379,unrelated
12452,unrelated
227842,unrelated
309978,unrelated
93576,agreed
23334,unrelated
117319,unrelated
17768,unrelated
296279,unrelated
305729,unrelated
262335,unrelated
21733,unrelated
108627,unrelated
321086,unrelated
138673,unrelated
215539,agreed
23453,unrelated
51024,unrelated
191897,unrelated
211425,unrelated
14477,unrelated
24849,unrelated
258941,unrelated
138588,agreed
262646,unrelated
285775,agreed
254405,agreed
58873,unrelated
261394,disagreed
52198,agreed
37598,unrelated
27929,agreed
203905,unrelated
132263,unrelated
102124,unrelated
50185,agreed
274009,agreed
11711,agreed
256821,agreed
287368,unrelated
198452,unrelated
148216,unrelated
232242,agreed
280306,unrelated
151033,agreed
295219,unrelated
99452,unrelated
59487,unrelated
5310,disagreed
84999,unrelated
190975,unrelated
310565,agreed
46495,unrelated
22128,unrelated
115711,agreed
1355,unrelated
16995,agreed
113081,unrelated
2618,unrelated
203362,agreed
37417,unrelated
105528,unrelated
262591,unrelated
30621,unrelated
76987,unrelated
38512,agreed
231971,unrelated
41939,agreed
289231,unrelated
275188,unrelated
103020,unrelated
278094,unrelated
215644,unrelated
51354,unrelated
154151,unrelated
30953,unrelated
33433,agreed
36265,unrelated
320464,unrelated
215004,unrelated
176449,agreed
155888,agreed
16642,unrelated
5555,unrelated
92338,unrelated
124569,agreed
276293,agreed
278172,unrelated
221747,agreed
90343,unrelated
209985,agreed
209237,unrelated
275928,unrelated
280579,agreed
8102,agreed
74711,unrelated
80859,agreed
136021,unrelated
316580,unrelated
209602,unrelated
160798,unrelated
155543,unrelated
198426,unrelated
122392,agreed
178595,unrelated
173779,agreed
128947,unrelated
174480,agreed
39839,unrelated
270667,unrelated
21343,unrelated
298535,unrelated
151869,agreed
80699,unrelated
163711,unrelated
24261,unrelated
262203,disagreed
90656,unrelated
37451,unrelated
95207,unrelated
135030,unrelated
204262,unrelated
249935,unrelated
297368,unrelated
296397,unrelated
28944,unrelated
164875,unrelated
174816,unrelated
112025,unrelated
120705,unrelated
133286,unrelated
157367,unrelated
291492,unrelated
76851,unrelated
209738,agreed
301529,unrelated
195901,unrelated
214506,unrelated
40791,agreed
17344,unrelated
209761,unrelated
104783,unrelated
241434,unrelated
208639,agreed
127446,unrelated
52644,unrelated
202859,agreed
1046,unrelated
272508,unrelated
81102,unrelated
298609,unrelated
187203,unrelated
151428,agreed
161955,unrelated
37939,unrelated
233951,agreed
46263,unrelated
40807,unrelated
267828,unrelated
260389,agreed
298347,unrelated
214148,agreed
241153,unrelated
19120,unrelated
264366,unrelated
302264,unrelated
292733,unrelated
144542,unrelated
121349,unrelated
304449,agreed
28749,unrelated
127843,unrelated
228882,unrelated
267382,unrelated
123717,agreed
175084,agreed
196124,unrelated
138679,unrelated
154959,agreed
284007,unrelated
303066,unrelated
242949,unrelated
214209,unrelated
276008,unrelated
181404,unrelated
295227,unrelated
142850,unrelated
204722,agreed
203602,unrelated
73243,unrelated
157415,unrelated
22637,agreed
69294,unrelated
56812,unrelated
299956,unrelated
318328,unrelated
108352,unrelated
316492,unrelated
224490,unrelated
39746,unrelated
180513,unrelated
185907,agreed
192851,unrelated
109934,unrelated
242843,unrelated
240935,unrelated
203353,unrelated
235097,unrelated
259429,unrelated
254371,agreed
104480,unrelated
285251,unrelated
56191,unrelated
25963,unrelated
270110,agreed
103632,unrelated
35731,unrelated
226152,unrelated
103977,unrelated
170102,unrelated
289562,unrelated
161197,unrelated
52606,unrelated
159453,unrelated
306316,agreed
279490,unrelated
88429,unrelated
202976,unrelated
320340,agreed
139253,unrelated
46363,agreed
302824,unrelated
240425,agreed
275428,agreed
172855,agreed
312909,agreed
36194,unrelated
184464,agreed
100997,unrelated
147028,unrelated
285285,agreed
257247,unrelated
127154,unrelated
17250,unrelated
36880,unrelated
238814,unrelated
242712,unrelated
272337,unrelated
124769,disagreed
54394,unrelated
223675,agreed
199959,agreed
286271,unrelated
171363,unrelated
184669,unrelated
222316,unrelated
84456,unrelated
166621,unrelated
53966,unrelated
147149,agreed
167398,unrelated
218779,agreed
199386,unrelated
122475,agreed
182222,unrelated
310921,unrelated
116668,agreed
127776,unrelated
83444,unrelated
151567,unrelated
129325,unrelated
159963,unrelated
257414,agreed
253549,unrelated
54316,unrelated
228343,unrelated
113298,unrelated
213723,unrelated
67365,unrelated
274875,agreed
311317,unrelated
86539,agreed
39305,unrelated
119230,unrelated
126039,unrelated
257906,unrelated
181158,unrelated
65156,agreed
211215,unrelated
170028,unrelated
300266,agreed
2074,agreed
82112,unrelated
63536,unrelated
93202,agreed
313498,unrelated
284567,unrelated
103973,unrelated
192737,unrelated
224223,unrelated
164576,unrelated
75402,agreed
293291,unrelated
1452,unrelated
188250,unrelated
314030,unrelated
61342,unrelated
93953,agreed
158003,unrelated
115838,unrelated
291607,unrelated
120292,agreed
164818,agreed
236090,unrelated
82169,unrelated
40151,agreed
38402,unrelated
44829,unrelated
111961,agreed
246341,unrelated
167349,unrelated
93070,agreed
197339,agreed
193251,unrelated
167322,unrelated
248489,unrelated
36426,unrelated
302846,agreed
60838,unrelated
29268,unrelated
303112,unrelated
80451,unrelated
285948,agreed
316129,unrelated
296769,unrelated
189361,unrelated
131245,unrelated
148419,unrelated
254734,agreed
259280,unrelated
24209,unrelated
59081,unrelated
85552,unrelated
161193,agreed
66849,unrelated
296711,agreed
279717,unrelated
81906,agreed
285180,unrelated
99963,unrelated
242041,unrelated
192010,agreed
78332,unrelated
98661,agreed
224041,unrelated
187248,unrelated
69367,unrelated
29461,agreed
47427,unrelated
105153,unrelated
193779,agreed
263553,unrelated
30736,unrelated
214325,unrelated
181641,unrelated
320642,agreed
145459,unrelated
218650,unrelated
75762,unrelated
178797,agreed
51879,agreed
175322,agreed
135261,unrelated
236193,unrelated
47082,disagreed
126849,unrelated
152514,unrelated
231044,unrelated
144211,unrelated
86746,unrelated
272752,unrelated
83731,unrelated
276736,unrelated
277401,unrelated
174600,unrelated
245230,agreed
176354,unrelated
277836,unrelated
257100,agreed
150327,unrelated
98362,agreed
234432,agreed
178995,unrelated
71405,agreed
273807,unrelated
111765,unrelated
305043,unrelated
312001,agreed
5198,agreed
237353,unrelated
162608,unrelated
290004,unrelated
88414,agreed
234000,unrelated
140405,agreed
58286,unrelated
9818,agreed
93254,unrelated
19370,agreed
164467,unrelated
109389,unrelated
275291,agreed
261076,unrelated
117001,unrelated
52487,unrelated
210601,agreed
297244,unrelated
102381,agreed
70346,unrelated
38209,unrelated
49576,unrelated
177949,unrelated
23773,unrelated
101283,unrelated
274924,agreed
26862,agreed
31755,agreed
161956,unrelated
110473,unrelated
314271,unrelated
288804,unrelated
287531,unrelated
62631,unrelated
91032,unrelated
178220,agreed
109926,unrelated
221586,unrelated
13451,unrelated
98645,unrelated
128070,unrelated
16536,unrelated
281912,unrelated
86066,agreed
77698,agreed
27646,unrelated
315882,agreed
134581,unrelated
249783,agreed
60918,unrelated
130065,unrelated
104333,agreed
42398,agreed
160023,unrelated
238231,unrelated
76613,agreed
270719,unrelated
231645,agreed
36720,unrelated
55308,unrelated
111966,agreed
206565,unrelated
140501,unrelated
223516,disagreed
22170,unrelated
288750,unrelated
109394,unrelated
161333,agreed
149258,unrelated
26165,agreed
136860,unrelated
165086,unrelated
196076,unrelated
296166,unrelated
319675,unrelated
291937,unrelated
34560,agreed
220240,unrelated
90629,agreed
58935,agreed
202739,unrelated
56466,unrelated
26676,unrelated
264324,unrelated
33411,unrelated
46740,unrelated
282542,unrelated
160721,agreed
188437,agreed
132460,unrelated
130995,unrelated
107980,unrelated
128601,agreed
205203,unrelated
221505,unrelated
195601,unrelated
284602,unrelated
190530,disagreed
96964,agreed
265754,disagreed
17847,agreed
178827,unrelated
100283,unrelated
176471,unrelated
126881,unrelated
200581,unrelated
9466,agreed
223291,disagreed
272857,unrelated
299062,unrelated
35000,unrelated
92824,agreed
316973,unrelated
104822,unrelated
283489,unrelated
230411,unrelated
35804,unrelated
171006,unrelated
260528,agreed
24626,unrelated
36677,unrelated
29539,unrelated
6605,unrelated
171428,unrelated
275253,unrelated
120300,agreed
235980,agreed
242546,unrelated
15076,unrelated
5902,agreed
267363,agreed
48888,unrelated
229810,unrelated
193437,unrelated
14578,unrelated
193920,agreed
306886,unrelated
72907,unrelated
159644,unrelated
296198,unrelated
175895,unrelated
167104,unrelated
139198,agreed
126847,unrelated
135329,agreed
204529,unrelated
66999,unrelated
102912,unrelated
3542,unrelated
200436,unrelated
173354,unrelated
264347,agreed
79931,unrelated
314223,unrelated
247964,unrelated
113809,unrelated
113022,agreed
167646,unrelated
157159,unrelated
128991,unrelated
19495,agreed
112508,disagreed
269322,unrelated
9500,agreed
108221,agreed
134234,agreed
237194,agreed
305821,unrelated
17497,agreed
312147,unrelated
290294,unrelated
158392,unrelated
57557,unrelated
150901,agreed
223431,agreed
138736,unrelated
216370,unrelated
173808,unrelated
233574,unrelated
267043,unrelated
208326,unrelated
104867,unrelated
318914,agreed
270424,unrelated
168788,unrelated
36490,unrelated
153511,unrelated
200964,unrelated
253286,agreed
284161,agreed
154573,unrelated
12047,agreed
238586,unrelated
192879,agreed
278999,agreed
61304,agreed
206670,agreed
74607,unrelated
303129,unrelated
280621,agreed
214735,unrelated
24940,unrelated
88866,unrelated
241358,agreed
117327,unrelated
294547,unrelated
6622,unrelated
103041,unrelated
288388,unrelated
40048,agreed
24341,unrelated
89666,unrelated
130165,unrelated
2018,unrelated
161443,agreed
286823,unrelated
31784,agreed
80864,agreed
221391,unrelated
221982,agreed
139442,unrelated
10475,unrelated
69306,agreed
205766,unrelated
43644,unrelated
166920,agreed
151837,unrelated
243731,unrelated
281379,unrelated
175856,unrelated
163276,unrelated
285947,agreed
236083,agreed
121033,unrelated
290534,agreed
211160,unrelated
275919,agreed
9788,agreed
235665,agreed
53591,unrelated
177229,agreed
167705,unrelated
194555,agreed
175869,agreed
61075,unrelated
217431,unrelated
284398,unrelated
232563,unrelated
55544,unrelated
314846,agreed
46405,unrelated
6444,unrelated
32249,unrelated
279845,unrelated
223874,unrelated
163869,unrelated
284711,unrelated
305058,agreed
256720,agreed
214609,unrelated
42616,agreed
227539,agreed
93280,unrelated
258428,agreed
274696,agreed
129267,unrelated
3392,unrelated
109231,unrelated
287857,unrelated
100878,unrelated
253525,unrelated
46814,unrelated
182255,unrelated
30161,unrelated
59985,agreed
33552,unrelated
137687,agreed
114620,agreed
186860,unrelated
24771,agreed
24435,agreed
285139,agreed
91808,agreed
68013,unrelated
109208,unrelated
306803,agreed
181322,unrelated
42703,agreed
316666,unrelated
274769,agreed
1878,unrelated
41059,unrelated
190620,unrelated
155637,unrelated
141056,agreed
281204,unrelated
275601,agreed
12406,unrelated
316704,unrelated
177381,unrelated
284539,unrelated
177881,agreed
39903,unrelated
78821,unrelated
308918,agreed
10708,agreed
20009,unrelated
45561,unrelated
164800,agreed
46193,unrelated
234413,agreed
259903,unrelated
78959,unrelated
260590,unrelated
201283,agreed
71283,unrelated
283689,unrelated
40659,agreed
300626,unrelated
10669,unrelated
272023,unrelated
135927,unrelated
58857,unrelated
301214,unrelated
50430,unrelated
182436,unrelated
8044,unrelated
18919,agreed
16419,unrelated
78569,unrelated
69081,unrelated
30796,unrelated
135353,unrelated
284959,unrelated
254473,unrelated
96370,agreed
169349,agreed
29755,unrelated
270367,unrelated
61808,agreed
242394,agreed
176838,unrelated
278258,agreed
29723,unrelated
115076,agreed
212763,agreed
85340,unrelated
88160,agreed
46328,agreed
266049,agreed
169924,unrelated
299574,agreed
274102,unrelated
38917,unrelated
263285,unrelated
151902,agreed
101416,unrelated
88974,unrelated
295492,unrelated
110794,unrelated
258712,agreed
270256,agreed
116523,unrelated
190133,agreed
250310,unrelated
209755,unrelated
233357,agreed
195372,agreed
255516,agreed
232262,unrelated
218033,unrelated
25530,unrelated
34357,unrelated
280020,unrelated
44958,agreed
12509,unrelated
109469,unrelated
209770,unrelated
178226,unrelated
209100,unrelated
160153,unrelated
229970,agreed
39658,unrelated
207387,unrelated
28989,unrelated
309098,unrelated
150301,unrelated
296039,unrelated
2026,unrelated
209036,unrelated
73965,unrelated
28694,unrelated
95283,agreed
67476,unrelated
298234,unrelated
175259,agreed
249228,unrelated
14975,unrelated
88500,agreed
298762,unrelated
108941,unrelated
231203,agreed
161807,unrelated
316566,unrelated
132744,unrelated
260249,unrelated
129572,unrelated
63225,unrelated
137445,unrelated
179842,unrelated
197008,unrelated
221341,agreed
173087,unrelated
6624,unrelated
146445,unrelated
178546,agreed
14526,unrelated
245431,agreed
42646,unrelated
12514,agreed
12182,unrelated
246248,agreed
81693,unrelated
193973,agreed
177602,unrelated
131759,unrelated
290483,unrelated
33941,agreed
34452,agreed
165971,unrelated
278850,unrelated
26209,unrelated
245800,unrelated
193062,agreed
296295,unrelated
107266,unrelated
26232,unrelated
10582,agreed
61777,unrelated
144674,agreed
149618,unrelated
213022,unrelated
212469,unrelated
30355,unrelated
151377,unrelated
179635,unrelated
235397,unrelated
128171,unrelated
85989,unrelated
29185,unrelated
56635,unrelated
15858,unrelated
50073,agreed
108659,agreed
47035,unrelated
313976,unrelated
245668,agreed
171955,unrelated
31686,agreed
153513,unrelated
138152,unrelated
215357,unrelated
290029,agreed
262050,unrelated
62864,unrelated
294085,unrelated
226320,unrelated
50500,unrelated
236087,unrelated
185443,unrelated
96369,unrelated
199373,unrelated
70458,agreed
62603,agreed
37205,unrelated
285370,unrelated
263588,unrelated
81216,unrelated
175037,agreed
295216,unrelated
231085,agreed
112671,agreed
282957,unrelated
131687,unrelated
3656,agreed
46525,unrelated
25945,unrelated
88242,unrelated
272377,unrelated
75682,unrelated
105772,unrelated
157901,unrelated
220991,unrelated
160763,unrelated
143739,agreed
271621,agreed
287752,unrelated
84930,unrelated
308051,agreed
305686,unrelated
229713,agreed
114744,unrelated
227265,agreed
233159,unrelated
60183,agreed
90067,agreed
249938,unrelated
23274,agreed
204977,agreed
36161,unrelated
278717,unrelated
29947,unrelated
110062,agreed
213775,agreed
230060,unrelated
131492,unrelated
263227,unrelated
258261,agreed
225422,unrelated
32495,unrelated
259864,unrelated
249383,agreed
268209,unrelated
248990,unrelated
311075,unrelated
20359,agreed
295799,unrelated
20422,agreed
100882,unrelated
208985,unrelated
127709,agreed
233629,unrelated
268734,unrelated
203616,unrelated
235473,unrelated
46076,unrelated
819,agreed
130611,unrelated
103450,agreed
306006,unrelated
196940,unrelated
307351,unrelated
31980,unrelated
204383,unrelated
272190,unrelated
93462,unrelated
88603,unrelated
88837,unrelated
304077,unrelated
98210,agreed
75246,unrelated
20056,agreed
81478,unrelated
284803,unrelated
175622,unrelated
290148,unrelated
84675,agreed
117512,unrelated
318280,unrelated
136422,agreed
294146,unrelated
147835,unrelated
45666,unrelated
92432,agreed
121281,unrelated
76018,unrelated
117188,agreed
201156,unrelated
232071,agreed
146342,unrelated
193803,agreed
215311,unrelated
98892,agreed
15476,agreed
98324,agreed
64200,unrelated
78096,unrelated
190889,unrelated
655,agreed
75888,unrelated
263072,agreed
239856,unrelated
302944,unrelated
203467,unrelated
166262,unrelated
244082,unrelated
87936,unrelated
309915,unrelated
181939,unrelated
136153,unrelated
35984,agreed
62051,unrelated
266863,unrelated
84477,unrelated
31369,unrelated
232086,unrelated
113314,unrelated
253760,agreed
318207,unrelated
221996,agreed
274471,unrelated
230066,unrelated
80208,unrelated
203623,unrelated
39278,unrelated
279407,unrelated
107806,unrelated
43825,unrelated
298286,unrelated
80689,unrelated
288810,unrelated
236520,unrelated
273219,unrelated
169121,agreed
211902,unrelated
60317,agreed
97794,agreed
225486,unrelated
94847,unrelated
92524,unrelated
288880,unrelated
105299,unrelated
173833,unrelated
132477,unrelated
171663,unrelated
154321,unrelated
2715,unrelated
88461,agreed
169512,unrelated
263776,unrelated
288223,unrelated
136750,unrelated
316857,unrelated
300960,unrelated
21646,unrelated
136491,agreed
147815,unrelated
278825,unrelated
187129,agreed
274206,unrelated
157108,unrelated
22149,unrelated
119824,unrelated
138872,unrelated
66535,unrelated
40589,agreed
299717,unrelated
315416,agreed
158432,unrelated
121122,unrelated
182627,unrelated
78836,unrelated
274983,unrelated
24363,unrelated
113234,unrelated
287728,unrelated
43611,agreed
54403,unrelated
114555,agreed
210907,unrelated
194015,agreed
233594,unrelated
204422,agreed
303728,unrelated
86270,unrelated
194147,agreed
199822,unrelated
309883,unrelated
215985,unrelated
66227,unrelated
268934,unrelated
87348,agreed
56558,unrelated
54336,agreed
235264,unrelated
259376,unrelated
295578,unrelated
118347,unrelated
298124,unrelated
126585,unrelated
123199,unrelated
30464,agreed
127501,unrelated
130630,unrelated
311170,unrelated
106152,unrelated
249561,unrelated
117857,unrelated
119003,unrelated
81249,unrelated
253521,unrelated
63605,unrelated
134619,unrelated
133426,unrelated
236645,unrelated
83548,unrelated
29620,unrelated
260138,agreed
15562,agreed
67933,unrelated
118651,unrelated
259648,agreed
184912,unrelated
234848,agreed
167941,unrelated
214040,agreed
291688,unrelated
114841,unrelated
319361,unrelated
218983,unrelated
195087,agreed
74307,agreed
5824,unrelated
115596,unrelated
10071,unrelated
229101,unrelated
218372,agreed
185922,unrelated
19953,agreed
283914,unrelated
168169,unrelated
172501,unrelated
237238,agreed
288981,unrelated
4629,agreed
173340,unrelated
54361,unrelated
295885,unrelated
123296,unrelated
287605,unrelated
222653,unrelated
202742,unrelated
107582,agreed
288684,unrelated
168634,unrelated
23897,unrelated
164567,unrelated
56203,unrelated
29765,unrelated
115865,agreed
267996,agreed
84390,unrelated
202164,unrelated
72313,unrelated
105744,unrelated
100919,unrelated
118721,unrelated
39411,unrelated
208554,unrelated
241092,unrelated
48626,unrelated
7786,unrelated
96122,agreed
200380,unrelated
129916,unrelated
95575,unrelated
182010,unrelated
254164,agreed
17055,unrelated
64936,agreed
304223,agreed
190391,agreed
270753,unrelated
96143,unrelated
311089,agreed
156343,unrelated
263737,unrelated
129972,agreed
191776,unrelated
276873,unrelated
213456,unrelated
313502,unrelated
250258,agreed
233124,unrelated
147874,unrelated
311342,agreed
183692,agreed
163729,unrelated
93910,agreed
67654,agreed
118506,unrelated
274789,agreed
64895,agreed
80953,unrelated
80776,agreed
90197,agreed
66635,agreed
96578,unrelated
84820,agreed
19538,unrelated
58729,unrelated
141803,unrelated
91353,unrelated
73740,unrelated
108844,agreed
192360,agreed
118374,unrelated
180861,agreed
256840,unrelated
88749,unrelated
288014,unrelated
234433,agreed
246597,unrelated
176727,agreed
79951,unrelated
316377,agreed
206150,agreed
199496,agreed
288472,unrelated
259196,unrelated
47354,unrelated
47512,unrelated
222024,unrelated
157709,unrelated
232399,agreed
286445,unrelated
45037,unrelated
140817,agreed
239587,agreed
198105,agreed
85195,unrelated
27463,unrelated
89475,unrelated
295428,unrelated
29452,agreed
142887,unrelated
238396,unrelated
76863,unrelated
276436,agreed
168235,unrelated
166200,unrelated
133800,unrelated
155086,unrelated
62734,unrelated
71776,agreed
306298,unrelated
49582,unrelated
216720,unrelated
218143,unrelated
91241,unrelated
309324,agreed
68611,unrelated
202523,agreed
189516,unrelated
155745,agreed
95528,unrelated
159908,unrelated
293777,agreed
168549,unrelated
265076,unrelated
133244,unrelated
252195,unrelated
75981,unrelated
73968,agreed
280417,unrelated
263757,unrelated
75451,unrelated
36618,agreed
247154,unrelated
111339,agreed
245774,unrelated
53336,unrelated
216637,unrelated
287035,unrelated
132042,unrelated
118752,unrelated
71525,unrelated
280330,unrelated
60236,unrelated
32163,unrelated
28308,unrelated
88331,unrelated
40488,unrelated
102211,unrelated
80433,unrelated
164475,unrelated
115435,unrelated
221621,agreed
192501,agreed
259263,unrelated
84117,unrelated
233503,unrelated
220979,agreed
47418,unrelated
34509,unrelated
261994,agreed
69246,unrelated
141574,unrelated
206453,unrelated
60859,unrelated
69764,unrelated
165461,unrelated
165159,unrelated
160782,unrelated
62565,unrelated
202509,agreed
205482,unrelated
25386,unrelated
144365,agreed
119847,unrelated
139748,agreed
76049,unrelated
119247,unrelated
145505,unrelated
308561,unrelated
175478,unrelated
205367,unrelated
83874,unrelated
158297,unrelated
266001,unrelated
291900,agreed
309896,unrelated
36662,unrelated
186314,unrelated
216619,unrelated
166588,unrelated
215385,unrelated
90905,unrelated
19631,unrelated
139915,agreed
39597,agreed
286326,unrelated
167860,unrelated
142695,agreed
82450,unrelated
108264,unrelated
150303,unrelated
130357,unrelated
92599,unrelated
152188,agreed
64579,agreed
124357,unrelated
198871,agreed
216918,unrelated
87432,agreed
223763,unrelated
19222,unrelated
272197,agreed
247976,unrelated
215036,unrelated
224906,unrelated
216212,unrelated
307569,agreed
62487,unrelated
147596,agreed
194743,unrelated
230667,agreed
120111,unrelated
221281,unrelated
88070,unrelated
138135,unrelated
119322,unrelated
159604,agreed
294036,unrelated
144139,unrelated
79355,unrelated
108393,unrelated
77556,unrelated
10561,unrelated
157813,agreed
244095,unrelated
81528,unrelated
112738,unrelated
167273,unrelated
302871,unrelated
176291,unrelated
66633,agreed
280844,unrelated
302014,unrelated
275882,unrelated
193342,unrelated
155068,unrelated
128618,agreed
221047,unrelated
74302,unrelated
137209,unrelated
208421,agreed
5128,unrelated
97864,unrelated
189928,unrelated
179102,unrelated
73035,unrelated
95680,agreed
19032,unrelated
276202,unrelated
257079,unrelated
135952,unrelated
156939,unrelated
219482,unrelated
186136,unrelated
144970,agreed
151539,unrelated
80869,agreed
171520,agreed
35726,agreed
48650,agreed
6990,agreed
46641,unrelated
161901,agreed
99509,unrelated
88443,unrelated
156842,unrelated
240265,unrelated
302883,unrelated
104358,unrelated
64284,agreed
77735,agreed
298079,unrelated
45699,unrelated
178746,unrelated
231218,agreed
96927,unrelated
248632,agreed
36348,unrelated
165175,unrelated
101083,unrelated
259665,unrelated
93875,agreed
205839,agreed
204190,unrelated
176921,unrelated
300664,unrelated
108730,unrelated
277728,agreed
134399,unrelated
161961,unrelated
125977,agreed
84306,unrelated
10420,unrelated
204076,unrelated
143673,unrelated
292860,unrelated
144971,unrelated
200449,unrelated
38292,unrelated
121029,unrelated
114332,unrelated
231383,unrelated
78154,unrelated
200483,agreed
277869,agreed
164204,agreed
165255,unrelated
119094,unrelated
146025,agreed
144225,agreed
48424,agreed
290590,unrelated
5992,agreed
198642,unrelated
6739,unrelated
251232,unrelated
265866,agreed
101271,agreed
214142,unrelated
8836,agreed
314938,unrelated
116897,unrelated
288169,agreed
108637,agreed
96356,agreed
255235,agreed
128022,unrelated
318880,unrelated
236082,agreed
41210,unrelated
237844,agreed
240923,unrelated
67150,agreed
107429,unrelated
3208,unrelated
64799,agreed
237905,unrelated
194737,unrelated
63099,unrelated
93247,unrelated
310248,unrelated
40746,unrelated
122834,unrelated
295701,unrelated
191759,unrelated
305690,unrelated
260945,unrelated
40512,unrelated
68264,unrelated
109792,unrelated
96431,unrelated
20280,unrelated
30276,unrelated
122725,unrelated
49249,agreed
127391,agreed
45724,agreed
277133,agreed
65163,agreed
47952,unrelated
119497,unrelated
164641,unrelated
17561,unrelated
304558,agreed
20763,unrelated
221728,unrelated
130442,agreed
52608,unrelated
305450,unrelated
290403,unrelated
104796,unrelated
296969,unrelated
225005,unrelated
279516,unrelated
113758,unrelated
93374,unrelated
71304,unrelated
55410,unrelated
152860,unrelated
150666,unrelated
285465,unrelated
35021,unrelated
291734,unrelated
11466,unrelated
295373,unrelated
198111,unrelated
277429,unrelated
197390,unrelated
47196,unrelated
146893,unrelated
38850,unrelated
186200,agreed
202730,agreed
5223,unrelated
65327,unrelated
313288,unrelated
266725,agreed
103482,agreed
120685,agreed
76128,unrelated
118179,agreed
105380,unrelated
86228,unrelated
313767,unrelated
103552,agreed
142280,unrelated
273126,unrelated
53562,unrelated
30540,agreed
146136,agreed
7526,unrelated
28259,unrelated
16170,unrelated
23396,unrelated
295376,unrelated
228516,unrelated
192524,unrelated
218439,unrelated
25579,unrelated
3300,unrelated
275127,agreed
168292,unrelated
126655,unrelated
205543,unrelated
248874,unrelated
285061,agreed
251787,unrelated
227989,unrelated
91304,unrelated
291814,unrelated
145563,agreed
26119,agreed
271702,unrelated
183487,agreed
22506,agreed
297991,unrelated
152199,unrelated
262339,unrelated
170834,agreed
99386,unrelated
112744,unrelated
239749,unrelated
40905,unrelated
254746,unrelated
187517,agreed
73210,agreed
168724,agreed
194610,unrelated
237065,unrelated
138291,unrelated
204611,unrelated
319268,unrelated
70943,unrelated
146102,unrelated
153915,agreed
266916,unrelated
39842,unrelated
194469,agreed
310940,unrelated
254507,unrelated
166704,agreed
299054,unrelated
224513,unrelated
7565,unrelated
200680,unrelated
135171,unrelated
54405,unrelated
274030,agreed
187287,unrelated
211407,unrelated
273686,agreed
59634,unrelated
274727,agreed
276944,agreed
104529,unrelated
25719,unrelated
42841,unrelated
22423,agreed
207394,unrelated
199290,agreed
274713,agreed
31358,unrelated
290814,unrelated
27819,unrelated
140401,unrelated
8565,unrelated
315131,agreed
7710,unrelated
98868,unrelated
174833,agreed
93658,agreed
198880,agreed
42663,agreed
72435,disagreed
220926,agreed
83638,agreed
251106,agreed
37825,unrelated
137757,unrelated
229980,agreed
86735,unrelated
97095,agreed
149398,unrelated
289929,unrelated
249123,unrelated
159494,unrelated
255740,unrelated
23832,unrelated
117983,agreed
207073,agreed
84740,agreed
276901,agreed
153093,unrelated
243298,unrelated
287953,unrelated
145763,unrelated
111340,unrelated
104839,unrelated
71269,unrelated
127413,agreed
306580,agreed
25480,agreed
203005,agreed
301113,unrelated
316859,unrelated
46713,unrelated
216390,disagreed
154093,unrelated
186123,agreed
179667,unrelated
91682,unrelated
303402,unrelated
121519,agreed
185553,agreed
271729,unrelated
240606,agreed
34084,agreed
303839,unrelated
26394,unrelated
85126,unrelated
119160,agreed
152020,unrelated
243128,agreed
146501,unrelated
317633,agreed
290183,agreed
231255,unrelated
49566,unrelated
131028,unrelated
200286,agreed
167223,unrelated
118195,unrelated
262624,unrelated
188617,unrelated
96723,unrelated
59651,unrelated
79717,unrelated
253732,unrelated
153042,unrelated
18250,unrelated
270176,disagreed
32629,unrelated
162532,unrelated
53971,unrelated
239574,unrelated
163108,agreed
7082,agreed
259510,unrelated
42309,unrelated
161218,agreed
156499,unrelated
151987,agreed
208016,unrelated
2648,unrelated
72245,unrelated
146798,agreed
262230,disagreed
147654,unrelated
178291,agreed
257185,agreed
248692,unrelated
17635,unrelated
238095,agreed
139502,agreed
257860,unrelated
5363,unrelated
188205,unrelated
12426,unrelated
57852,agreed
148215,unrelated
220894,agreed
209906,agreed
17119,unrelated
144593,unrelated
78944,unrelated
108308,agreed
61064,unrelated
257074,agreed
192574,unrelated
264451,unrelated
139123,agreed
203741,unrelated
176567,unrelated
267859,agreed
188845,unrelated
121551,unrelated
281568,unrelated
37763,unrelated
135595,agreed
202636,unrelated
7872,agreed
261340,agreed
186985,unrelated
69820,unrelated
253988,unrelated
22162,unrelated
285439,unrelated
319092,unrelated
131175,agreed
126783,unrelated
63802,agreed
174636,unrelated
51362,unrelated
24420,agreed
151860,unrelated
221897,disagreed
214750,unrelated
73791,unrelated
317799,unrelated
103112,unrelated
56998,agreed
93411,unrelated
176542,unrelated
312923,agreed
228935,unrelated
105782,unrelated
11177,unrelated
307541,agreed
147311,agreed
51850,unrelated
61483,agreed
8259,unrelated
314877,agreed
128902,agreed
253412,unrelated
162586,unrelated
83849,agreed
48866,unrelated
224322,unrelated
50403,unrelated
28561,unrelated
225822,unrelated
185774,unrelated
71488,unrelated
261893,agreed
270399,unrelated
73613,unrelated
68393,agreed
279566,unrelated
65911,unrelated
119053,unrelated
201114,unrelated
108761,unrelated
176339,agreed
194040,agreed
111165,unrelated
135477,unrelated
294234,unrelated
114700,unrelated
176821,unrelated
106252,unrelated
117037,unrelated
265752,unrelated
43132,unrelated
62887,agreed
19978,unrelated
189683,unrelated
271809,unrelated
133450,unrelated
80583,unrelated
80450,unrelated
263163,agreed
316933,unrelated
175460,agreed
208724,unrelated
219274,unrelated
160279,unrelated
205907,unrelated
82863,agreed
97440,unrelated
126389,unrelated
266338,unrelated
163897,unrelated
32552,unrelated
237824,unrelated
125208,unrelated
115061,agreed
244288,unrelated
257065,agreed
73418,unrelated
208221,unrelated
88303,agreed
279009,agreed
156360,unrelated
167575,unrelated
144989,unrelated
233548,unrelated
164880,unrelated
134805,agreed
50018,unrelated
75021,agreed
281487,agreed
164323,agreed
97770,unrelated
126154,agreed
291516,agreed
23215,disagreed
13508,unrelated
752,agreed
167314,unrelated
182157,unrelated
144284,unrelated
57091,unrelated
43917,unrelated
13546,unrelated
192500,agreed
211847,agreed
127112,unrelated
204103,unrelated
120606,unrelated
2674,unrelated
185721,unrelated
166361,unrelated
111110,unrelated
88922,unrelated
206272,agreed
38577,unrelated
182391,unrelated
227603,unrelated
310290,unrelated
254389,unrelated
300512,unrelated
116301,agreed
4535,unrelated
18336,unrelated
34908,unrelated
89551,unrelated
247919,unrelated
29096,unrelated
36777,unrelated
289157,unrelated
293385,unrelated
294257,unrelated
38775,unrelated
223570,disagreed
132274,agreed
238726,agreed
201034,unrelated
163062,unrelated
212615,unrelated
170708,unrelated
301071,agreed
220900,agreed
232728,unrelated
194978,unrelated
69937,unrelated
133475,agreed
118396,unrelated
136847,unrelated
240254,unrelated
300360,agreed
132719,unrelated
12189,unrelated
96579,unrelated
236146,unrelated
147487,agreed
21370,unrelated
42701,agreed
223385,disagreed
319376,unrelated
31260,agreed
305710,unrelated
6503,unrelated
300669,unrelated
101457,unrelated
248929,unrelated
164984,disagreed
140718,unrelated
27011,unrelated
15145,agreed
205250,unrelated
73015,unrelated
234913,unrelated
10989,unrelated
152711,unrelated
182672,agreed
168766,unrelated
162425,unrelated
174832,unrelated
281648,unrelated
188881,unrelated
83414,unrelated
147168,agreed
155220,unrelated
266934,agreed
284521,unrelated
159313,unrelated
249916,unrelated
212857,agreed
217043,agreed
278082,unrelated
82103,unrelated
212362,unrelated
79427,unrelated
320576,unrelated
158441,agreed
315594,unrelated
295537,unrelated
118106,unrelated
94616,agreed
118932,unrelated
172610,unrelated
75342,agreed
280934,agreed
104131,unrelated
180971,unrelated
248566,unrelated
209017,unrelated
221593,unrelated
38306,unrelated
91648,unrelated
216967,agreed
127639,unrelated
132059,unrelated
56756,unrelated
65112,agreed
122209,unrelated
725,unrelated
186774,unrelated
146036,agreed
86585,unrelated
298027,agreed
214256,unrelated
130717,unrelated
36050,unrelated
174376,unrelated
246106,unrelated
116818,unrelated
234738,unrelated
241816,unrelated
20576,unrelated
300866,unrelated
47614,unrelated
73434,unrelated
44959,unrelated
249425,agreed
40538,unrelated
87556,unrelated
23173,agreed
96141,unrelated
311041,unrelated
10458,unrelated
54917,unrelated
212936,unrelated
164409,unrelated
567,unrelated
187374,unrelated
52251,unrelated
28258,unrelated
118032,unrelated
167990,unrelated
23599,unrelated
206431,unrelated
264152,agreed
195086,agreed
139525,unrelated
88169,unrelated
210931,unrelated
92052,agreed
299502,unrelated
30051,unrelated
172733,unrelated
217660,unrelated
44975,agreed
286769,unrelated
140135,agreed
219872,unrelated
1866,unrelated
189236,unrelated
56752,unrelated
103258,unrelated
308429,unrelated
57569,agreed
266785,agreed
172862,agreed
190890,unrelated
4448,unrelated
292883,unrelated
156380,unrelated
89568,unrelated
53365,unrelated
124185,unrelated
264300,unrelated
107458,unrelated
16938,agreed
70641,unrelated
268409,agreed
33288,unrelated
184957,unrelated
273315,unrelated
172725,unrelated
143540,unrelated
320938,agreed
162928,agreed
84722,agreed
185090,unrelated
115612,agreed
212199,agreed
132556,unrelated
80282,unrelated
219810,unrelated
11903,unrelated
127015,unrelated
226891,agreed
135474,unrelated
171070,unrelated
53312,unrelated
213345,agreed
114077,unrelated
188269,unrelated
35152,unrelated
277424,agreed
33360,unrelated
210251,agreed
240942,unrelated
273177,unrelated
319676,agreed
83143,agreed
294709,disagreed
76236,unrelated
249525,unrelated
172567,unrelated
184254,unrelated
25258,unrelated
239118,unrelated
314364,unrelated
267865,agreed
315436,agreed
295990,unrelated
69107,unrelated
139546,agreed
143476,unrelated
188779,agreed
37344,agreed
100999,unrelated
201465,unrelated
91860,agreed
163799,unrelated
125928,agreed
245274,unrelated
259206,unrelated
204776,agreed
266329,unrelated
10429,unrelated
92328,unrelated
293157,unrelated
43104,unrelated
204740,unrelated
167828,unrelated
269851,agreed
212499,unrelated
247148,unrelated
299347,unrelated
167012,unrelated
5735,unrelated
154461,unrelated
82236,unrelated
63146,unrelated
162410,agreed
276097,agreed
250997,agreed
199387,unrelated
33866,unrelated
250521,agreed
245233,agreed
89872,unrelated
206938,unrelated
89538,unrelated
61174,unrelated
74255,agreed
28698,unrelated
24526,unrelated
307902,unrelated
22946,unrelated
78061,unrelated
256100,unrelated
223304,disagreed
127924,unrelated
59461,unrelated
251353,unrelated
96581,unrelated
81439,unrelated
54438,unrelated
311873,agreed
191443,unrelated
218393,unrelated
222432,unrelated
182241,unrelated
108932,unrelated
52340,unrelated
112415,unrelated
108271,agreed
22494,unrelated
247175,agreed
25287,agreed
193075,unrelated
267094,unrelated
11832,agreed
57851,agreed
254934,agreed
216946,unrelated
290741,unrelated
185078,unrelated
223283,unrelated
256870,agreed
246600,unrelated
180696,unrelated
195864,agreed
243975,unrelated
135225,unrelated
261795,agreed
252901,unrelated
270310,agreed
222052,unrelated
281394,unrelated
87037,agreed
278335,unrelated
216652,unrelated
293210,unrelated
145051,agreed
93220,agreed
303462,unrelated
205699,unrelated
290044,agreed
235578,agreed
140624,agreed
106394,agreed
137525,unrelated
279303,unrelated
38369,unrelated
241311,unrelated
227472,unrelated
12951,agreed
118914,unrelated
197816,unrelated
189401,unrelated
269492,unrelated
18431,unrelated
70210,unrelated
297198,unrelated
53197,agreed
134982,agreed
5388,agreed
136398,agreed
315061,unrelated
285392,unrelated
64297,unrelated
85434,unrelated
91606,unrelated
289863,agreed
250093,unrelated
88307,unrelated
275268,unrelated
291047,agreed
174173,unrelated
128621,unrelated
68885,unrelated
150640,unrelated
76916,agreed
311477,agreed
302880,agreed
264122,unrelated
134105,unrelated
305197,unrelated
32110,unrelated
23109,unrelated
155231,unrelated
234381,disagreed
196309,agreed
282737,unrelated
95598,unrelated
229066,unrelated
218974,unrelated
66600,agreed
166434,agreed
295921,unrelated
159275,agreed
113270,unrelated
201431,unrelated
46456,unrelated
214920,unrelated
68235,unrelated
193282,unrelated
88141,agreed
92170,agreed
283004,unrelated
307357,agreed
298867,unrelated
139269,unrelated
318780,unrelated
22176,unrelated
96302,agreed
299962,unrelated
269021,unrelated
133258,unrelated
294069,unrelated
279959,unrelated
4281,unrelated
14087,unrelated
9602,unrelated
16997,unrelated
304983,unrelated
265261,agreed
251753,agreed
174814,agreed
22899,unrelated
189572,unrelated
298040,unrelated
136535,agreed
10055,unrelated
6506,unrelated
190469,unrelated
152142,unrelated
151740,unrelated
249198,unrelated
254049,unrelated
36023,unrelated
113265,agreed
101072,unrelated
90277,unrelated
313274,agreed
279760,unrelated
284933,unrelated
254782,unrelated
211252,unrelated
91367,agreed
300279,unrelated
87713,unrelated
180066,unrelated
71359,unrelated
273683,agreed
58652,unrelated
19379,unrelated
33332,unrelated
96434,unrelated
252273,unrelated
257152,unrelated
231213,unrelated
44844,unrelated
75086,unrelated
155213,agreed
255703,unrelated
141374,agreed
122064,agreed
112854,unrelated
267308,unrelated
284066,unrelated
117443,unrelated
287579,unrelated
319041,unrelated
257104,agreed
180525,unrelated
193011,unrelated
256891,agreed
214223,unrelated
92116,agreed
169346,unrelated
124179,unrelated
304878,unrelated
184981,unrelated
274369,agreed
295454,unrelated
161754,unrelated
247018,unrelated
219813,unrelated
141989,unrelated
86025,agreed
23249,unrelated
75110,unrelated
289491,unrelated
157870,unrelated
126274,unrelated
3455,unrelated
110145,unrelated
147464,agreed
149036,unrelated
251903,unrelated
206458,unrelated
258447,unrelated
127034,unrelated
4767,agreed
180848,unrelated
66250,agreed
152795,unrelated
178172,unrelated
198413,unrelated
126600,unrelated
250421,unrelated
181204,unrelated
236633,unrelated
28541,agreed
169359,unrelated
311692,agreed
31056,unrelated
90557,unrelated
195639,unrelated
57877,agreed
161686,agreed
258775,unrelated
92364,agreed
151209,agreed
46235,unrelated
303147,agreed
277028,agreed
136877,unrelated
66893,unrelated
193674,agreed
81051,unrelated
271270,agreed
175167,disagreed
227753,unrelated
248923,unrelated
184846,agreed
147385,unrelated
306617,agreed
45979,unrelated
102662,agreed
136635,agreed
198516,unrelated
142590,agreed
171734,unrelated
177660,unrelated
280286,agreed
163610,unrelated
172837,unrelated
128363,unrelated
309720,unrelated
303867,agreed
27180,unrelated
37881,unrelated
149924,unrelated
124522,unrelated
305015,unrelated
122549,unrelated
87040,unrelated
238775,unrelated
285448,unrelated
230727,unrelated
32866,unrelated
185075,unrelated
137008,unrelated
151578,unrelated
175691,unrelated
29776,unrelated
266611,agreed
129441,unrelated
281796,agreed
283740,unrelated
123783,unrelated
304697,unrelated
98538,agreed
254920,unrelated
18415,unrelated
12316,unrelated
191689,unrelated
31257,agreed
18616,agreed
245185,agreed
72595,unrelated
53156,agreed
143706,agreed
242882,unrelated
218758,unrelated
298607,unrelated
71641,unrelated
29893,unrelated
226224,unrelated
93341,agreed
284079,agreed
268787,agreed
55571,unrelated
243676,unrelated
192645,unrelated
82632,agreed
224125,unrelated
77714,agreed
293168,unrelated
141262,unrelated
196850,unrelated
185846,unrelated
181600,unrelated
151280,unrelated
173456,unrelated
109274,unrelated
279355,unrelated
260307,agreed
188404,unrelated
183854,agreed
147805,unrelated
291839,unrelated
90463,agreed
3633,agreed
268358,unrelated
36100,unrelated
26943,unrelated
231348,agreed
91595,unrelated
243956,unrelated
265160,agreed
305128,agreed
3614,unrelated
250493,unrelated
180997,unrelated
166765,agreed
185687,agreed
266123,unrelated
267730,unrelated
201296,unrelated
190964,unrelated
41870,agreed
17181,unrelated
93766,unrelated
257576,unrelated
309757,unrelated
260774,unrelated
160,unrelated
121276,unrelated
270101,agreed
132821,unrelated
111188,agreed
191327,unrelated
219207,unrelated
93400,unrelated
173679,unrelated
73007,agreed
41237,unrelated
195147,agreed
150418,unrelated
149172,unrelated
1788,agreed
38724,agreed
268890,unrelated
251922,unrelated
293150,unrelated
42864,agreed
213438,unrelated
94956,unrelated
131654,unrelated
91200,unrelated
248516,agreed
76209,unrelated
39452,agreed
183080,unrelated
292571,agreed
121005,agreed
61521,agreed
4094,unrelated
205968,agreed
281121,unrelated
260015,unrelated
11591,unrelated
150820,agreed
292416,unrelated
94027,unrelated
285167,unrelated
141397,unrelated
319159,unrelated
96062,unrelated
48981,unrelated
97279,unrelated
126418,agreed
210466,unrelated
200209,unrelated
190607,unrelated
6650,agreed
228209,unrelated
120043,agreed
47675,unrelated
45313,unrelated
105451,agreed
82720,unrelated
136311,unrelated
216562,agreed
8684,unrelated
51607,unrelated
102439,unrelated
216236,agreed
11750,agreed
253914,unrelated
103314,unrelated
192502,unrelated
90559,unrelated
43230,unrelated
226358,unrelated
185787,unrelated
220347,agreed
284735,unrelated
238959,unrelated
24106,unrelated
133444,unrelated
269810,agreed
96416,unrelated
251984,agreed
279339,unrelated
11303,unrelated
110774,unrelated
73028,agreed
146959,unrelated
17584,unrelated
189890,agreed
156471,unrelated
201768,agreed
153590,unrelated
311678,agreed
151549,unrelated
105343,unrelated
272998,unrelated
70257,unrelated
147579,agreed
295804,unrelated
279399,unrelated
60688,unrelated
122959,unrelated
279020,agreed
190854,disagreed
95412,agreed
116230,unrelated
126325,agreed
233807,unrelated
26638,unrelated
185348,agreed
45693,agreed
268524,unrelated
238836,agreed
50348,unrelated
234755,unrelated
206574,unrelated
184256,unrelated
167871,unrelated
83101,unrelated
10239,unrelated
276075,agreed
240406,unrelated
255485,agreed
192323,agreed
59299,unrelated
205904,agreed
250028,unrelated
72111,agreed
301211,unrelated
53184,unrelated
270727,agreed
280364,agreed
284622,unrelated
267995,agreed
158266,unrelated
100231,unrelated
108344,disagreed
174828,agreed
140317,unrelated
201978,unrelated
274980,unrelated
51426,unrelated
222789,agreed
201713,unrelated
293851,unrelated
281125,unrelated
102421,unrelated
167569,unrelated
46886,unrelated
50252,agreed
270274,unrelated
228180,unrelated
315190,agreed
27049,agreed
161879,unrelated
118824,unrelated
225554,unrelated
162539,unrelated
67960,unrelated
271027,agreed
121084,unrelated
58215,unrelated
140310,unrelated
296972,unrelated
276165,unrelated
84200,unrelated
260746,unrelated
101299,agreed
69265,unrelated
2311,agreed
205304,unrelated
5456,agreed
305171,unrelated
7939,unrelated
170873,unrelated
227657,agreed
47412,unrelated
30665,unrelated
216021,unrelated
126966,unrelated
309561,unrelated
254298,agreed
209424,unrelated
197718,unrelated
23165,unrelated
193645,agreed
72585,unrelated
222531,agreed
258560,agreed
110265,unrelated
130256,unrelated
310744,agreed
48421,agreed
126366,unrelated
139559,unrelated
187158,unrelated
1435,agreed
266603,unrelated
242483,unrelated
119357,agreed
314231,agreed
271764,agreed
116780,unrelated
125338,unrelated
156945,unrelated
275685,agreed
165805,unrelated
70122,unrelated
72834,unrelated
302075,agreed
67401,agreed
302419,unrelated
211490,unrelated
76941,unrelated
174799,agreed
133768,agreed
249722,unrelated
105752,unrelated
41443,unrelated
315389,agreed
257014,unrelated
57729,unrelated
320256,unrelated
37498,unrelated
31703,unrelated
304776,agreed
49906,unrelated
295844,unrelated
254417,unrelated
137229,unrelated
309952,agreed
133755,unrelated
304373,unrelated
22632,agreed
108739,unrelated
296106,unrelated
301075,agreed
21642,unrelated
128250,agreed
217424,unrelated
203326,unrelated
296339,unrelated
110241,unrelated
46736,unrelated
239629,unrelated
233399,agreed
297517,unrelated
89632,unrelated
179078,unrelated
73125,unrelated
275960,agreed
248400,unrelated
214744,unrelated
253579,unrelated
15006,agreed
157274,unrelated
25978,unrelated
203822,unrelated
5989,agreed
304226,agreed
223996,unrelated
199656,unrelated
194667,agreed
300137,agreed
260126,agreed
174488,agreed
277805,unrelated
193950,agreed
132220,unrelated
161855,unrelated
102000,unrelated
320794,agreed
200089,unrelated
241002,unrelated
1494,unrelated
43133,unrelated
311131,agreed
81380,unrelated
269921,unrelated
157595,unrelated
156222,unrelated
121030,unrelated
89173,agreed
116593,agreed
320053,unrelated
167939,unrelated
134447,agreed
11981,agreed
201856,unrelated
147864,unrelated
20012,unrelated
196184,agreed
35369,unrelated
282217,unrelated
60259,unrelated
64993,unrelated
264237,unrelated
153654,unrelated
27352,unrelated
307920,unrelated
284181,unrelated
309108,unrelated
286456,unrelated
34769,unrelated
176178,unrelated
109663,unrelated
56427,unrelated
167921,unrelated
179198,agreed
65511,unrelated
96284,unrelated
292274,unrelated
174257,unrelated
230699,agreed
46082,unrelated
241329,unrelated
252191,unrelated
209084,unrelated
16026,unrelated
157188,unrelated
259216,unrelated
272930,unrelated
188801,unrelated
225198,unrelated
22933,unrelated
290716,unrelated
145559,agreed
116587,unrelated
69740,agreed
83046,unrelated
77288,unrelated
312446,unrelated
28597,unrelated
79157,unrelated
12630,unrelated
90608,agreed
137442,unrelated
19353,unrelated
257893,unrelated
301333,unrelated
257177,unrelated
55922,unrelated
184209,unrelated
266833,unrelated
2846,unrelated
149088,unrelated
164905,agreed
125438,unrelated
20128,unrelated
155549,unrelated
280021,unrelated
62931,unrelated
169537,unrelated
107504,unrelated
298993,unrelated
49338,agreed
72361,agreed
114846,unrelated
122166,unrelated
316498,unrelated
89887,unrelated
66894,unrelated
182344,agreed
209965,agreed
236220,agreed
246098,agreed
57461,unrelated
110567,unrelated
107093,agreed
222437,unrelated
235853,unrelated
301063,agreed
256392,unrelated
291447,unrelated
34487,unrelated
13678,unrelated
227082,unrelated
79952,unrelated
314514,agreed
28442,unrelated
310998,agreed
228749,unrelated
100666,agreed
87241,agreed
158872,unrelated
36391,unrelated
93213,agreed
274028,agreed
126864,unrelated
87320,unrelated
172910,unrelated
21893,agreed
155732,unrelated
239051,unrelated
313010,agreed
27354,unrelated
50004,unrelated
287209,agreed
93088,agreed
134857,agreed
258389,agreed
54549,agreed
5216,agreed
93331,unrelated
299990,unrelated
264479,agreed
303560,agreed
266190,unrelated
176704,agreed
273377,unrelated
277794,unrelated
116680,unrelated
930,unrelated
25250,unrelated
90512,agreed
210660,agreed
206231,agreed
186879,agreed
193940,agreed
37393,unrelated
174487,agreed
194360,agreed
268445,unrelated
206803,unrelated
313324,unrelated
21538,unrelated
59972,agreed
46372,agreed
28017,unrelated
67425,agreed
313723,unrelated
287416,agreed
320448,unrelated
240444,unrelated
6534,unrelated
194668,agreed
248599,unrelated
262970,unrelated
316046,unrelated
152359,agreed
186088,agreed
15941,disagreed
76824,unrelated
87801,unrelated
99011,unrelated
262342,unrelated
297300,unrelated
314191,unrelated
224546,unrelated
174541,agreed
202183,unrelated
278092,unrelated
7780,unrelated
86485,unrelated
201533,agreed
263496,unrelated
90970,unrelated
236926,unrelated
308218,agreed
305395,unrelated
2422,unrelated
214598,unrelated
292039,unrelated
42348,agreed
46963,unrelated
15089,agreed
257855,unrelated
130110,unrelated
251128,agreed
132716,unrelated
23457,unrelated
189660,unrelated
298559,unrelated
66796,agreed
179121,unrelated
193051,unrelated
143090,unrelated
119801,unrelated
57276,agreed
225637,unrelated
136259,unrelated
275577,unrelated
87499,agreed
202403,unrelated
52496,unrelated
200918,unrelated
237174,unrelated
225145,unrelated
129539,unrelated
196780,unrelated
226501,agreed
317005,agreed
31924,unrelated
91655,unrelated
303408,unrelated
2482,agreed
22228,unrelated
135980,agreed
207673,unrelated
133151,unrelated
15224,agreed
184497,agreed
76435,unrelated
115849,agreed
222233,unrelated
63353,agreed
200589,unrelated
212717,unrelated
79738,unrelated
20697,unrelated
256892,agreed
138407,unrelated
49144,agreed
82056,unrelated
276690,unrelated
95637,unrelated
125473,unrelated
215391,unrelated
224005,unrelated
201772,unrelated
115292,unrelated
229053,unrelated
169719,unrelated
206647,unrelated
264535,unrelated
177935,agreed
266292,unrelated
263467,unrelated
217817,agreed
73647,agreed
47684,agreed
193154,unrelated
137938,unrelated
288178,agreed
118211,unrelated
161248,unrelated
130880,unrelated
204356,unrelated
157624,unrelated
162910,unrelated
62160,unrelated
255420,unrelated
177201,unrelated
42295,agreed
225237,unrelated
1638,unrelated
272877,unrelated
122359,unrelated
106163,unrelated
91360,unrelated
276045,unrelated
94138,unrelated
4961,unrelated
169039,unrelated
224256,unrelated
229321,unrelated
246331,unrelated
12360,unrelated
63699,unrelated
82113,unrelated
75479,unrelated
288385,unrelated
94922,unrelated
295096,unrelated
89952,unrelated
293134,unrelated
77768,unrelated
4950,unrelated
269678,agreed
177748,agreed
170085,unrelated
98503,unrelated
118017,unrelated
217442,unrelated
78878,unrelated
142945,unrelated
235879,agreed
145348,unrelated
89059,unrelated
14503,unrelated
16538,agreed
185965,agreed
189084,unrelated
184348,unrelated
239880,unrelated
77006,agreed
266834,agreed
220793,agreed
64699,unrelated
195861,agreed
155824,agreed
63772,agreed
264616,agreed
317234,unrelated
148551,unrelated
276383,unrelated
242991,unrelated
279925,unrelated
92960,unrelated
305909,unrelated
141067,agreed
74717,unrelated
132909,agreed
236432,unrelated
1167,agreed
223747,disagreed
211760,agreed
258229,unrelated
287611,unrelated
215907,unrelated
169148,agreed
309215,agreed
15812,unrelated
37004,unrelated
236014,agreed
214194,agreed
30317,unrelated
153185,unrelated
286087,unrelated
261488,disagreed
127099,unrelated
179169,unrelated
112650,unrelated
10792,unrelated
150187,unrelated
193587,unrelated
25694,unrelated
319156,agreed
249308,unrelated
217861,unrelated
227860,unrelated
177245,unrelated
151919,agreed
179980,unrelated
17163,agreed
282597,agreed
104103,unrelated
175726,unrelated
202338,agreed
22900,unrelated
69011,unrelated
89303,unrelated
21086,unrelated
85369,unrelated
211057,unrelated
80667,agreed
293311,unrelated
209436,unrelated
185245,unrelated
92419,unrelated
156365,unrelated
51069,unrelated
248314,unrelated
314631,unrelated
137997,unrelated
53105,unrelated
76571,unrelated
4530,unrelated
237544,unrelated
41657,agreed
147297,unrelated
96355,agreed
166594,unrelated
188741,unrelated
215451,unrelated
71213,unrelated
153405,unrelated
53772,unrelated
87210,unrelated
288532,unrelated
19738,agreed
133124,agreed
173688,agreed
230679,unrelated
261229,unrelated
163206,agreed
168111,unrelated
229758,unrelated
255783,unrelated
118097,agreed
56666,unrelated
224091,unrelated
133667,unrelated
106379,unrelated
192938,unrelated
316249,agreed
36133,unrelated
50721,unrelated
42688,agreed
159161,agreed
242758,unrelated
259681,agreed
57965,unrelated
201826,unrelated
109670,unrelated
226554,unrelated
57105,unrelated
310446,agreed
11276,unrelated
232848,unrelated
176139,unrelated
246065,unrelated
97381,unrelated
64068,disagreed
22698,unrelated
189902,unrelated
116878,unrelated
144888,agreed
240013,agreed
249244,unrelated
268891,unrelated
164427,unrelated
71230,disagreed
120651,agreed
217401,unrelated
100000,unrelated
7112,agreed
130557,unrelated
181903,unrelated
108111,agreed
249791,unrelated
276116,unrelated
61795,agreed
273706,agreed
276515,agreed
262623,unrelated
169699,unrelated
119080,agreed
278399,unrelated
133826,unrelated
27848,unrelated
148852,unrelated
203853,agreed
290726,unrelated
220819,unrelated
169911,unrelated
272937,unrelated
66697,agreed
235284,unrelated
199808,unrelated
171336,unrelated
58768,unrelated
85946,agreed
82388,unrelated
168109,unrelated
128729,unrelated
66343,agreed
43601,agreed
286090,unrelated
199064,unrelated
159522,unrelated
207301,unrelated
44029,unrelated
217724,unrelated
67057,unrelated
150935,unrelated
260269,unrelated
247981,agreed
45088,agreed
197379,agreed
208357,unrelated
171591,unrelated
218740,agreed
60388,unrelated
282644,unrelated
56678,unrelated
256578,unrelated
118193,unrelated
239182,unrelated
274602,unrelated
286174,unrelated
78361,agreed
201445,unrelated
148058,unrelated
233448,unrelated
142457,unrelated
268432,unrelated
243363,agreed
21957,unrelated
262478,unrelated
112401,unrelated
93985,unrelated
88994,unrelated
142651,unrelated
272391,unrelated
86144,unrelated
232866,unrelated
290914,unrelated
310277,agreed
252842,unrelated
12017,unrelated
16810,agreed
80847,unrelated
31017,agreed
187380,unrelated
317941,agreed
253892,unrelated
216064,agreed
216992,agreed
233865,agreed
278413,unrelated
269120,unrelated
144385,unrelated
218901,unrelated
87786,unrelated
76925,unrelated
84209,agreed
310947,unrelated
282912,unrelated
9553,unrelated
217690,unrelated
303913,unrelated
248622,unrelated
191429,agreed
206694,unrelated
155249,unrelated
49064,unrelated
13181,unrelated
5372,unrelated
308606,agreed
268831,unrelated
113369,unrelated
87724,unrelated
151041,agreed
178680,unrelated
216837,unrelated
62490,unrelated
42446,unrelated
246839,unrelated
120972,unrelated
320746,agreed
151803,agreed
41368,unrelated
207062,unrelated
3622,unrelated
202261,agreed
54982,unrelated
64407,agreed
292463,unrelated
179207,agreed
270662,unrelated
264504,unrelated
310004,unrelated
57597,unrelated
266456,agreed
206316,agreed
101800,unrelated
226294,unrelated
210330,agreed
1491,unrelated
223037,unrelated
107272,disagreed
247910,unrelated
208207,unrelated
37328,disagreed
40965,agreed
140116,agreed
266196,unrelated
152412,unrelated
66869,unrelated
268070,agreed
304632,agreed
123179,agreed
301722,agreed
249567,unrelated
256786,unrelated
130404,unrelated
138185,unrelated
153445,unrelated
195395,unrelated
36624,unrelated
263247,unrelated
199207,agreed
23735,unrelated
261791,unrelated
90471,unrelated
115051,agreed
53792,unrelated
169594,unrelated
225815,unrelated
313313,unrelated
161075,unrelated
320041,unrelated
60063,unrelated
72986,unrelated
298114,unrelated
307181,unrelated
40186,unrelated
144457,unrelated
38457,unrelated
155301,unrelated
156660,unrelated
101942,unrelated
293043,unrelated
120929,unrelated
267534,agreed
267114,unrelated
124048,unrelated
66946,unrelated
107879,unrelated
312805,agreed
163631,unrelated
296052,unrelated
86678,agreed
153952,unrelated
249280,unrelated
92831,agreed
196695,agreed
10058,unrelated
112803,unrelated
300551,unrelated
279669,unrelated
4620,unrelated
265912,agreed
214337,agreed
161712,unrelated
181047,unrelated
88250,unrelated
259041,agreed
304208,agreed
308795,unrelated
175262,unrelated
43763,agreed
295784,unrelated
186124,agreed
259964,agreed
61212,unrelated
69607,unrelated
93695,unrelated
291138,unrelated
227637,agreed
166048,agreed
144758,unrelated
42344,agreed
317278,unrelated
177633,agreed
152976,unrelated
106745,unrelated
221478,agreed
254086,agreed
287401,unrelated
87866,unrelated
220364,agreed
298868,unrelated
239463,unrelated
63336,unrelated
62832,unrelated
319005,unrelated
308025,unrelated
120205,unrelated
178583,agreed
53773,agreed
286153,unrelated
64375,agreed
42148,agreed
33001,agreed
249978,unrelated
54523,agreed
152471,unrelated
182131,unrelated
265052,unrelated
211845,agreed
124570,agreed
137573,unrelated
213668,unrelated
172029,agreed
190884,unrelated
273929,agreed
302449,unrelated
191804,agreed
280832,unrelated
160283,unrelated
104680,agreed
174595,agreed
248014,agreed
226536,unrelated
120627,unrelated
59338,unrelated
114571,agreed
182476,agreed
96623,unrelated
310925,unrelated
235316,unrelated
70605,unrelated
79550,unrelated
52825,unrelated
131122,unrelated
266469,unrelated
78353,unrelated
117432,unrelated
67383,unrelated
35162,unrelated
20740,unrelated
151056,unrelated
77585,unrelated
45435,unrelated
169544,unrelated
199351,agreed
248847,unrelated
141610,agreed
19932,unrelated
318137,agreed
155022,agreed
69606,unrelated
216972,agreed
290812,unrelated
484,unrelated
321164,unrelated
305373,unrelated
34453,agreed
59631,agreed
319542,unrelated
135222,agreed
59652,unrelated
125355,unrelated
289255,unrelated
266485,agreed
56009,agreed
146679,agreed
42303,agreed
67843,agreed
177484,agreed
46892,unrelated
90300,unrelated
207676,unrelated
68935,unrelated
58454,unrelated
280076,unrelated
84340,unrelated
238772,unrelated
56438,unrelated
171844,unrelated
91387,unrelated
5799,agreed
17937,unrelated
313959,unrelated
187420,unrelated
183145,unrelated
160967,unrelated
64245,unrelated
268457,unrelated
51478,unrelated
202501,agreed
249948,unrelated
204879,agreed
136926,unrelated
40435,agreed
118029,unrelated
254135,unrelated
160038,unrelated
288183,unrelated
20940,unrelated
273681,unrelated
147291,unrelated
105681,unrelated
282383,unrelated
22809,unrelated
118262,unrelated
314402,disagreed
174856,agreed
132448,unrelated
210820,unrelated
110995,agreed
143246,agreed
74279,agreed
257005,unrelated
46622,unrelated
76449,unrelated
272644,agreed
165899,unrelated
194535,unrelated
17914,unrelated
227256,unrelated
187392,unrelated
28617,unrelated
128301,agreed
16803,unrelated
166975,unrelated
224777,unrelated
72353,disagreed
311511,unrelated
20246,unrelated
40476,unrelated
204230,unrelated
201377,unrelated
192922,agreed
15825,unrelated
163624,unrelated
43806,agreed
183584,unrelated
161105,unrelated
315526,agreed
133237,agreed
294942,unrelated
172340,unrelated
136444,unrelated
206727,unrelated
77114,unrelated
231830,agreed
4049,unrelated
78740,unrelated
99500,unrelated
319854,unrelated
255789,unrelated
256251,agreed
5180,unrelated
27402,unrelated
21980,unrelated
206332,agreed
110075,unrelated
267029,unrelated
289027,unrelated
27510,unrelated
255922,unrelated
269993,unrelated
248783,unrelated
123251,agreed
26837,unrelated
74176,unrelated
37348,agreed
67185,agreed
10576,agreed
37434,unrelated
275234,unrelated
140495,unrelated
304488,agreed
5929,unrelated
39059,agreed
312767,agreed
257958,agreed
257093,unrelated
218819,unrelated
240073,unrelated
190204,agreed
37841,unrelated
159462,unrelated
206816,unrelated
155638,unrelated
98128,agreed
233217,unrelated
63043,unrelated
11103,unrelated
289568,agreed
83333,unrelated
303180,unrelated
172761,unrelated
176251,agreed
4351,unrelated
75474,unrelated
38228,unrelated
73849,unrelated
256226,agreed
190876,unrelated
310542,agreed
193607,unrelated
292009,unrelated
216386,unrelated
66118,agreed
311390,unrelated
317613,agreed
234327,disagreed
184347,unrelated
10107,unrelated
119478,unrelated
19118,unrelated
164661,agreed
279210,agreed
156584,agreed
161058,unrelated
3266,unrelated
13302,unrelated
22305,unrelated
83754,unrelated
275262,unrelated
208928,agreed
93811,unrelated
250407,agreed
232393,agreed
139433,unrelated
191544,unrelated
42274,agreed
221803,agreed
299371,unrelated
184005,unrelated
311120,unrelated
7952,agreed
38290,unrelated
115446,unrelated
219711,agreed
13275,unrelated
216131,agreed
8931,unrelated
251238,unrelated
133767,unrelated
155593,unrelated
76392,agreed
217366,unrelated
153930,unrelated
153367,agreed
97372,agreed
44242,unrelated
155805,agreed
215384,unrelated
291658,unrelated
24203,unrelated
52804,agreed
161770,unrelated
189694,unrelated
241016,unrelated
36457,unrelated
187826,agreed
62184,unrelated
177498,unrelated
132268,unrelated
261195,unrelated
308236,unrelated
240896,unrelated
72051,unrelated
266494,agreed
17211,unrelated
4239,unrelated
256866,agreed
111430,unrelated
259171,unrelated
214377,unrelated
34541,unrelated
219702,agreed
193227,unrelated
137303,agreed
94866,unrelated
22212,agreed
58183,unrelated
22599,unrelated
271553,agreed
234663,unrelated
262565,unrelated
198441,unrelated
184240,unrelated
303410,unrelated
161688,agreed
34931,unrelated
99368,unrelated
201895,unrelated
314718,unrelated
306066,agreed
309835,agreed
316314,unrelated
33590,unrelated
275543,agreed
10907,agreed
192403,unrelated
200001,unrelated
18864,unrelated
76956,agreed
237076,unrelated
285916,agreed
186108,unrelated
238087,agreed
149134,unrelated
217997,unrelated
136281,unrelated
184111,unrelated
191063,unrelated
9634,agreed
218093,unrelated
177000,agreed
23577,agreed
49833,unrelated
184470,agreed
95464,unrelated
198747,unrelated
80848,unrelated
106610,unrelated
149689,unrelated
120548,unrelated
39126,agreed
314652,unrelated
252481,unrelated
152336,unrelated
299352,unrelated
103523,agreed
103216,unrelated
303615,unrelated
221954,unrelated
144558,unrelated
31147,unrelated
284902,agreed
97854,unrelated
73347,disagreed
169980,unrelated
132721,unrelated
82403,unrelated
94518,unrelated
89517,agreed
81987,unrelated
272100,unrelated
77671,agreed
27869,unrelated
78773,unrelated
65750,unrelated
309609,unrelated
281503,unrelated
24185,unrelated
4648,unrelated
22148,unrelated
262233,disagreed
129148,agreed
127263,unrelated
128736,unrelated
221507,agreed
101573,unrelated
286600,unrelated
181070,unrelated
301474,unrelated
30630,unrelated
269970,unrelated
145820,unrelated
90168,unrelated
35539,agreed
65393,agreed
264051,unrelated
300115,unrelated
204026,unrelated
280556,unrelated
249128,unrelated
40821,unrelated
208955,unrelated
96006,unrelated
65857,unrelated
313455,unrelated
5805,agreed
139535,unrelated
267284,agreed
137655,agreed
301334,unrelated
266488,unrelated
245030,unrelated
146541,agreed
39455,agreed
291366,unrelated
203341,agreed
156032,unrelated
38731,unrelated
20592,unrelated
234626,unrelated
185124,unrelated
74161,agreed
52812,unrelated
304070,unrelated
100798,unrelated
33121,unrelated
59424,unrelated
256177,agreed
149589,unrelated
167008,unrelated
194474,unrelated
294322,unrelated
280805,agreed
16816,unrelated
23987,unrelated
89542,unrelated
293194,unrelated
226769,unrelated
110158,unrelated
131880,unrelated
187041,unrelated
181533,agreed
104080,unrelated
7050,unrelated
8670,unrelated
313822,agreed
127215,unrelated
210493,agreed
118884,unrelated
309904,unrelated
314834,unrelated
193526,unrelated
271511,unrelated
179695,unrelated
298075,unrelated
181308,agreed
190366,agreed
71988,unrelated
44667,unrelated
281305,unrelated
142394,unrelated
211690,unrelated
282896,agreed
206077,agreed
57022,unrelated
222364,unrelated
24577,agreed
86756,unrelated
241714,agreed
23156,unrelated
228305,unrelated
239939,unrelated
81251,unrelated
237950,unrelated
177563,agreed
252192,unrelated
185728,agreed
266540,unrelated
73317,unrelated
157348,unrelated
73313,agreed
198571,unrelated
165617,agreed
72396,unrelated
61042,unrelated
287982,unrelated
293071,unrelated
46916,unrelated
96109,agreed
57389,unrelated
142113,unrelated
85765,unrelated
316900,agreed
231106,agreed
12903,agreed
232752,unrelated
147813,unrelated
92680,agreed
127650,agreed
251779,unrelated
6874,unrelated
299475,unrelated
50986,unrelated
315764,unrelated
192608,unrelated
17315,agreed
188601,agreed
208292,unrelated
310833,agreed
19828,unrelated
68277,unrelated
15857,unrelated
50360,unrelated
298727,unrelated
102060,agreed
183874,unrelated
40985,agreed
295038,unrelated
117169,agreed
255078,agreed
202922,agreed
15552,agreed
229761,unrelated
291829,agreed
139258,agreed
156757,agreed
310936,unrelated
190599,unrelated
55513,unrelated
3272,unrelated
232349,unrelated
225205,agreed
317374,unrelated
253332,agreed
47992,unrelated
312644,unrelated
52768,unrelated
157477,unrelated
89420,unrelated
190274,agreed
207305,unrelated
39737,unrelated
26450,unrelated
33987,unrelated
30919,unrelated
297703,unrelated
286760,agreed
214893,unrelated
238940,agreed
315237,unrelated
87761,unrelated
214371,unrelated
40393,unrelated
203110,agreed
166259,agreed
172515,unrelated
67667,agreed
85976,agreed
208179,unrelated
129525,unrelated
174183,unrelated
160254,unrelated
234629,unrelated
163639,unrelated
131237,unrelated
239261,unrelated
261998,unrelated
7662,unrelated
47291,unrelated
80284,agreed
177837,unrelated
127977,unrelated
3603,unrelated
64835,agreed
60133,unrelated
255405,unrelated
183578,unrelated
112067,agreed
134699,unrelated
232105,unrelated
57479,unrelated
280962,unrelated
285142,unrelated
155381,unrelated
240835,unrelated
271023,unrelated
229029,unrelated
256277,unrelated
104037,unrelated
286136,disagreed
276271,unrelated
186624,agreed
114631,unrelated
155345,unrelated
303298,unrelated
231011,unrelated
173869,unrelated
163964,unrelated
269270,agreed
72649,unrelated
151036,agreed
231370,unrelated
72107,agreed
289253,unrelated
184881,unrelated
41590,unrelated
232270,unrelated
147167,agreed
292088,agreed
281934,unrelated
185609,unrelated
129976,agreed
128062,unrelated
175643,unrelated
279412,unrelated
171248,unrelated
12954,agreed
203125,unrelated
62661,unrelated
221951,unrelated
128302,agreed
206327,agreed
230001,unrelated
279891,unrelated
295233,unrelated
178191,unrelated
128317,agreed
41878,agreed
308649,agreed
225256,unrelated
78460,agreed
183127,unrelated
111071,agreed
75657,unrelated
136261,unrelated
99890,unrelated
19520,unrelated
44733,unrelated
241349,agreed
200595,agreed
89503,agreed
290135,unrelated
16030,unrelated
276324,disagreed
35026,unrelated
286952,unrelated
7085,unrelated
408,unrelated
230102,unrelated
234823,unrelated
86557,agreed
84857,unrelated
221745,agreed
21213,unrelated
150051,unrelated
52475,unrelated
48440,unrelated
35857,unrelated
83578,unrelated
289389,agreed
273638,unrelated
43084,unrelated
254897,agreed
147808,unrelated
15801,agreed
65635,agreed
120001,unrelated
299268,unrelated
5575,unrelated
276205,agreed
160419,unrelated
148790,unrelated
319742,unrelated
120260,agreed
259785,unrelated
18086,unrelated
169848,unrelated
253499,unrelated
278917,unrelated
107718,unrelated
45487,unrelated
246702,unrelated
198225,unrelated
195299,agreed
185024,unrelated
93919,agreed
220108,unrelated
274086,unrelated
198398,unrelated
59176,unrelated
305700,unrelated
223090,unrelated
295724,unrelated
176130,agreed
265981,unrelated
43831,unrelated
220767,unrelated
116992,unrelated
145857,unrelated
197262,agreed
255964,unrelated
47283,unrelated
301946,agreed
117085,agreed
214932,disagreed
199687,unrelated
146511,agreed
253704,agreed
81593,agreed
165607,unrelated
301758,agreed
92915,agreed
24387,agreed
25940,unrelated
309602,unrelated
164757,agreed
165495,agreed
209042,unrelated
197588,agreed
151481,unrelated
148907,unrelated
142848,unrelated
198840,agreed
76233,unrelated
182732,unrelated
41497,unrelated
267003,agreed
47847,agreed
10799,agreed
15244,agreed
263633,unrelated
88759,unrelated
124233,unrelated
129335,unrelated
141243,unrelated
284775,unrelated
287444,unrelated
312597,unrelated
267182,unrelated
31943,agreed
105158,unrelated
37396,unrelated
167023,agreed
220496,unrelated
26176,unrelated
19473,unrelated
302552,unrelated
268074,unrelated
280116,unrelated
138066,unrelated
45049,unrelated
42401,agreed
58116,unrelated
149482,agreed
146450,unrelated
210180,unrelated
306334,unrelated
183453,unrelated
184460,agreed
198884,agreed
22468,unrelated
169201,unrelated
55183,agreed
313669,agreed
121406,unrelated
212785,unrelated
226640,unrelated
121326,unrelated
177828,agreed
75957,agreed
73612,unrelated
185928,unrelated
216448,unrelated
217387,unrelated
113091,unrelated
21979,unrelated
148490,unrelated
243793,agreed
62767,unrelated
76096,unrelated
2332,unrelated
5192,unrelated
142482,agreed
279247,unrelated
273272,disagreed
164671,agreed
117841,unrelated
131027,unrelated
53292,unrelated
91549,unrelated
308604,agreed
89998,agreed
211178,disagreed
29222,unrelated
290614,unrelated
188671,unrelated
118250,unrelated
180476,unrelated
282916,unrelated
13298,unrelated
12734,unrelated
63880,unrelated
223070,unrelated
240775,unrelated
276304,agreed
115353,unrelated
4919,agreed
126613,agreed
256255,unrelated
46201,unrelated
99175,unrelated
297813,unrelated
116145,unrelated
11402,unrelated
251741,unrelated
211496,unrelated
23127,agreed
53965,unrelated
258900,unrelated
155240,unrelated
194148,unrelated
133649,agreed
290379,unrelated
282362,unrelated
237506,unrelated
296164,unrelated
133092,unrelated
7903,unrelated
212523,unrelated
312364,unrelated
75989,agreed
38021,unrelated
99141,agreed
188001,unrelated
251388,unrelated
237704,agreed
192543,agreed
221659,unrelated
105115,agreed
260117,unrelated
138346,unrelated
181947,unrelated
249333,unrelated
14919,unrelated
21543,unrelated
106214,agreed
286703,unrelated
174343,unrelated
223703,agreed
75386,unrelated
55207,unrelated
219426,unrelated
218718,unrelated
7821,disagreed
87625,agreed
82030,unrelated
95501,agreed
10277,agreed
17757,agreed
71030,unrelated
65876,unrelated
102806,unrelated
197606,agreed
152737,unrelated
117761,unrelated
42147,unrelated
20016,unrelated
317558,unrelated
312580,unrelated
256987,unrelated
80034,unrelated
67389,unrelated
177911,unrelated
96537,unrelated
188548,unrelated
320230,unrelated
264185,unrelated
37932,unrelated
269186,agreed
132893,agreed
224117,unrelated
715,agreed
163815,unrelated
78786,unrelated
281424,unrelated
272780,unrelated
91546,unrelated
291289,unrelated
165587,unrelated
271272,agreed
77506,unrelated
186569,unrelated
117708,unrelated
215742,unrelated
147083,agreed
250799,unrelated
144544,unrelated
271509,unrelated
87176,agreed
100401,unrelated
130853,unrelated
24505,unrelated
22232,unrelated
196104,unrelated
293657,unrelated
48198,unrelated
175938,agreed
227355,agreed
207322,unrelated
218681,unrelated
253129,agreed
40552,unrelated
60603,unrelated
195711,agreed
77642,unrelated
163322,unrelated
291957,unrelated
129844,agreed
120484,unrelated
2359,agreed
210484,agreed
143882,unrelated
91256,unrelated
275182,unrelated
260674,unrelated
50556,unrelated
6376,unrelated
58248,unrelated
164245,agreed
167065,unrelated
102651,unrelated
13752,agreed
88987,unrelated
32170,unrelated
25449,unrelated
175487,unrelated
100372,unrelated
130846,unrelated
199960,agreed
117299,unrelated
132701,unrelated
269131,unrelated
89524,unrelated
65631,agreed
72038,unrelated
5391,unrelated
201373,unrelated
8846,unrelated
116678,unrelated
28428,unrelated
284073,agreed
104004,unrelated
247024,unrelated
105904,unrelated
234015,unrelated
55575,unrelated
311565,unrelated
268352,agreed
221513,agreed
253276,unrelated
280030,unrelated
168817,unrelated
83190,agreed
302828,unrelated
161920,unrelated
10767,agreed
170641,unrelated
259773,unrelated
61607,unrelated
311299,unrelated
50711,unrelated
50249,agreed
82074,unrelated
130200,unrelated
30903,unrelated
291092,agreed
89856,unrelated
64810,agreed
96821,agreed
66348,unrelated
313395,agreed
17626,unrelated
248911,unrelated
24973,unrelated
89056,unrelated
190919,unrelated
244341,agreed
146466,unrelated
221880,unrelated
163078,unrelated
107729,unrelated
149517,agreed
17779,unrelated
15226,agreed
139109,unrelated
184141,unrelated
293735,unrelated
18191,unrelated
49674,unrelated
184182,unrelated
296481,agreed
179912,unrelated
308633,agreed
173105,unrelated
81248,unrelated
232209,unrelated
126103,unrelated
277415,unrelated
182540,unrelated
162961,unrelated
132529,unrelated
136961,unrelated
283932,unrelated
276158,unrelated
284742,unrelated
212653,unrelated
76535,agreed
140031,unrelated
166449,agreed
29727,unrelated
242729,unrelated
58005,unrelated
283111,unrelated
254277,unrelated
218599,unrelated
284487,unrelated
289962,unrelated
268204,agreed
166674,unrelated
118304,unrelated
219528,unrelated
130092,agreed
296421,unrelated
133805,unrelated
24329,unrelated
169119,unrelated
84218,unrelated
278182,unrelated
144055,unrelated
88388,agreed
64931,agreed
4481,unrelated
153428,unrelated
123923,agreed
303307,unrelated
93052,agreed
145442,unrelated
46256,agreed
14136,unrelated
112367,agreed
186056,unrelated
38120,unrelated
303453,unrelated
52208,unrelated
488,agreed
2442,unrelated
139182,unrelated
190656,unrelated
229252,agreed
305049,unrelated
35905,unrelated
245204,unrelated
206402,unrelated
289344,unrelated
219784,agreed
23386,unrelated
47153,unrelated
318006,unrelated
220725,agreed
227113,agreed
211027,unrelated
186784,agreed
274436,agreed
114785,unrelated
259991,agreed
107025,unrelated
26710,unrelated
43328,disagreed
242072,agreed
219330,unrelated
39353,unrelated
319612,unrelated
268975,unrelated
9404,unrelated
59426,unrelated
232003,agreed
287211,agreed
302107,agreed
32527,agreed
265517,agreed
151619,unrelated
310825,unrelated
239917,agreed
55199,unrelated
63118,unrelated
177867,unrelated
309710,unrelated
306553,unrelated
34995,agreed
287304,unrelated
34496,unrelated
24039,unrelated
39202,unrelated
155038,agreed
129274,unrelated
221090,unrelated
7555,agreed
76719,unrelated
73811,unrelated
42871,unrelated
229076,unrelated
288142,agreed
14611,unrelated
114567,agreed
13297,unrelated
268071,unrelated
282126,agreed
217638,agreed
12404,unrelated
222820,unrelated
304508,unrelated
80084,unrelated
178944,unrelated
245079,agreed
200098,unrelated
219882,unrelated
136908,unrelated
167977,unrelated
276091,unrelated
276831,unrelated
238348,unrelated
196203,unrelated
51974,unrelated
153935,unrelated
296802,unrelated
79884,unrelated
5672,unrelated
220212,agreed
67023,unrelated
72229,unrelated
127684,unrelated
68430,unrelated
124787,unrelated
228306,unrelated
228482,unrelated
135909,unrelated
167526,unrelated
44178,unrelated
239223,unrelated
34292,unrelated
187816,unrelated
72106,unrelated
263001,unrelated
33127,unrelated
157521,unrelated
169651,unrelated
211362,unrelated
100136,agreed
237178,unrelated
100815,unrelated
257627,agreed
141426,unrelated
83112,unrelated
242366,unrelated
154645,unrelated
313326,unrelated
223990,agreed
294201,unrelated
175811,disagreed
57100,unrelated
27227,unrelated
44648,unrelated
97766,unrelated
153595,unrelated
152982,unrelated
6098,unrelated
174136,unrelated
29673,unrelated
224452,agreed
182461,unrelated
316895,agreed
267956,unrelated
60749,unrelated
315497,agreed
72502,unrelated
229826,unrelated
141476,unrelated
165598,unrelated
188809,unrelated
253969,unrelated
88486,agreed
137281,unrelated
138563,unrelated
13161,unrelated
103832,unrelated
234168,unrelated
258448,agreed
236761,unrelated
152017,unrelated
241606,unrelated
303768,unrelated
142420,unrelated
75979,agreed
143975,unrelated
138229,unrelated
201239,unrelated
228386,agreed
73448,agreed
4952,unrelated
37792,unrelated
89004,unrelated
214164,agreed
157684,unrelated
88937,unrelated
254191,unrelated
117892,unrelated
44700,unrelated
39252,unrelated
311732,unrelated
117026,unrelated
318391,unrelated
86914,agreed
43045,agreed
40573,agreed
157451,unrelated
137935,agreed
215206,unrelated
320254,unrelated
110483,unrelated
31793,unrelated
74636,unrelated
168696,unrelated
9238,agreed
189397,unrelated
152568,unrelated
25874,agreed
36367,unrelated
298364,unrelated
26637,unrelated
175385,unrelated
75385,unrelated
252656,unrelated
210918,unrelated
289298,unrelated
107877,unrelated
198086,unrelated
64058,agreed
306533,unrelated
152505,unrelated
104153,unrelated
56365,agreed
245455,agreed
197396,unrelated
303735,unrelated
46772,unrelated
281084,unrelated
269243,unrelated
171312,unrelated
80504,unrelated
121880,unrelated
83818,agreed
62264,unrelated
75765,agreed
307067,unrelated
272046,unrelated
87853,agreed
140777,agreed
213002,unrelated
246506,unrelated
215366,unrelated
70774,unrelated
244269,agreed
120579,agreed
105696,unrelated
56374,agreed
80219,unrelated
285161,unrelated
174747,unrelated
59929,agreed
177425,agreed
141706,unrelated
127319,unrelated
51470,agreed
218335,unrelated
51588,unrelated
119974,agreed
320572,unrelated
103521,agreed
318363,unrelated
64625,unrelated
154901,unrelated
97412,unrelated
124883,unrelated
10010,unrelated
98898,agreed
25875,agreed
79929,agreed
280250,unrelated
157747,unrelated
124869,agreed
258898,unrelated
145104,unrelated
189986,unrelated
39005,unrelated
203546,unrelated
136536,agreed
263146,unrelated
97504,unrelated
69985,agreed
293227,unrelated
188337,agreed
207452,unrelated
142088,agreed
115682,unrelated
172169,unrelated
114525,unrelated
301462,unrelated
41179,unrelated
193655,agreed
165688,unrelated
34990,unrelated
138108,unrelated
192806,unrelated
167763,unrelated
193367,unrelated
158638,unrelated
305436,unrelated
283886,unrelated
26093,unrelated
270895,agreed
7445,unrelated
21839,unrelated
210182,unrelated
250699,unrelated
307326,agreed
222185,unrelated
223419,disagreed
105151,unrelated
181659,unrelated
23696,unrelated
213389,unrelated
63732,unrelated
278818,unrelated
282646,unrelated
41034,unrelated
3012,agreed
125180,unrelated
160465,agreed
90835,agreed
17302,agreed
85585,unrelated
75711,unrelated
292297,unrelated
145245,unrelated
128153,unrelated
270784,unrelated
84875,unrelated
315807,unrelated
140272,unrelated
31043,unrelated
311836,unrelated
158544,unrelated
247859,unrelated
89355,unrelated
128524,unrelated
218639,unrelated
203329,unrelated
81075,unrelated
27824,unrelated
243355,unrelated
145524,unrelated
92183,agreed
262065,agreed
117003,unrelated
145311,unrelated
267331,agreed
83860,agreed
273762,unrelated
294956,unrelated
189323,unrelated
40776,unrelated
13928,unrelated
100370,unrelated
69534,unrelated
193608,unrelated
209723,agreed
198578,unrelated
115550,unrelated
221790,unrelated
169689,unrelated
34277,agreed
134032,unrelated
148906,unrelated
147617,agreed
195284,unrelated
88806,unrelated
45085,agreed
69148,unrelated
280920,agreed
75901,unrelated
259414,unrelated
146737,agreed
307413,agreed
81638,agreed
280243,agreed
38745,unrelated
72311,unrelated
83720,unrelated
102934,unrelated
130570,agreed
253673,unrelated
309991,unrelated
241836,agreed
15383,agreed
177418,unrelated
243004,unrelated
183392,agreed
272794,unrelated
162917,unrelated
294266,unrelated
309691,unrelated
109821,unrelated
101620,agreed
193619,agreed
112767,unrelated
128634,agreed
287537,unrelated
81050,unrelated
41076,agreed
211663,unrelated
138812,unrelated
194418,agreed
64842,agreed
53060,unrelated
271175,unrelated
201198,unrelated
142686,agreed
105361,unrelated
2632,agreed
182046,unrelated
163208,unrelated
32045,unrelated
307451,agreed
217028,unrelated
182093,unrelated
298015,unrelated
139092,unrelated
189893,agreed
54545,agreed
3033,unrelated
161572,unrelated
309048,unrelated
6895,agreed
167936,unrelated
199537,unrelated
121346,unrelated
81770,agreed
70302,agreed
197640,unrelated
192623,unrelated
220046,unrelated
193019,agreed
214675,unrelated
251666,agreed
193368,unrelated
98190,unrelated
16372,unrelated
23241,unrelated
11042,unrelated
286020,agreed
49052,agreed
59489,unrelated
288210,unrelated
186460,unrelated
305705,unrelated
266353,unrelated
37995,unrelated
178893,unrelated
60653,unrelated
110279,unrelated
107740,unrelated
40171,unrelated
90179,unrelated
111704,unrelated
180838,unrelated
120452,agreed
218986,unrelated
185829,agreed
307757,unrelated
246586,agreed
281309,unrelated
181280,unrelated
106554,unrelated
284349,agreed
173602,agreed
229142,unrelated
20184,disagreed
200982,unrelated
304901,unrelated
241916,unrelated
201756,agreed
97455,unrelated
294003,agreed
107982,agreed
169734,unrelated
283769,unrelated
281128,unrelated
49323,unrelated
226379,unrelated
122076,unrelated
68490,unrelated
66136,agreed
270980,unrelated
6369,unrelated
261372,unrelated
159113,agreed
263359,unrelated
221059,agreed
107606,agreed
110204,unrelated
106200,agreed
244707,disagreed
38719,unrelated
39793,unrelated
148802,agreed
116335,unrelated
266168,unrelated
303844,unrelated
58717,unrelated
36157,disagreed
228264,unrelated
112785,unrelated
1800,agreed
45514,unrelated
114888,unrelated
249096,agreed
161354,agreed
97810,agreed
277616,agreed
99310,unrelated
130146,agreed
244840,unrelated
111378,agreed
267177,unrelated
279539,agreed
224109,unrelated
148766,unrelated
124228,unrelated
150443,unrelated
63131,unrelated
27378,unrelated
147796,unrelated
194164,agreed
263333,agreed
32229,unrelated
104238,unrelated
115660,unrelated
9754,unrelated
186194,unrelated
192129,unrelated
107340,agreed
104265,agreed
169820,unrelated
73776,unrelated
270063,unrelated
279285,unrelated
125872,agreed
317770,unrelated
182779,unrelated
75529,agreed
34863,unrelated
138202,unrelated
47743,unrelated
293552,unrelated
136468,unrelated
217846,unrelated
247973,agreed
100633,agreed
167292,unrelated
231320,unrelated
56055,agreed
279147,agreed
214116,agreed
8099,agreed
277498,unrelated
60489,unrelated
304781,unrelated
263719,unrelated
47734,unrelated
270653,agreed
19257,unrelated
54958,agreed
233142,unrelated
129994,unrelated
203698,unrelated
63909,unrelated
219743,unrelated
126930,unrelated
281317,unrelated
112755,unrelated
208238,unrelated
72501,unrelated
55212,unrelated
23798,agreed
140537,unrelated
185240,agreed
119129,unrelated
120198,unrelated
307879,agreed
298615,unrelated
241550,unrelated
252306,unrelated
12959,agreed
127019,unrelated
92692,unrelated
183788,agreed
145698,agreed
269985,unrelated
59649,unrelated
159194,unrelated
3707,agreed
221824,unrelated
267475,agreed
201758,agreed
196171,agreed
300139,unrelated
24056,unrelated
203137,agreed
243475,agreed
46466,unrelated
83790,unrelated
164208,unrelated
135948,unrelated
244370,unrelated
231583,unrelated
194386,agreed
245937,unrelated
149770,unrelated
274539,unrelated
233231,unrelated
177476,unrelated
299033,unrelated
28387,unrelated
147956,agreed
39038,agreed
295108,unrelated
125195,unrelated
161542,agreed
19104,unrelated
193004,unrelated
79299,unrelated
166935,unrelated
102426,unrelated
101665,unrelated
37897,unrelated
303255,unrelated
48182,unrelated
120007,unrelated
256709,agreed
47391,unrelated
184346,unrelated
218095,unrelated
227722,unrelated
167358,unrelated
18749,unrelated
53192,unrelated
507,unrelated
131820,unrelated
264746,unrelated
106707,unrelated
39560,agreed
238293,unrelated
210014,unrelated
274481,unrelated
259469,agreed
270181,unrelated
238541,unrelated
9300,unrelated
96968,agreed
240291,unrelated
120252,agreed
185891,unrelated
308879,unrelated
262817,unrelated
234700,unrelated
267991,agreed
200810,unrelated
242931,agreed
79587,unrelated
84816,unrelated
277529,unrelated
308976,agreed
136182,unrelated
229209,unrelated
35559,unrelated
235609,agreed
205053,agreed
143272,unrelated
229886,unrelated
312447,agreed
150388,agreed
211109,agreed
178064,unrelated
276381,unrelated
57520,unrelated
160529,agreed
7680,agreed
57698,unrelated
241132,unrelated
180284,unrelated
107183,unrelated
22200,unrelated
262428,agreed
53266,unrelated
81862,unrelated
101451,unrelated
122496,unrelated
48489,agreed
79759,unrelated
232748,unrelated
72998,agreed
36291,agreed
73654,agreed
221532,unrelated
58661,unrelated
256664,unrelated
119376,unrelated
59689,unrelated
87700,unrelated
200738,agreed
27826,agreed
203793,unrelated
92674,agreed
17492,unrelated
162779,agreed
291157,agreed
103475,agreed
186054,unrelated
12335,unrelated
239941,unrelated
90165,unrelated
203441,agreed
77990,agreed
171792,unrelated
40265,unrelated
214809,unrelated
282849,unrelated
55378,unrelated
240306,unrelated
153089,unrelated
207835,agreed
9165,agreed
93814,unrelated
264985,unrelated
135432,unrelated
132089,unrelated
7891,agreed
244874,agreed
69137,unrelated
2271,agreed
70730,unrelated
81333,unrelated
11762,agreed
263748,unrelated
239660,unrelated
209390,unrelated
232742,unrelated
202629,unrelated
43869,agreed
156101,unrelated
117766,unrelated
258404,agreed
285771,agreed
226940,unrelated
46141,unrelated
196905,agreed
90182,unrelated
279682,agreed
284366,unrelated
165120,unrelated
269994,unrelated
240514,unrelated
261721,unrelated
144481,unrelated
38994,unrelated
270678,unrelated
9375,unrelated
112251,agreed
5151,agreed
266944,agreed
135949,unrelated
63503,unrelated
169792,agreed
192498,unrelated
280191,unrelated
313766,agreed
34014,unrelated
255903,unrelated
12029,agreed
265848,agreed
47090,unrelated
83922,unrelated
260717,unrelated
25395,unrelated
154422,unrelated
194376,agreed
61136,unrelated
172866,agreed
79947,unrelated
286848,unrelated
112549,agreed
267551,agreed
175653,unrelated
251377,unrelated
263317,unrelated
51230,agreed
128616,unrelated
41259,agreed
292790,unrelated
114909,agreed
68449,unrelated
90448,unrelated
242093,agreed
32014,unrelated
242121,agreed
73564,unrelated
58418,unrelated
244155,unrelated
38433,unrelated
304318,agreed
320148,unrelated
29909,unrelated
77069,agreed
308082,unrelated
505,agreed
300751,unrelated
118823,unrelated
292368,unrelated
26441,unrelated
56613,unrelated
184789,unrelated
254072,unrelated
277681,agreed
247584,disagreed
95027,unrelated
4935,agreed
267637,agreed
266111,unrelated
179054,unrelated
243481,unrelated
299130,unrelated
19654,unrelated
109160,agreed
6365,unrelated
174279,unrelated
280136,unrelated
1348,unrelated
104708,unrelated
29793,agreed
5660,agreed
193998,unrelated
158285,unrelated
213139,disagreed
64863,agreed
83863,agreed
236080,agreed
169991,unrelated
282441,unrelated
22746,agreed
136574,unrelated
231938,unrelated
223748,unrelated
267269,agreed
296887,unrelated
41369,unrelated
192817,unrelated
37115,unrelated
189266,unrelated
15363,agreed
218136,unrelated
305160,unrelated
100565,unrelated
260996,unrelated
197787,unrelated
263825,unrelated
302768,unrelated
52028,unrelated
155247,agreed
80644,unrelated
54073,agreed
241134,unrelated
270414,unrelated
210673,unrelated
205069,unrelated
117943,unrelated
106708,unrelated
896,disagreed
178090,unrelated
104317,unrelated
203833,unrelated
226457,unrelated
44344,unrelated
111085,unrelated
53324,unrelated
266531,agreed
74593,unrelated
283877,unrelated
73002,agreed
255197,unrelated
248542,unrelated
157785,agreed
290289,unrelated
184530,agreed
313955,agreed
187844,unrelated
88064,agreed
257880,unrelated
55525,unrelated
34543,unrelated
138714,agreed
6388,unrelated
170886,unrelated
253161,agreed
49092,agreed
318343,unrelated
303018,unrelated
121160,unrelated
210283,agreed
114732,agreed
232712,unrelated
90644,unrelated
291562,unrelated
238805,agreed
316782,unrelated
145938,unrelated
18835,agreed
164432,unrelated
217251,unrelated
248893,unrelated
201052,agreed
74757,agreed
15899,unrelated
88149,agreed
103556,agreed
223594,disagreed
22876,unrelated
240949,agreed
167069,unrelated
319419,unrelated
122142,agreed
50448,unrelated
219613,unrelated
243098,unrelated
47610,unrelated
302089,unrelated
43564,agreed
255275,unrelated
42036,unrelated
31982,agreed
38329,unrelated
98242,unrelated
208489,unrelated
270228,unrelated
97832,unrelated
44345,unrelated
95946,unrelated
219385,unrelated
270872,unrelated
125142,unrelated
109083,unrelated
92590,unrelated
91743,unrelated
152871,unrelated
313042,agreed
211994,unrelated
55999,unrelated
79235,unrelated
318145,agreed
286390,unrelated
267148,agreed
146733,unrelated
187653,unrelated
286911,unrelated
162359,unrelated
37182,unrelated
136734,agreed
309989,unrelated
8070,unrelated
219612,agreed
305255,agreed
293628,unrelated
73059,unrelated
258600,unrelated
25422,unrelated
283822,agreed
146591,agreed
240784,unrelated
191020,agreed
313561,unrelated
136011,unrelated
220804,agreed
47971,unrelated
248971,unrelated
299020,unrelated
303859,agreed
254880,agreed
202676,agreed
132816,agreed
202874,agreed
81731,agreed
66889,unrelated
193808,unrelated
99268,unrelated
215892,unrelated
20465,unrelated
33887,unrelated
263081,agreed
211388,unrelated
311823,unrelated
246780,agreed
185237,unrelated
116425,unrelated
276121,unrelated
84086,unrelated
304154,unrelated
2237,unrelated
27329,unrelated
46407,unrelated
115391,unrelated
127467,unrelated
182192,unrelated
61038,unrelated
48523,unrelated
252139,disagreed
286604,unrelated
241682,agreed
234440,agreed
96251,unrelated
210111,unrelated
279337,unrelated
318530,unrelated
83168,agreed
146351,unrelated
92833,agreed
283828,agreed
192206,unrelated
290133,unrelated
271416,unrelated
219122,unrelated
203765,agreed
214448,unrelated
8549,unrelated
129926,agreed
41063,agreed
232303,unrelated
228486,unrelated
86306,unrelated
282353,unrelated
266032,unrelated
186006,agreed
227424,unrelated
88469,agreed
257975,unrelated
122298,unrelated
290032,unrelated
39230,unrelated
108022,agreed
129363,unrelated
175685,unrelated
127243,unrelated
20872,unrelated
255977,agreed
122313,unrelated
55058,unrelated
23131,agreed
156795,unrelated
123483,unrelated
47453,unrelated
128296,unrelated
274658,unrelated
49084,agreed
164484,unrelated
97637,agreed
113881,agreed
319906,unrelated
64750,unrelated
61714,unrelated
121387,unrelated
55429,unrelated
299211,unrelated
53977,agreed
313969,unrelated
83425,unrelated
196921,unrelated
130209,unrelated
21483,unrelated
174556,unrelated
119386,unrelated
298427,unrelated
72577,agreed
254492,unrelated
43258,agreed
275978,unrelated
28351,unrelated
137761,agreed
80767,agreed
122779,unrelated
229095,unrelated
287373,unrelated
79831,disagreed
119210,unrelated
106700,unrelated
47093,unrelated
66444,unrelated
250212,agreed
232367,unrelated
30385,unrelated
77984,unrelated
104269,agreed
170940,unrelated
249546,unrelated
121017,agreed
22561,unrelated
155411,agreed
84458,unrelated
46660,unrelated
134523,unrelated
5204,agreed
180574,unrelated
84496,unrelated
299769,unrelated
236140,unrelated
216434,unrelated
151875,agreed
98502,unrelated
196639,unrelated
58493,unrelated
102976,unrelated
192536,agreed
293627,unrelated
187658,unrelated
207616,unrelated
222922,unrelated
84126,unrelated
92447,unrelated
230980,unrelated
238081,unrelated
138058,unrelated
264838,agreed
41743,agreed
59545,agreed
7497,unrelated
24714,agreed
297596,unrelated
54820,unrelated
315302,unrelated
209398,agreed
215556,agreed
220033,unrelated
79146,unrelated
235848,unrelated
128603,agreed
227248,agreed
202442,agreed
27082,unrelated
238464,unrelated
213749,unrelated
257931,unrelated
5297,unrelated
19926,agreed
210639,agreed
122416,unrelated
235915,unrelated
107048,agreed
251181,unrelated
175090,unrelated
230960,unrelated
175320,unrelated
179900,unrelated
305578,unrelated
160447,unrelated
118392,agreed
152288,agreed
227210,unrelated
206841,unrelated
232957,agreed
272994,unrelated
268658,agreed
114663,unrelated
221903,disagreed
138532,agreed
252749,unrelated
166166,unrelated
266239,agreed
128649,unrelated
287388,unrelated
55508,unrelated
81144,unrelated
88929,unrelated
5024,agreed
87626,agreed
286310,unrelated
300331,unrelated
41819,unrelated
30886,unrelated
191447,unrelated
211122,unrelated
101624,unrelated
273476,agreed
174327,agreed
190714,unrelated
173111,unrelated
264854,unrelated
93340,agreed
238398,unrelated
314705,agreed
93711,unrelated
277895,agreed
259497,unrelated
265753,unrelated
289947,unrelated
75544,agreed
139098,unrelated
64634,unrelated
251994,unrelated
4497,unrelated
106948,unrelated
80576,unrelated
166826,unrelated
2757,agreed
228995,unrelated
273694,agreed
19237,unrelated
235043,unrelated
210223,unrelated
103021,unrelated
175170,disagreed
157893,unrelated
229397,agreed
48034,unrelated
304159,unrelated
218458,unrelated
174813,agreed
156216,unrelated
313953,agreed
277649,agreed
273106,unrelated
201828,unrelated
221639,unrelated
9112,unrelated
139347,unrelated
135392,unrelated
184991,unrelated
200438,unrelated
110403,agreed
2163,unrelated
197712,unrelated
319729,unrelated
2572,unrelated
85523,unrelated
49784,agreed
41436,unrelated
14011,agreed
97547,agreed
219078,unrelated
82573,unrelated
40086,unrelated
73052,agreed
2470,agreed
162031,agreed
314543,agreed
234543,disagreed
317745,agreed
34152,unrelated
23752,unrelated
307277,unrelated
100852,unrelated
138717,unrelated
93327,unrelated
124677,agreed
214419,agreed
154886,unrelated
141371,agreed
187333,unrelated
62713,unrelated
169496,unrelated
271324,agreed
174783,agreed
118535,unrelated
138024,unrelated
40769,unrelated
194377,agreed
213023,unrelated
182902,unrelated
187040,unrelated
178013,unrelated
96681,unrelated
163086,agreed
60937,unrelated
115392,unrelated
210273,agreed
181912,unrelated
148325,unrelated
75912,agreed
226498,agreed
110709,unrelated
86346,agreed
160852,unrelated
301811,agreed
145666,unrelated
293314,unrelated
164902,unrelated
214475,unrelated
85241,agreed
26082,unrelated
283224,agreed
112219,agreed
207799,agreed
275163,unrelated
290304,unrelated
43108,unrelated
313297,unrelated
234899,unrelated
282798,unrelated
45811,unrelated
91095,unrelated
164242,agreed
44332,unrelated
196390,unrelated
276861,unrelated
193096,unrelated
80474,unrelated
130721,unrelated
63576,agreed
132776,agreed
220225,unrelated
314098,unrelated
8334,unrelated
220629,agreed
119320,unrelated
243810,agreed
112609,agreed
27026,unrelated
121025,unrelated
3722,agreed
101887,unrelated
54961,agreed
270569,unrelated
140940,unrelated
250352,unrelated
292697,unrelated
77017,unrelated
148063,unrelated
243817,unrelated
200947,agreed
7154,agreed
308278,unrelated
245087,agreed
298246,unrelated
86729,unrelated
227689,unrelated
263250,unrelated
309937,unrelated
42422,agreed
168960,unrelated
270763,unrelated
59308,unrelated
307710,agreed
158809,agreed
194541,agreed
267673,unrelated
13233,unrelated
256404,unrelated
59507,unrelated
175458,agreed
258965,unrelated
266103,agreed
304526,unrelated
197326,unrelated
27375,unrelated
303037,agreed
105086,unrelated
37692,unrelated
152137,agreed
60314,agreed
274863,agreed
47769,unrelated
298099,unrelated
262465,unrelated
189556,unrelated
31317,unrelated
115816,unrelated
309837,unrelated
182333,unrelated
123684,agreed
177849,unrelated
313254,unrelated
214316,unrelated
312656,agreed
176447,agreed
15985,unrelated
26474,unrelated
196218,unrelated
180921,agreed
237219,unrelated
122054,unrelated
263679,unrelated
308067,agreed
242440,unrelated
159010,agreed
245516,unrelated
94373,disagreed
128079,unrelated
271259,agreed
161900,unrelated
137912,unrelated
148761,agreed
100773,disagreed
290652,unrelated
63559,unrelated
252528,unrelated
102990,unrelated
206478,agreed
42469,agreed
125384,unrelated
85636,unrelated
235735,agreed
267749,unrelated
217341,unrelated
267936,unrelated
197596,agreed
260031,unrelated
97151,unrelated
2529,unrelated
202909,agreed
214714,unrelated
139774,agreed
62030,unrelated
191932,unrelated
124364,unrelated
148564,unrelated
25617,unrelated
188908,unrelated
299104,unrelated
189632,unrelated
141901,agreed
55838,agreed
205668,unrelated
236613,unrelated
223801,unrelated
243437,unrelated
180375,unrelated
14576,unrelated
69529,unrelated
131976,unrelated
146977,agreed
269858,agreed
25757,unrelated
155691,unrelated
226688,unrelated
194338,unrelated
132550,unrelated
277923,unrelated
254127,agreed
120578,agreed
98232,unrelated
239129,unrelated
197314,unrelated
199134,unrelated
215491,unrelated
236952,unrelated
311154,agreed
78339,agreed
38475,unrelated
73685,agreed
135391,unrelated
25491,unrelated
188876,unrelated
55677,agreed
252664,unrelated
297384,unrelated
98343,unrelated
145930,unrelated
140087,unrelated
85460,unrelated
283650,agreed
9676,unrelated
290636,unrelated
63465,unrelated
148415,unrelated
102775,unrelated
44103,unrelated
73711,agreed
18231,unrelated
52813,unrelated
191654,unrelated
164753,unrelated
286398,unrelated
75788,unrelated
121607,unrelated
116326,agreed
142673,agreed
136671,unrelated
158515,agreed
284878,unrelated
92371,agreed
245426,agreed
273888,unrelated
209298,agreed
212805,unrelated
304740,unrelated
305010,unrelated
75174,unrelated
272945,unrelated
175076,unrelated
245471,agreed
32953,unrelated
319606,unrelated
65123,agreed
223704,agreed
120882,agreed
167819,unrelated
51388,unrelated
264020,unrelated
157862,unrelated
52053,unrelated
208467,agreed
229612,agreed
40852,unrelated
198156,unrelated
240909,unrelated
92398,unrelated
158853,agreed
32664,unrelated
280620,agreed
178081,disagreed
37332,disagreed
260966,unrelated
245819,unrelated
11364,unrelated
112937,unrelated
61002,unrelated
10382,unrelated
29124,unrelated
285318,unrelated
299993,unrelated
82958,unrelated
152786,unrelated
141114,agreed
124665,agreed
170945,unrelated
238098,agreed
70415,unrelated
243115,unrelated
244939,unrelated
40139,unrelated
229823,unrelated
98526,agreed
182494,agreed
184487,agreed
126879,unrelated
64657,agreed
256942,agreed
223974,agreed
302758,unrelated
216194,unrelated
100644,agreed
76196,agreed
122420,unrelated
194010,agreed
236604,agreed
53765,unrelated
132182,unrelated
19971,unrelated
200227,unrelated
244693,agreed
80128,unrelated
97844,unrelated
69020,unrelated
318728,agreed
244253,agreed
281351,unrelated
136154,unrelated
306241,unrelated
176669,agreed
168023,unrelated
110544,agreed
297616,unrelated
149707,unrelated
262757,agreed
197409,agreed
197470,unrelated
308374,unrelated
264702,unrelated
198467,agreed
253999,unrelated
215685,agreed
169009,unrelated
44914,unrelated
262472,unrelated
41866,agreed
163138,agreed
159155,agreed
238209,unrelated
171339,unrelated
6072,unrelated
117478,unrelated
299406,agreed
231741,unrelated
104490,agreed
108561,unrelated
294689,unrelated
181821,unrelated
261353,unrelated
170457,unrelated
315943,unrelated
11061,unrelated
106238,unrelated
86266,unrelated
201849,agreed
282426,unrelated
53069,unrelated
128408,unrelated
179926,agreed
16578,unrelated
68388,unrelated
264963,agreed
312902,agreed
233372,unrelated
188904,unrelated
57415,agreed
173300,unrelated
270167,unrelated
223807,unrelated
262298,unrelated
186826,agreed
320095,agreed
275385,unrelated
8789,unrelated
14679,unrelated
245643,agreed
148830,unrelated
191600,unrelated
94441,unrelated
115776,agreed
159227,agreed
35143,unrelated
195136,agreed
60004,agreed
104912,unrelated
193506,unrelated
8927,unrelated
269917,unrelated
54216,agreed
148635,unrelated
50847,unrelated
131011,unrelated
260848,unrelated
59407,agreed
164558,unrelated
45789,agreed
190777,unrelated
202007,unrelated
210053,unrelated
125092,agreed
88487,agreed
279794,unrelated
73541,agreed
89120,unrelated
20329,unrelated
15570,unrelated
138363,unrelated
229764,unrelated
304721,unrelated
294105,unrelated
250260,agreed
207215,unrelated
223228,disagreed
49645,agreed
19894,unrelated
87921,unrelated
136565,unrelated
300918,unrelated
165130,unrelated
283337,unrelated
287195,agreed
191692,unrelated
211784,unrelated
113679,unrelated
204393,unrelated
232944,agreed
284168,agreed
61292,agreed
121923,unrelated
118436,unrelated
133121,unrelated
257103,unrelated
103015,unrelated
144265,agreed
242755,agreed
187126,unrelated
85308,unrelated
285653,unrelated
19608,unrelated
314094,unrelated
94678,unrelated
141134,agreed
275423,unrelated
76258,agreed
295473,unrelated
318700,unrelated
156631,agreed
240971,unrelated
69578,agreed
42889,unrelated
100188,disagreed
306514,agreed
251892,agreed
302379,unrelated
52928,unrelated
182790,agreed
9956,agreed
10322,unrelated
234019,agreed
226011,unrelated
206016,agreed
127572,unrelated
49077,agreed
240829,unrelated
197893,unrelated
236316,unrelated
39719,agreed
129206,unrelated
34591,unrelated
180215,unrelated
108679,unrelated
65119,agreed
47095,unrelated
220637,agreed
251296,agreed
143937,unrelated
222542,agreed
216657,unrelated
146648,agreed
7006,unrelated
30656,unrelated
60473,unrelated
149337,unrelated
44608,unrelated
46833,unrelated
90230,agreed
176747,unrelated
137096,unrelated
265925,agreed
192369,agreed
99783,agreed
188663,unrelated
132139,unrelated
18074,agreed
166910,unrelated
109246,agreed
311708,unrelated
255825,unrelated
270022,agreed
227632,unrelated
28729,unrelated
115727,agreed
299215,unrelated
183388,agreed
212778,unrelated
180402,unrelated
239642,unrelated
251517,agreed
289961,unrelated
174981,agreed
26610,unrelated
10883,agreed
38341,unrelated
222313,unrelated
78264,unrelated
89895,unrelated
194519,unrelated
42151,agreed
272494,unrelated
189112,unrelated
119209,unrelated
24813,unrelated
180265,unrelated
82630,agreed
168981,unrelated
147445,agreed
297479,unrelated
16100,unrelated
43632,unrelated
287948,unrelated
296195,unrelated
33187,agreed
94009,unrelated
46765,unrelated
120145,unrelated
250376,agreed
198887,agreed
299497,unrelated
138800,agreed
40831,unrelated
71824,unrelated
224030,unrelated
187571,unrelated
43358,unrelated
181673,unrelated
219880,unrelated
262238,disagreed
97813,unrelated
253945,unrelated
43116,unrelated
180593,unrelated
122418,unrelated
269483,unrelated
184787,unrelated
148200,agreed
293415,unrelated
53362,unrelated
144485,unrelated
202719,agreed
309141,unrelated
213491,agreed
239684,unrelated
100750,agreed
29571,unrelated
10957,unrelated
234333,agreed
6214,unrelated
116839,unrelated
279255,unrelated
318417,agreed
314737,unrelated
282010,agreed
182277,unrelated
40318,unrelated
58793,unrelated
65198,agreed
122895,agreed
90827,unrelated
110791,agreed
127396,unrelated
111771,unrelated
200281,unrelated
69322,unrelated
184952,unrelated
310182,unrelated
7133,agreed
57390,unrelated
66331,agreed
243282,unrelated
309025,agreed
179318,unrelated
60817,unrelated
304660,agreed
297320,unrelated
320655,agreed
152344,unrelated
289316,agreed
196447,agreed
74267,agreed
73964,unrelated
124191,unrelated
44157,agreed
307052,unrelated
300170,unrelated
135538,agreed
43995,agreed
284144,unrelated
189199,unrelated
178179,unrelated
231681,unrelated
254260,agreed
160379,unrelated
248037,unrelated
155227,unrelated
150639,unrelated
241314,unrelated
310664,agreed
318041,unrelated
36534,agreed
125696,unrelated
200990,agreed
272927,unrelated
21761,unrelated
99676,disagreed
82270,unrelated
14412,agreed
225810,unrelated
113384,agreed
155427,unrelated
104275,agreed
108139,unrelated
197334,unrelated
206808,unrelated
155111,unrelated
164138,unrelated
241892,unrelated
318874,unrelated
296720,unrelated
171083,unrelated
33228,unrelated
256239,agreed
244311,agreed
74014,disagreed
156335,agreed
120539,unrelated
281636,unrelated
88148,agreed
134829,agreed
194190,unrelated
24213,unrelated
18672,unrelated
297421,unrelated
40710,unrelated
279413,unrelated
6807,unrelated
202683,agreed
174717,agreed
21449,agreed
219467,unrelated
116660,agreed
288955,unrelated
286877,unrelated
10188,unrelated
131549,unrelated
294670,unrelated
251603,unrelated
203474,unrelated
164791,agreed
81751,unrelated
63280,unrelated
45810,unrelated
261991,agreed
12132,unrelated
117694,agreed
321089,unrelated
21989,disagreed
299489,unrelated
44,unrelated
238799,agreed
84285,unrelated
111598,unrelated
107814,agreed
25178,unrelated
38798,unrelated
190748,unrelated
23658,unrelated
181575,agreed
158288,unrelated
126802,agreed
163332,unrelated
25762,unrelated
212961,unrelated
81629,agreed
186760,agreed
218572,agreed
83600,agreed
283078,unrelated
85020,unrelated
167654,unrelated
142635,unrelated
233933,unrelated
107236,agreed
170426,unrelated
308540,unrelated
55775,agreed
40100,agreed
69894,agreed
11108,agreed
36016,unrelated
306011,unrelated
163482,unrelated
233823,unrelated
212471,unrelated
88762,unrelated
306435,unrelated
156510,agreed
185290,unrelated
27236,unrelated
230881,agreed
160036,unrelated
109256,unrelated
244446,unrelated
93305,unrelated
187256,unrelated
83973,unrelated
189901,unrelated
31969,unrelated
32362,unrelated
296525,disagreed
123116,unrelated
153859,unrelated
321147,unrelated
145306,unrelated
143085,unrelated
215428,unrelated
6674,agreed
316466,unrelated
302215,unrelated
140235,unrelated
220176,agreed
5761,unrelated
261914,unrelated
247725,unrelated
270220,unrelated
224905,unrelated
138052,unrelated
155620,unrelated
257754,unrelated
17229,unrelated
179208,agreed
67730,unrelated
159774,unrelated
93284,unrelated
76620,unrelated
57272,unrelated
234249,unrelated
275549,unrelated
27409,unrelated
212581,unrelated
14490,agreed
81978,unrelated
152831,agreed
220461,agreed
13591,unrelated
68114,unrelated
219362,agreed
243305,unrelated
167586,unrelated
128956,agreed
314664,agreed
125366,unrelated
280954,agreed
71200,unrelated
132328,unrelated
215188,unrelated
284470,unrelated
130911,agreed
57736,unrelated
134846,agreed
17301,agreed
154214,unrelated
303258,unrelated
100662,agreed
214737,unrelated
185879,unrelated
201626,agreed
12956,agreed
182534,unrelated
97528,disagreed
65842,unrelated
74934,unrelated
105132,unrelated
72387,unrelated
61585,unrelated
14055,unrelated
257442,unrelated
143814,unrelated
33031,unrelated
101779,unrelated
313819,agreed
252944,agreed
296699,unrelated
301803,unrelated
175544,unrelated
168950,unrelated
96390,agreed
24182,unrelated
117405,unrelated
133789,agreed
88876,unrelated
274492,agreed
164018,unrelated
191039,unrelated
209940,agreed
219525,unrelated
1598,agreed
139891,agreed
174844,agreed
41903,agreed
109964,unrelated
120246,agreed
60209,agreed
1936,unrelated
298127,unrelated
3818,unrelated
209792,unrelated
206306,agreed
182853,unrelated
243934,unrelated
44113,unrelated
90041,unrelated
97613,agreed
293783,unrelated
146217,agreed
257814,unrelated
320714,agreed
131439,unrelated
153897,unrelated
208845,unrelated
297655,disagreed
36197,unrelated
288165,agreed
137022,unrelated
243606,unrelated
286281,unrelated
126544,unrelated
22028,unrelated
288138,agreed
76781,unrelated
72709,unrelated
265686,agreed
295397,unrelated
247317,unrelated
57362,agreed
172339,unrelated
273057,unrelated
159123,unrelated
284379,unrelated
319835,unrelated
244167,agreed
275640,agreed
68257,unrelated
76030,unrelated
72360,unrelated
128280,unrelated
32738,agreed
253381,unrelated
157875,unrelated
244823,unrelated
148399,unrelated
195500,agreed
69415,disagreed
218424,unrelated
131226,unrelated
257962,unrelated
211733,agreed
4092,unrelated
114551,agreed
263606,unrelated
195324,unrelated
202190,unrelated
131484,unrelated
32139,unrelated
686,unrelated
80409,agreed
93166,agreed
70451,unrelated
14871,agreed
238235,agreed
188161,unrelated
32049,unrelated
49,agreed
172799,unrelated
319710,unrelated
209540,agreed
68115,agreed
102208,unrelated
62127,unrelated
92004,unrelated
193791,agreed
71942,unrelated
82677,agreed
121032,unrelated
72089,unrelated
239655,unrelated
180768,unrelated
271244,unrelated
87851,unrelated
144925,unrelated
290365,unrelated
56132,unrelated
84626,unrelated
276167,unrelated
24133,unrelated
76011,unrelated
229158,agreed
148591,unrelated
86088,unrelated
80197,unrelated
15893,agreed
293442,unrelated
573,unrelated
225275,unrelated
281253,unrelated
275603,agreed
289324,unrelated
175762,agreed
243616,unrelated
231170,unrelated
280567,agreed
1423,agreed
13387,unrelated
130148,agreed
146072,unrelated
220945,unrelated
305831,unrelated
281474,agreed
303431,unrelated
163756,unrelated
237384,unrelated
301845,agreed
241491,unrelated
260095,unrelated
107106,unrelated
176115,agreed
59197,unrelated
224798,unrelated
93930,agreed
297104,unrelated
82750,unrelated
236718,agreed
295911,unrelated
3158,unrelated
299084,unrelated
204832,unrelated
44576,agreed
166260,agreed
267941,unrelated
130683,unrelated
94012,unrelated
292558,unrelated
100521,unrelated
228965,unrelated
193745,unrelated
313058,unrelated
205919,agreed
317284,unrelated
219324,unrelated
109716,unrelated
285394,unrelated
273417,unrelated
217495,unrelated
24296,unrelated
309368,agreed
266767,unrelated
213197,unrelated
112564,agreed
189781,agreed
277899,agreed
140531,unrelated
18678,unrelated
139076,agreed
256295,agreed
267514,agreed
303396,unrelated
313266,unrelated
214279,agreed
238935,unrelated
269053,agreed
286655,unrelated
237150,agreed
52662,unrelated
137747,agreed
23145,unrelated
102350,agreed
307950,unrelated
42396,agreed
291295,unrelated
134056,agreed
94909,unrelated
230646,unrelated
61351,unrelated
283645,unrelated
238160,unrelated
38966,unrelated
312151,unrelated
78479,agreed
132400,agreed
302589,unrelated
256118,unrelated
140946,unrelated
197668,agreed
254557,agreed
81628,agreed
22262,unrelated
207951,agreed
164761,unrelated
284324,agreed
230438,unrelated
201825,unrelated
115042,unrelated
165620,unrelated
280437,unrelated
229613,agreed
9056,disagreed
156967,unrelated
38530,unrelated
55496,unrelated
319405,unrelated
256745,agreed
75405,agreed
147951,agreed
247304,agreed
114065,agreed
201317,unrelated
90169,unrelated
53307,agreed
295178,unrelated
107796,unrelated
12031,agreed
221376,agreed
193965,agreed
219102,unrelated
194676,agreed
35757,disagreed
254944,unrelated
263556,unrelated
111083,unrelated
100497,unrelated
25426,unrelated
201169,unrelated
171016,unrelated
222849,agreed
72447,disagreed
184185,unrelated
211145,agreed
284157,agreed
241648,agreed
304955,agreed
103873,unrelated
89106,unrelated
86056,unrelated
314089,unrelated
91231,unrelated
31029,unrelated
110108,agreed
30882,disagreed
55085,unrelated
267210,agreed
265918,agreed
243292,agreed
209679,unrelated
51487,unrelated
316960,unrelated
38979,unrelated
92493,agreed
102438,unrelated
246679,unrelated
185277,unrelated
150323,unrelated
132190,agreed
305752,unrelated
264650,unrelated
204385,agreed
159169,agreed
30245,unrelated
54321,agreed
100771,unrelated
166276,unrelated
45690,agreed
54500,unrelated
55923,unrelated
295262,unrelated
314318,unrelated
287771,agreed
71476,unrelated
250791,agreed
221298,unrelated
227299,agreed
16204,agreed
193752,unrelated
137851,unrelated
231155,agreed
93506,unrelated
73480,unrelated
236962,agreed
90440,agreed
244562,agreed
52090,unrelated
288277,agreed
273880,unrelated
151519,unrelated
82123,unrelated
38531,unrelated
143807,unrelated
25345,unrelated
236595,unrelated
50611,unrelated
69092,agreed
141723,agreed
127482,unrelated
226765,agreed
103017,unrelated
100391,unrelated
292464,agreed
87142,unrelated
188123,unrelated
169519,unrelated
100983,agreed
320359,agreed
130459,agreed
111055,unrelated
253935,agreed
102686,agreed
171066,unrelated
292502,agreed
257401,agreed
208550,unrelated
273217,unrelated
319133,unrelated
283902,unrelated
226837,unrelated
208070,unrelated
8953,agreed
240006,unrelated
77619,unrelated
4538,unrelated
143883,unrelated
305696,unrelated
266550,unrelated
255063,agreed
11314,agreed
195991,agreed
108930,unrelated
214976,unrelated
52747,unrelated
279849,disagreed
262902,agreed
40450,agreed
66468,unrelated
85065,unrelated
184440,unrelated
318977,unrelated
288706,unrelated
48351,unrelated
93781,agreed
114916,agreed
34725,unrelated
111553,unrelated
274762,unrelated
126856,unrelated
315288,agreed
240014,unrelated
182925,unrelated
7678,unrelated
190023,unrelated
18540,unrelated
157961,agreed
99550,unrelated
219239,unrelated
264817,unrelated
166249,unrelated
45151,unrelated
289882,agreed
26523,unrelated
189966,agreed
238776,unrelated
21222,unrelated
151343,unrelated
121735,unrelated
188706,unrelated
17717,agreed
95385,unrelated
216185,agreed
20157,unrelated
107489,agreed
263795,unrelated
216214,unrelated
68089,unrelated
112571,unrelated
138580,agreed
139617,agreed
264965,agreed
252633,unrelated
296514,unrelated
94782,agreed
294184,unrelated
18585,unrelated
127484,unrelated
101594,unrelated
5387,unrelated
309608,unrelated
284609,unrelated
14459,agreed
145581,agreed
172282,unrelated
88206,unrelated
3993,unrelated
112888,unrelated
243200,unrelated
298275,unrelated
115473,unrelated
178245,unrelated
36008,unrelated
63092,unrelated
111596,unrelated
6792,unrelated
17466,unrelated
179972,unrelated
90616,agreed
94453,unrelated
8101,unrelated
164886,agreed
215328,unrelated
14238,unrelated
105650,unrelated
69450,unrelated
236443,agreed
45047,unrelated
14175,unrelated
128812,unrelated
303692,unrelated
48851,unrelated
244094,unrelated
162922,agreed
103934,agreed
72628,unrelated
104287,agreed
25108,unrelated
110724,unrelated
234687,unrelated
118001,agreed
177526,unrelated
176388,unrelated
273304,disagreed
309249,unrelated
218788,agreed
130799,unrelated
37803,unrelated
122331,unrelated
229944,unrelated
17180,unrelated
131878,unrelated
213405,unrelated
221292,agreed
36833,agreed
93385,agreed
241357,unrelated
305054,unrelated
180631,unrelated
304940,unrelated
253640,unrelated
317407,unrelated
126190,unrelated
295268,unrelated
189109,agreed
298292,unrelated
86343,agreed
110330,unrelated
132824,unrelated
202789,agreed
249301,unrelated
18862,unrelated
83160,agreed
303895,unrelated
136285,unrelated
102723,unrelated
124632,unrelated
132595,agreed
267564,agreed
16163,unrelated
157958,agreed
301096,unrelated
288939,unrelated
94899,unrelated
153659,agreed
221458,agreed
210583,unrelated
154893,unrelated
304248,unrelated
196853,unrelated
284636,agreed
58424,unrelated
186529,unrelated
161621,unrelated
24262,unrelated
307777,unrelated
90279,unrelated
247497,unrelated
220670,agreed
141806,unrelated
253865,unrelated
129622,unrelated
31673,agreed
75797,unrelated
151199,agreed
252761,unrelated
35320,unrelated
260977,unrelated
146620,agreed
123130,unrelated
311286,agreed
129883,agreed
129423,agreed
201039,agreed
131751,unrelated
263758,unrelated
25931,unrelated
305799,agreed
136570,unrelated
293705,disagreed
103701,agreed
155700,unrelated
12984,unrelated
236045,agreed
282180,unrelated
163533,unrelated
196472,unrelated
31992,unrelated
107100,unrelated
168527,agreed
138495,unrelated
125905,unrelated
115279,unrelated
71003,unrelated
262680,unrelated
243313,unrelated
50618,unrelated
93369,unrelated
43395,unrelated
186570,unrelated
109616,unrelated
264159,unrelated
18657,agreed
235866,agreed
575,unrelated
285991,agreed
81612,agreed
278393,unrelated
140651,unrelated
29394,unrelated
224095,unrelated
145807,unrelated
209467,unrelated
317917,unrelated
130889,unrelated
173945,agreed
76324,unrelated
170640,unrelated
65533,unrelated
163437,agreed
140618,agreed
58648,unrelated
195015,unrelated
43388,unrelated
74799,unrelated
114755,unrelated
226890,agreed
226791,unrelated
107237,agreed
100404,unrelated
26022,unrelated
226251,agreed
160426,unrelated
19191,unrelated
225269,unrelated
162485,agreed
283605,agreed
3142,unrelated
191168,unrelated
21834,unrelated
174377,unrelated
260216,unrelated
168180,unrelated
109445,unrelated
270487,unrelated
227208,unrelated
106010,unrelated
272067,unrelated
48033,unrelated
9513,agreed
179220,agreed
264932,unrelated
79249,unrelated
312918,agreed
135615,agreed
206102,agreed
265317,unrelated
8319,unrelated
67107,unrelated
24276,unrelated
81062,unrelated
20939,unrelated
158572,unrelated
64144,disagreed
19087,agreed
83269,unrelated
157792,unrelated
119421,unrelated
102081,unrelated
122907,agreed
300163,agreed
304222,unrelated
276226,unrelated
94868,unrelated
277447,unrelated
84151,unrelated
261016,unrelated
32331,unrelated
247160,unrelated
283565,unrelated
279248,unrelated
71977,agreed
86757,unrelated
212337,agreed
283845,unrelated
142100,agreed
3905,unrelated
27927,agreed
226602,agreed
233714,unrelated
86438,agreed
142000,agreed
85314,unrelated
58940,unrelated
90572,agreed
116829,disagreed
191604,unrelated
65790,unrelated
72316,unrelated
264328,agreed
53161,agreed
175222,unrelated
301669,agreed
145376,unrelated
276466,agreed
90643,unrelated
8541,unrelated
127892,unrelated
3677,agreed
287492,unrelated
178033,unrelated
108729,unrelated
1164,unrelated
122033,unrelated
311575,agreed
150440,unrelated
94182,unrelated
156294,agreed
57510,agreed
291738,agreed
70134,unrelated
182398,agreed
29332,unrelated
97893,agreed
273205,unrelated
79712,unrelated
1405,agreed
137519,unrelated
213596,unrelated
258260,unrelated
158689,agreed
223769,unrelated
171964,unrelated
218976,unrelated
201249,unrelated
180477,unrelated
165253,unrelated
217872,unrelated
287799,unrelated
2973,agreed
150947,agreed
294918,unrelated
239921,unrelated
41156,unrelated
19002,unrelated
107895,unrelated
269639,unrelated
262765,unrelated
68820,agreed
33079,unrelated
11859,unrelated
204388,unrelated
171537,unrelated
37232,agreed
159664,unrelated
147927,disagreed
174500,agreed
230516,unrelated
304015,agreed
187404,unrelated
295731,unrelated
126279,unrelated
168849,unrelated
229646,unrelated
271753,unrelated
278985,unrelated
87269,agreed
79645,unrelated
271838,unrelated
181023,agreed
158779,unrelated
122701,agreed
147264,unrelated
78662,agreed
153776,agreed
228889,unrelated
40337,unrelated
26023,unrelated
165536,unrelated
320792,agreed
101441,unrelated
260459,unrelated
15861,unrelated
71368,unrelated
93802,agreed
291220,unrelated
160826,unrelated
251356,agreed
202674,unrelated
136542,agreed
315021,agreed
20567,agreed
69864,unrelated
152846,unrelated
53493,unrelated
306692,unrelated
313110,agreed
30639,unrelated
89971,agreed
197684,agreed
276581,agreed
219381,unrelated
296939,unrelated
198443,unrelated
126318,unrelated
314246,agreed
138425,unrelated
156113,unrelated
153233,unrelated
288584,unrelated
174978,agreed
128771,unrelated
42679,unrelated
240153,unrelated
165892,unrelated
143760,unrelated
181286,unrelated
246285,unrelated
3427,unrelated
280395,unrelated
79343,unrelated
109778,unrelated
141319,unrelated
262672,unrelated
81568,unrelated
295946,unrelated
147719,unrelated
74695,unrelated
7244,unrelated
58838,unrelated
47486,agreed
161295,unrelated
207096,unrelated
286099,unrelated
77935,agreed
235312,unrelated
185552,agreed
175849,unrelated
292365,unrelated
258536,agreed
55730,unrelated
140268,unrelated
200708,unrelated
255939,unrelated
29940,unrelated
274830,unrelated
175967,agreed
63020,unrelated
283511,unrelated
277962,unrelated
17562,unrelated
236703,unrelated
169384,agreed
101352,unrelated
99827,unrelated
251818,unrelated
25584,unrelated
62341,unrelated
114245,unrelated
155176,unrelated
78825,unrelated
215660,agreed
237963,unrelated
175239,unrelated
88342,unrelated
147553,agreed
3007,agreed
140456,unrelated
101832,unrelated
140026,unrelated
120608,agreed
151087,unrelated
303672,agreed
283849,unrelated
253200,unrelated
128128,unrelated
23514,unrelated
249558,unrelated
311093,unrelated
198664,unrelated
97445,unrelated
204897,agreed
91139,unrelated
27095,unrelated
78056,unrelated
204122,unrelated
88940,unrelated
260160,unrelated
248592,unrelated
76563,unrelated
97788,unrelated
157290,unrelated
180224,unrelated
190259,unrelated
181403,unrelated
239030,unrelated
243071,unrelated
255850,unrelated
8117,unrelated
285829,unrelated
250109,agreed
126222,unrelated
129615,unrelated
264365,unrelated
169637,unrelated
298334,unrelated
66042,unrelated
100693,unrelated
153842,unrelated
39376,unrelated
281837,unrelated
60504,unrelated
273233,unrelated
262836,unrelated
191085,unrelated
61524,unrelated
161533,unrelated
213556,unrelated
27757,unrelated
110377,unrelated
92341,agreed
142997,unrelated
21649,unrelated
107214,agreed
165182,unrelated
195758,agreed
134496,disagreed
41574,unrelated
261655,agreed
207389,unrelated
241924,agreed
190229,unrelated
57065,unrelated
139547,unrelated
147829,unrelated
257106,unrelated
86733,unrelated
293400,unrelated
235102,unrelated
146003,disagreed
229500,unrelated
271415,unrelated
286032,agreed
317127,unrelated
46000,unrelated
200179,unrelated
194253,agreed
65507,unrelated
64960,agreed
174154,unrelated
44389,agreed
260967,agreed
173631,agreed
321034,unrelated
309438,agreed
214942,unrelated
274383,unrelated
227499,unrelated
198036,agreed
115204,unrelated
40662,unrelated
211222,agreed
250545,unrelated
52857,unrelated
35558,unrelated
136677,unrelated
18525,unrelated
93485,unrelated
276657,agreed
245919,agreed
63550,agreed
254551,agreed
203723,unrelated
215084,unrelated
44262,agreed
181804,unrelated
272177,agreed
29093,unrelated
170169,unrelated
304398,agreed
93156,agreed
243434,unrelated
126049,agreed
19225,unrelated
79576,unrelated
178925,unrelated
209488,unrelated
309657,agreed
241406,unrelated
208372,unrelated
175527,unrelated
238663,unrelated
113303,agreed
96095,unrelated
216441,unrelated
309540,unrelated
27645,unrelated
191300,unrelated
142036,agreed
164980,disagreed
15259,agreed
180355,unrelated
186838,unrelated
16470,unrelated
86633,unrelated
137433,unrelated
114610,unrelated
297845,disagreed
209086,unrelated
105767,unrelated
283602,agreed
25834,unrelated
283723,unrelated
20492,agreed
73961,unrelated
140105,unrelated
155243,agreed
273841,disagreed
274137,unrelated
115223,unrelated
121081,unrelated
238644,agreed
199922,unrelated
8527,unrelated
98014,agreed
56450,unrelated
275915,unrelated
195940,unrelated
40479,unrelated
126531,unrelated
102183,agreed
256915,unrelated
124009,unrelated
89490,unrelated
137012,unrelated
78359,agreed
142899,unrelated
53062,unrelated
12699,unrelated
66915,disagreed
76496,agreed
305226,unrelated
179394,unrelated
186021,unrelated
298880,unrelated
103442,agreed
163838,unrelated
159003,unrelated
96737,unrelated
236176,unrelated
112372,unrelated
283777,unrelated
147793,agreed
121899,agreed
224138,unrelated
200180,unrelated
16015,unrelated
200493,unrelated
54721,unrelated
274017,unrelated
300318,unrelated
244166,agreed
91280,agreed
138837,unrelated
156761,agreed
117893,unrelated
4969,unrelated
251204,agreed
84378,unrelated
19964,agreed
201428,unrelated
5633,agreed
30116,agreed
40790,agreed
7257,unrelated
38129,unrelated
89953,unrelated
120355,unrelated
171120,agreed
275177,unrelated
35470,agreed
200994,agreed
305237,unrelated
224631,agreed
265298,unrelated
197442,unrelated
273353,unrelated
54265,unrelated
207269,unrelated
220824,agreed
48471,agreed
251853,unrelated
86635,unrelated
209759,unrelated
212762,unrelated
125936,agreed
153633,unrelated
48755,unrelated
157189,unrelated
193402,unrelated
206965,unrelated
104134,unrelated
87803,unrelated
133427,unrelated
144459,unrelated
12571,agreed
72448,unrelated
295840,unrelated
293326,unrelated
118983,unrelated
239244,unrelated
25237,unrelated
32475,unrelated
33934,agreed
263219,unrelated
286335,unrelated
37346,unrelated
98079,unrelated
118300,unrelated
142137,agreed
10410,unrelated
613,unrelated
157601,unrelated
315424,agreed
130473,unrelated
286815,unrelated
180479,unrelated
247425,unrelated
120047,unrelated
168714,unrelated
261557,disagreed
28018,unrelated
65422,unrelated
94296,unrelated
41124,unrelated
113933,unrelated
297102,unrelated
189151,agreed
304567,unrelated
16922,unrelated
311185,agreed
131559,unrelated
261145,agreed
314015,unrelated
95370,unrelated
264113,unrelated
268269,unrelated
280282,agreed
193009,agreed
114011,unrelated
154696,unrelated
95751,agreed
118844,unrelated
235902,unrelated
111541,unrelated
118186,agreed
2661,unrelated
124796,unrelated
279352,unrelated
279948,unrelated
190655,unrelated
244616,unrelated
39750,unrelated
30305,unrelated
43272,unrelated
65744,unrelated
68602,unrelated
252831,unrelated
84632,agreed
138396,unrelated
72415,unrelated
66573,unrelated
177092,unrelated
244533,unrelated
67075,unrelated
68857,unrelated
182493,agreed
4024,unrelated
110715,unrelated
5383,unrelated
284343,agreed
320914,unrelated
172304,unrelated
70463,agreed
299745,agreed
141867,unrelated
107676,unrelated
292085,agreed
213311,disagreed
92936,unrelated
16489,unrelated
157062,agreed
155852,agreed
28267,unrelated
72947,unrelated
213789,unrelated
94975,agreed
177058,agreed
185011,unrelated
14795,unrelated
159302,unrelated
219632,unrelated
208261,unrelated
230565,agreed
218662,unrelated
130383,unrelated
101510,unrelated
88547,agreed
245716,unrelated
223030,disagreed
13811,agreed
5885,unrelated
227052,agreed
299844,unrelated
193577,agreed
115181,unrelated
235667,agreed
55658,unrelated
51070,unrelated
248580,unrelated
94174,unrelated
157104,unrelated
25002,unrelated
92499,unrelated
108558,unrelated
148605,unrelated
110311,unrelated
143230,unrelated
93149,agreed
172271,unrelated
55487,unrelated
272059,unrelated
220583,agreed
263601,unrelated
170682,agreed
169040,unrelated
144002,unrelated
193014,agreed
150846,agreed
134734,agreed
177774,agreed
275313,agreed
318445,agreed
238995,unrelated
72283,disagreed
238539,unrelated
149437,unrelated
288608,agreed
73820,unrelated
18152,agreed
85746,unrelated
1095,agreed
60868,unrelated
116049,agreed
82104,unrelated
272583,unrelated
235136,unrelated
233365,unrelated
2081,agreed
78167,agreed
7151,agreed
26007,unrelated
232414,unrelated
59495,agreed
169240,unrelated
26183,agreed
260253,agreed
133661,unrelated
42664,agreed
164704,agreed
126630,unrelated
17889,unrelated
297123,unrelated
173830,disagreed
237792,unrelated
109820,unrelated
49860,unrelated
169395,unrelated
73428,agreed
145456,unrelated
181145,unrelated
181793,unrelated
37020,unrelated
300671,unrelated
119962,unrelated
54934,unrelated
221094,unrelated
134010,unrelated
268583,unrelated
116524,unrelated
14843,agreed
83311,unrelated
230742,unrelated
86653,unrelated
89010,agreed
164100,unrelated
276667,unrelated
237652,unrelated
10072,agreed
91664,agreed
306313,unrelated
96249,unrelated
39962,unrelated
225693,unrelated
74290,unrelated
147350,agreed
196584,agreed
318288,unrelated
62272,unrelated
71386,unrelated
170339,unrelated
50481,unrelated
86926,unrelated
84679,agreed
229615,agreed
161381,agreed
21430,unrelated
70403,unrelated
169034,unrelated
107844,unrelated
311316,unrelated
308910,unrelated
315050,unrelated
125458,unrelated
27652,unrelated
120908,unrelated
310002,unrelated
302184,unrelated
175644,unrelated
152103,agreed
278594,unrelated
5551,unrelated
183112,unrelated
36020,unrelated
136178,unrelated
59044,unrelated
201732,unrelated
261404,unrelated
204901,agreed
309713,unrelated
7446,unrelated
228134,unrelated
111724,unrelated
2658,unrelated
62750,unrelated
148861,unrelated
37697,unrelated
97322,agreed
253594,unrelated
71830,unrelated
279986,unrelated
231812,unrelated
271733,agreed
190503,unrelated
13863,unrelated
72809,unrelated
33798,unrelated
207834,agreed
206919,unrelated
247205,unrelated
15510,unrelated
118475,unrelated
229876,agreed
105314,unrelated
75771,agreed
12574,agreed
146154,agreed
44511,unrelated
195875,unrelated
164648,unrelated
302932,unrelated
320438,unrelated
141954,unrelated
80766,agreed
263888,unrelated
4488,unrelated
301099,unrelated
194447,agreed
269833,agreed
280245,unrelated
196683,agreed
23163,unrelated
119158,unrelated
180454,unrelated
1294,unrelated
472,agreed
148365,unrelated
7354,agreed
218150,unrelated
63149,unrelated
320649,agreed
163667,agreed
17941,unrelated
116210,unrelated
236811,unrelated
87439,unrelated
93974,unrelated
34687,agreed
27903,unrelated
34533,agreed
200659,unrelated
99151,unrelated
43222,agreed
255634,unrelated
72855,unrelated
274135,unrelated
16838,unrelated
11385,agreed
309212,agreed
123474,unrelated
242904,unrelated
19547,unrelated
203240,unrelated
210035,unrelated
175722,unrelated
273481,unrelated
103010,unrelated
159203,agreed
303210,unrelated
33221,unrelated
78800,unrelated
18806,unrelated
241276,unrelated
275282,unrelated
209505,unrelated
23636,unrelated
190857,disagreed
28791,unrelated
311918,unrelated
215605,unrelated
107072,unrelated
113803,disagreed
93307,unrelated
17923,unrelated
108077,agreed
268971,agreed
130738,unrelated
303778,unrelated
151581,unrelated
104320,unrelated
182453,agreed
274673,agreed
15324,agreed
174959,agreed
272739,unrelated
127749,unrelated
237602,unrelated
309785,unrelated
66793,agreed
91635,unrelated
221331,agreed
157484,agreed
169356,unrelated
132654,unrelated
126810,agreed
246855,agreed
154124,unrelated
81123,unrelated
230009,agreed
194525,unrelated
162548,unrelated
75807,unrelated
298152,unrelated
39320,agreed
193603,agreed
295790,unrelated
113964,unrelated
316182,agreed
274478,agreed
107228,agreed
118068,unrelated
82053,unrelated
147992,disagreed
184384,unrelated
39830,unrelated
289223,unrelated
252396,unrelated
248616,unrelated
116018,unrelated
38897,unrelated
1868,unrelated
248864,unrelated
2963,agreed
139658,unrelated
307471,agreed
11776,agreed
82928,unrelated
134436,unrelated
259417,unrelated
27625,unrelated
69086,unrelated
109785,unrelated
152710,unrelated
11161,unrelated
188939,unrelated
200575,agreed
56054,unrelated
179032,unrelated
110972,unrelated
113907,agreed
155557,unrelated
69432,unrelated
106453,unrelated
151059,unrelated
187604,disagreed
242266,unrelated
196647,unrelated
73386,agreed
101895,agreed
221680,agreed
217195,unrelated
265372,unrelated
130586,unrelated
94,unrelated
211703,unrelated
56309,agreed
116083,unrelated
265815,unrelated
268180,agreed
311472,agreed
2951,agreed
197793,agreed
191153,agreed
21648,unrelated
247211,unrelated
13897,unrelated
101577,disagreed
66892,unrelated
130922,agreed
197184,unrelated
140382,agreed
316570,unrelated
1156,unrelated
228670,unrelated
68084,unrelated
99321,unrelated
163917,unrelated
288600,unrelated
279718,unrelated
33265,agreed
195057,agreed
305440,unrelated
274722,agreed
307322,agreed
190846,unrelated
19744,unrelated
140148,unrelated
135700,agreed
233436,unrelated
311846,unrelated
318173,unrelated
287491,agreed
97053,unrelated
207720,agreed
316676,unrelated
74523,unrelated
120970,agreed
221412,agreed
211371,unrelated
84729,agreed
257084,unrelated
104100,unrelated
34171,unrelated
189643,unrelated
4853,unrelated
212129,unrelated
164446,unrelated
290109,unrelated
8731,unrelated
20449,agreed
279585,unrelated
111233,unrelated
152463,unrelated
177712,agreed
315973,unrelated
249814,unrelated
320781,agreed
202272,agreed
258479,disagreed
53883,unrelated
55835,agreed
272576,unrelated
140008,unrelated
249278,unrelated
271295,unrelated
103531,unrelated
1677,unrelated
166451,agreed
198236,unrelated
257338,unrelated
144919,unrelated
140246,unrelated
259010,unrelated
104290,agreed
129457,unrelated
69194,agreed
95253,agreed
199545,unrelated
182169,unrelated
82383,unrelated
204794,unrelated
269378,agreed
57097,unrelated
45398,agreed
866,agreed
43435,unrelated
93022,unrelated
2741,agreed
230972,unrelated
14909,unrelated
14482,unrelated
154924,agreed
19066,unrelated
128886,unrelated
48072,agreed
51436,unrelated
180587,unrelated
236641,unrelated
166805,unrelated
251909,unrelated
28234,unrelated
265878,agreed
244957,agreed
240383,disagreed
282285,agreed
103555,agreed
282886,agreed
169868,unrelated
68096,unrelated
1669,agreed
42719,agreed
57517,unrelated
137879,unrelated
29598,unrelated
102068,agreed
73167,unrelated
17136,agreed
114602,unrelated
206840,unrelated
26168,unrelated
146044,agreed
188524,unrelated
39251,unrelated
309644,unrelated
314136,agreed
234361,agreed
67722,unrelated
26184,agreed
158606,unrelated
155669,agreed
162635,unrelated
300289,agreed
39771,unrelated
114646,unrelated
130359,unrelated
298265,unrelated
90066,agreed
270219,unrelated
273915,unrelated
151599,unrelated
247181,unrelated
286408,unrelated
76487,unrelated
73544,agreed
229320,unrelated
3226,agreed
237367,unrelated
57625,unrelated
255202,unrelated
215092,agreed
136455,unrelated
21074,unrelated
74177,unrelated
37628,unrelated
57423,unrelated
178236,unrelated
190156,agreed
209879,unrelated
132506,unrelated
240272,unrelated
302755,unrelated
98325,agreed
295662,unrelated
239567,unrelated
144877,agreed
107430,unrelated
301536,unrelated
23188,unrelated
191862,unrelated
252202,unrelated
40627,unrelated
253165,agreed
81291,agreed
13016,agreed
178463,unrelated
249944,unrelated
320685,unrelated
182726,agreed
282939,unrelated
140367,unrelated
270774,unrelated
106590,agreed
182273,unrelated
162708,unrelated
13520,unrelated
82993,unrelated
256446,unrelated
62690,unrelated
145342,unrelated
274611,unrelated
88361,unrelated
77526,unrelated
198891,agreed
178846,agreed
288193,agreed
47156,unrelated
71687,unrelated
203429,unrelated
123728,unrelated
12412,unrelated
157168,unrelated
127190,agreed
157753,agreed
189842,unrelated
21555,agreed
216204,unrelated
204114,unrelated
287888,unrelated
66991,unrelated
321084,unrelated
234014,unrelated
157092,unrelated
83492,unrelated
286232,unrelated
166248,agreed
210418,unrelated
88732,agreed
133793,unrelated
276143,unrelated
43439,agreed
226785,unrelated
235257,unrelated
301650,agreed
105857,agreed
267189,unrelated
199897,unrelated
276130,unrelated
72870,unrelated
18763,unrelated
4772,agreed
318983,unrelated
247823,unrelated
168144,unrelated
92709,agreed
284376,unrelated
318401,unrelated
143979,unrelated
145945,unrelated
256164,unrelated
103048,unrelated
118988,unrelated
8447,unrelated
270111,agreed
7580,unrelated
108125,agreed
108246,unrelated
4742,agreed
201079,agreed
280289,agreed
148404,unrelated
152804,unrelated
298322,unrelated
128020,unrelated
193529,unrelated
3024,unrelated
20354,unrelated
230850,unrelated
200271,unrelated
114657,unrelated
282309,unrelated
234127,unrelated
114290,unrelated
174123,unrelated
17251,unrelated
80351,agreed
97690,agreed
66916,unrelated
44065,agreed
3282,agreed
257351,unrelated
282389,unrelated
127636,agreed
209212,unrelated
292952,unrelated
212640,unrelated
278189,unrelated
168836,agreed
286898,unrelated
33573,unrelated
175596,unrelated
22785,unrelated
252489,agreed
295406,unrelated
104458,unrelated
70504,agreed
108439,unrelated
249402,unrelated
285109,unrelated
39209,unrelated
92155,agreed
104670,agreed
300638,unrelated
218303,unrelated
52492,unrelated
209978,agreed
190534,disagreed
203751,unrelated
200004,unrelated
306216,agreed
235722,unrelated
84017,unrelated
17948,agreed
82926,agreed
153086,unrelated
152225,unrelated
291199,unrelated
207307,unrelated
230374,unrelated
154120,unrelated
35913,unrelated
223788,unrelated
176404,agreed
32742,agreed
310899,unrelated
93330,agreed
315944,unrelated
313460,unrelated
286638,unrelated
65293,agreed
208025,agreed
3401,unrelated
118704,agreed
63514,unrelated
155043,agreed
271184,unrelated
17117,unrelated
311295,unrelated
29221,unrelated
271156,unrelated
155017,agreed
29254,unrelated
164552,agreed
319070,agreed
48600,unrelated
12052,unrelated
255371,unrelated
201661,agreed
440,agreed
297283,unrelated
316223,unrelated
264636,unrelated
89803,agreed
274037,unrelated
185941,unrelated
868,unrelated
195709,agreed
131568,unrelated
185970,agreed
209263,unrelated
107289,agreed
216823,unrelated
137823,unrelated
142917,unrelated
126699,unrelated
171287,unrelated
23757,agreed
264591,unrelated
168353,unrelated
290893,agreed
38910,unrelated
233597,unrelated
97753,agreed
271427,agreed
280091,unrelated
62985,unrelated
48282,unrelated
211257,unrelated
146145,unrelated
213973,unrelated
25731,unrelated
82315,unrelated
230871,agreed
183405,agreed
147050,agreed
228045,unrelated
139128,unrelated
180094,unrelated
286188,unrelated
301645,unrelated
122198,unrelated
111636,unrelated
196935,unrelated
7481,unrelated
214008,unrelated
47928,unrelated
246006,unrelated
319285,unrelated
268829,agreed
287917,agreed
265786,agreed
53660,unrelated
97094,agreed
274435,unrelated
109626,unrelated
39789,unrelated
302916,unrelated
64711,agreed
120623,agreed
312638,unrelated
223076,unrelated
225212,agreed
166000,agreed
172770,unrelated
39387,unrelated
142977,unrelated
142337,unrelated
94656,agreed
239481,unrelated
65544,agreed
75640,agreed
88665,agreed
11018,unrelated
37459,unrelated
119997,unrelated
176373,disagreed
46897,unrelated
140585,agreed
284987,unrelated
163856,unrelated
77377,agreed
182410,unrelated
106655,unrelated
248443,unrelated
122947,unrelated
165415,unrelated
83330,unrelated
226461,unrelated
299395,agreed
114786,unrelated
245405,unrelated
1906,unrelated
132233,agreed
103657,unrelated
100840,unrelated
136317,unrelated
79133,unrelated
11107,agreed
48846,unrelated
96589,unrelated
52153,unrelated
17263,unrelated
113567,unrelated
3850,unrelated
194565,agreed
177033,unrelated
159704,unrelated
201857,unrelated
146713,unrelated
25956,unrelated
291981,unrelated
86255,agreed
276258,agreed
245477,agreed
129503,unrelated
313005,agreed
221321,agreed
299387,unrelated
114840,agreed
291335,unrelated
84573,agreed
156547,unrelated
199226,unrelated
61721,unrelated
190183,unrelated
157299,unrelated
262860,agreed
137420,unrelated
106919,agreed
93829,unrelated
151603,unrelated
18126,unrelated
297953,unrelated
304311,unrelated
150722,unrelated
86176,agreed
267666,unrelated
156212,unrelated
56135,unrelated
190323,unrelated
274603,unrelated
112686,unrelated
168864,unrelated
286165,agreed
122301,unrelated
32674,unrelated
189453,agreed
60099,unrelated
312065,unrelated
312168,unrelated
69646,unrelated
91963,unrelated
62740,unrelated
153968,unrelated
74182,unrelated
302055,unrelated
133226,unrelated
134618,agreed
217594,unrelated
196288,agreed
302762,unrelated
174940,agreed
210225,agreed
154002,unrelated
243832,unrelated
136936,unrelated
38364,unrelated
255382,agreed
74439,unrelated
285624,unrelated
183372,unrelated
286363,disagreed
294034,unrelated
288390,unrelated
239630,unrelated
13682,unrelated
101621,agreed
25580,unrelated
190522,unrelated
314210,unrelated
143841,unrelated
259065,agreed
35433,unrelated
188643,unrelated
86130,unrelated
66313,unrelated
223881,unrelated
74546,unrelated
227767,unrelated
244472,agreed
226582,unrelated
84223,unrelated
74924,agreed
285760,unrelated
160690,agreed
228531,agreed
202023,agreed
265132,unrelated
188856,unrelated
192660,unrelated
151139,agreed
211907,unrelated
87020,unrelated
187074,unrelated
231694,unrelated
254280,agreed
240002,agreed
172430,agreed
168028,unrelated
152327,unrelated
298126,unrelated
310793,agreed
180138,unrelated
24821,unrelated
27871,unrelated
68365,unrelated
43948,unrelated
252337,unrelated
110167,unrelated
65202,agreed
195056,unrelated
124539,unrelated
60867,unrelated
111443,unrelated
76355,unrelated
296617,unrelated
292549,unrelated
208906,unrelated
134743,unrelated
150493,unrelated
228283,unrelated
79120,unrelated
152370,unrelated
169279,agreed
260997,agreed
232000,agreed
116450,unrelated
74565,unrelated
38413,unrelated
72141,unrelated
250477,unrelated
222403,unrelated
52823,unrelated
62277,unrelated
239780,agreed
317817,unrelated
207300,unrelated
315236,unrelated
191264,agreed
314939,unrelated
89899,unrelated
183160,unrelated
106709,unrelated
55294,unrelated
219445,unrelated
95195,unrelated
258475,unrelated
280036,unrelated
111991,unrelated
197814,unrelated
224160,unrelated
268187,agreed
104332,agreed
130184,unrelated
148725,agreed
12572,agreed
308139,unrelated
37737,unrelated
300157,agreed
288858,unrelated
72523,unrelated
170894,unrelated
164774,unrelated
232442,agreed
229625,agreed
187803,unrelated
19882,unrelated
126550,unrelated
219088,unrelated
35553,unrelated
27482,unrelated
44348,unrelated
92399,unrelated
111742,unrelated
138349,unrelated
13189,unrelated
138129,unrelated
247246,disagreed
120763,agreed
281435,agreed
55162,unrelated
29137,agreed
12701,unrelated
115898,agreed
235442,unrelated
158923,unrelated
150690,unrelated
298819,unrelated
243344,agreed
264118,unrelated
251246,unrelated
151853,disagreed
57381,unrelated
166364,unrelated
57102,unrelated
69393,unrelated
88167,unrelated
200222,unrelated
152467,unrelated
66373,unrelated
196797,unrelated
67725,unrelated
53384,unrelated
117603,unrelated
140794,agreed
141872,unrelated
289302,unrelated
291986,unrelated
145874,agreed
217975,unrelated
87954,unrelated
175112,disagreed
85793,unrelated
210789,unrelated
185541,agreed
52190,unrelated
98031,unrelated
198281,unrelated
187721,unrelated
208938,unrelated
192646,unrelated
189457,unrelated
114121,unrelated
152035,unrelated
153025,unrelated
95052,agreed
262658,unrelated
215656,unrelated
285740,unrelated
90646,unrelated
82548,unrelated
33519,unrelated
151698,agreed
278451,unrelated
121062,agreed
49713,unrelated
285643,unrelated
223775,unrelated
232351,agreed
252881,unrelated
53834,unrelated
277802,agreed
1083,agreed
210683,agreed
110869,agreed
214624,unrelated
247593,disagreed
3117,agreed
23844,unrelated
240729,unrelated
138587,unrelated
41731,unrelated
291367,unrelated
320842,unrelated
152741,agreed
151154,unrelated
175976,agreed
256335,unrelated
314797,unrelated
122438,unrelated
185544,unrelated
277124,agreed
117065,agreed
263368,unrelated
35654,unrelated
85990,agreed
68278,agreed
214662,unrelated
23040,unrelated
53238,unrelated
285514,unrelated
94774,unrelated
145867,unrelated
38652,unrelated
141937,unrelated
166151,agreed
74635,unrelated
85283,unrelated
60701,unrelated
145503,unrelated
214614,unrelated
254975,unrelated
287648,unrelated
145996,unrelated
56158,agreed
84213,agreed
192963,unrelated
176892,agreed
190375,agreed
193632,agreed
13695,unrelated
281782,agreed
125016,agreed
67852,unrelated
273125,unrelated
308597,unrelated
258885,unrelated
202806,unrelated
118833,unrelated
114760,unrelated
205760,unrelated
194666,agreed
60910,unrelated
57647,agreed
41603,agreed
210215,unrelated
300372,unrelated
93921,agreed
104476,unrelated
316736,unrelated
177589,unrelated
199635,unrelated
133569,agreed
66941,unrelated
107578,agreed
13261,unrelated
259015,unrelated
320913,unrelated
48298,unrelated
248031,unrelated
5010,agreed
289128,unrelated
251857,unrelated
174227,unrelated
224761,unrelated
20945,agreed
208962,agreed
307635,unrelated
35620,disagreed
6,unrelated
87821,unrelated
100783,unrelated
283222,unrelated
55422,unrelated
100077,unrelated
276505,agreed
1673,unrelated
135838,unrelated
266310,agreed
112965,unrelated
133071,unrelated
271255,unrelated
81959,unrelated
189777,unrelated
230281,unrelated
168238,unrelated
62751,unrelated
75191,agreed
157312,unrelated
164873,agreed
146066,unrelated
291807,unrelated
120414,unrelated
76807,unrelated
11205,unrelated
31855,unrelated
219328,unrelated
70736,agreed
290119,unrelated
136304,unrelated
92857,unrelated
27587,unrelated
243755,agreed
263141,unrelated
320845,unrelated
299812,unrelated
190527,unrelated
286755,unrelated
85499,unrelated
315433,agreed
115576,unrelated
142009,unrelated
97122,unrelated
43757,agreed
113104,agreed
130468,unrelated
15416,agreed
218955,unrelated
91523,unrelated
202182,unrelated
127277,unrelated
106509,agreed
79268,unrelated
38604,unrelated
153643,agreed
118280,unrelated
39995,unrelated
316148,unrelated
66124,agreed
204654,unrelated
306468,unrelated
9542,unrelated
138400,unrelated
215573,unrelated
103661,unrelated
290694,unrelated
221283,unrelated
95848,unrelated
182777,agreed
272267,unrelated
86180,agreed
223285,disagreed
227282,unrelated
248543,unrelated
156363,unrelated
206473,disagreed
270560,unrelated
62071,unrelated
287085,unrelated
206813,unrelated
205896,unrelated
116096,unrelated
263055,unrelated
6939,unrelated
124564,agreed
292826,unrelated
263087,agreed
320628,unrelated
101511,unrelated
297826,unrelated
84168,agreed
31697,unrelated
183140,unrelated
5419,unrelated
309924,agreed
111964,agreed
221837,unrelated
135811,unrelated
98974,unrelated
306780,unrelated
188244,unrelated
245921,unrelated
220736,agreed
57684,unrelated
214290,unrelated
314052,agreed
118205,agreed
263416,unrelated
157818,agreed
320668,agreed
222608,unrelated
190176,unrelated
163762,unrelated
29117,unrelated
85911,agreed
104560,unrelated
5007,agreed
268135,agreed
277849,unrelated
82114,unrelated
291106,agreed
139257,agreed
239164,unrelated
33268,agreed
244337,agreed
51930,agreed
39867,agreed
312222,unrelated
239731,unrelated
318632,agreed
1819,unrelated
21403,unrelated
199459,unrelated
309121,unrelated
190961,unrelated
69826,unrelated
3625,unrelated
122811,agreed
88796,unrelated
240926,unrelated
207691,unrelated
313568,agreed
234033,agreed
166428,agreed
20406,unrelated
70664,unrelated
162996,unrelated
290246,unrelated
103807,unrelated
86747,unrelated
105611,unrelated
71397,unrelated
235436,agreed
4223,unrelated
49611,unrelated
165962,agreed
125817,unrelated
29498,unrelated
283072,unrelated
304799,agreed
2528,unrelated
196458,unrelated
98391,unrelated
114058,unrelated
94310,unrelated
80441,unrelated
133958,unrelated
293852,unrelated
43782,agreed
86627,agreed
85303,unrelated
25535,unrelated
176800,unrelated
307399,agreed
249707,unrelated
161979,unrelated
10049,unrelated
173402,unrelated
78185,unrelated
44540,agreed
44166,unrelated
63182,unrelated
272584,unrelated
230560,agreed
213451,unrelated
63844,agreed
167227,unrelated
188039,unrelated
173536,unrelated
106481,unrelated
18780,agreed
216707,unrelated
263637,unrelated
212107,unrelated
37866,unrelated
83610,agreed
111931,unrelated
39063,unrelated
129226,unrelated
291076,agreed
319619,unrelated
201095,unrelated
174870,agreed
31674,agreed
284687,unrelated
297153,unrelated
124397,unrelated
65372,unrelated
180012,agreed
111954,agreed
248621,unrelated
52278,unrelated
13010,unrelated
31222,agreed
292580,unrelated
298185,unrelated
84303,unrelated
139447,unrelated
265263,unrelated
69763,unrelated
302125,agreed
215566,unrelated
22141,agreed
54930,unrelated
204148,unrelated
51461,unrelated
302457,unrelated
75518,agreed
58819,unrelated
249931,unrelated
216768,unrelated
114477,unrelated
222413,unrelated
93388,unrelated
167417,unrelated
265818,unrelated
75559,agreed
30956,unrelated
4018,unrelated
234931,unrelated
272052,unrelated
77340,unrelated
177829,agreed
4668,unrelated
315408,agreed
166290,agreed
23761,unrelated
283686,unrelated
227326,agreed
18561,unrelated
306299,agreed
175283,unrelated
317900,agreed
122450,unrelated
176240,unrelated
75264,agreed
115594,unrelated
91751,agreed
16908,unrelated
47312,unrelated
62675,unrelated
147393,agreed
265082,unrelated
96858,unrelated
181103,agreed
282079,unrelated
127054,unrelated
50473,unrelated
213107,disagreed
10827,unrelated
101541,unrelated
300889,agreed
98646,agreed
193614,unrelated
80105,unrelated
160810,unrelated
149272,unrelated
227243,unrelated
23584,unrelated
42538,unrelated
270356,unrelated
33885,unrelated
115253,unrelated
59198,unrelated
219544,unrelated
169132,agreed
17998,unrelated
181461,unrelated
83220,unrelated
139623,agreed
186186,agreed
84508,agreed
289101,agreed
178686,unrelated
198972,unrelated
278775,unrelated
148594,agreed
124414,unrelated
263158,unrelated
130082,unrelated
124635,unrelated
163599,unrelated
217743,unrelated
312906,agreed
24922,unrelated
131447,unrelated
147504,unrelated
297956,unrelated
305810,agreed
282026,agreed
5509,unrelated
171458,unrelated
176056,unrelated
64004,unrelated
149189,unrelated
235282,unrelated
261152,unrelated
270519,unrelated
249573,unrelated
140926,unrelated
259530,unrelated
168858,unrelated
140619,agreed
274258,agreed
204986,agreed
215488,unrelated
71677,unrelated
33808,unrelated
237461,unrelated
148127,unrelated
279014,agreed
34727,unrelated
177536,agreed
134242,agreed
231994,unrelated
156463,unrelated
141005,agreed
287070,unrelated
109499,unrelated
269467,agreed
255984,unrelated
276310,unrelated
286041,agreed
300598,unrelated
317794,agreed
47359,unrelated
46715,unrelated
249769,unrelated
255021,agreed
200422,unrelated
170407,unrelated
179497,agreed
124808,unrelated
287989,unrelated
29060,unrelated
86970,unrelated
252220,unrelated
299120,unrelated
157390,unrelated
115381,unrelated
145094,unrelated
33832,unrelated
22702,unrelated
172984,unrelated
113518,unrelated
252012,agreed
105367,unrelated
61350,unrelated
109863,unrelated
53153,unrelated
178766,unrelated
258387,disagreed
203324,unrelated
159662,unrelated
242766,unrelated
173138,unrelated
107173,agreed
258679,agreed
253183,agreed
285575,unrelated
155462,unrelated
234621,unrelated
66688,unrelated
81763,agreed
125580,unrelated
248268,unrelated
299411,unrelated
38499,agreed
305711,unrelated
149236,unrelated
105910,agreed
226416,unrelated
1562,unrelated
316647,agreed
102703,agreed
303025,unrelated
65161,agreed
123965,agreed
252126,unrelated
70914,unrelated
29615,unrelated
60920,unrelated
313157,unrelated
262877,agreed
317534,unrelated
239037,unrelated
134142,unrelated
250133,unrelated
306234,unrelated
160107,unrelated
269303,agreed
72400,unrelated
50398,unrelated
33801,unrelated
169312,agreed
318822,unrelated
149131,agreed
193223,unrelated
122025,unrelated
311267,agreed
175418,unrelated
204277,unrelated
212612,unrelated
21365,unrelated
309437,agreed
20639,agreed
59294,unrelated
297938,unrelated
35824,agreed
155035,unrelated
195867,agreed
80532,unrelated
1821,unrelated
296129,agreed
37899,unrelated
291270,agreed
184212,unrelated
293602,unrelated
82242,unrelated
120566,agreed
209471,unrelated
237073,agreed
236665,unrelated
263832,unrelated
30046,unrelated
159503,unrelated
124859,agreed
229535,unrelated
269184,unrelated
293526,unrelated
286644,unrelated
210296,agreed
150598,unrelated
317668,agreed
34684,unrelated
138746,unrelated
80340,agreed
71853,agreed
132435,unrelated
99722,unrelated
201252,unrelated
299369,unrelated
29098,unrelated
315037,unrelated
318627,agreed
123592,agreed
41181,unrelated
230749,unrelated
38018,unrelated
272561,unrelated
184034,agreed
40347,unrelated
170754,unrelated
69999,unrelated
59557,unrelated
303318,unrelated
69282,unrelated
305883,unrelated
136604,unrelated
206910,unrelated
77776,unrelated
182719,agreed
44807,unrelated
303045,unrelated
44416,agreed
253813,agreed
270066,unrelated
315151,agreed
236128,unrelated
188547,unrelated
128031,unrelated
300470,unrelated
266823,agreed
188245,unrelated
109646,unrelated
6733,unrelated
148447,unrelated
188532,unrelated
108663,unrelated
286555,unrelated
312493,agreed
73908,unrelated
153142,agreed
313735,unrelated
3046,unrelated
147435,unrelated
19199,unrelated
24555,unrelated
88756,unrelated
80370,agreed
262535,unrelated
238163,unrelated
291502,unrelated
114643,unrelated
160682,unrelated
298612,unrelated
48147,unrelated
42866,unrelated
99010,unrelated
121245,unrelated
209074,unrelated
124810,unrelated
143738,agreed
160068,unrelated
177447,unrelated
242807,unrelated
306906,unrelated
310937,unrelated
42893,unrelated
315586,unrelated
163087,agreed
144826,agreed
149256,unrelated
94064,unrelated
114991,agreed
30918,unrelated
11945,unrelated
104831,unrelated
24608,unrelated
113335,unrelated
307989,agreed
286503,unrelated
293765,agreed
201139,unrelated
177981,agreed
188038,unrelated
252586,unrelated
263885,unrelated
236519,agreed
3873,unrelated
220721,agreed
207401,unrelated
215149,agreed
124959,unrelated
242617,unrelated
18020,disagreed
186272,agreed
215129,unrelated
288545,unrelated
124550,unrelated
305936,unrelated
268338,unrelated
294735,unrelated
132387,agreed
19945,agreed
97144,unrelated
202551,unrelated
75155,unrelated
173464,unrelated
104602,unrelated
60162,unrelated
25876,agreed
148032,agreed
78414,unrelated
275099,unrelated
246498,unrelated
226241,agreed
103426,unrelated
70023,agreed
61568,unrelated
217455,unrelated
21533,unrelated
186805,agreed
301619,unrelated
172579,unrelated
279649,unrelated
55382,unrelated
117502,unrelated
169965,unrelated
241854,unrelated
223662,unrelated
209927,agreed
292392,unrelated
152531,unrelated
248354,unrelated
195133,agreed
304407,unrelated
130486,agreed
90705,unrelated
289631,unrelated
181106,agreed
206534,agreed
235972,unrelated
3632,agreed
314383,agreed
265854,agreed
18373,unrelated
130481,unrelated
128751,unrelated
119470,unrelated
75643,unrelated
72048,agreed
114422,unrelated
182636,unrelated
66636,agreed
242944,unrelated
269105,unrelated
275883,agreed
316487,unrelated
266327,unrelated
227852,unrelated
159668,unrelated
205738,unrelated
197801,unrelated
156837,unrelated
91261,unrelated
151686,unrelated
112703,unrelated
22213,agreed
253220,unrelated
296986,unrelated
320383,unrelated
225025,unrelated
184989,unrelated
303146,agreed
178876,agreed
208853,unrelated
51811,unrelated
289238,unrelated
144896,agreed
97605,unrelated
317530,unrelated
100064,unrelated
70702,agreed
236603,agreed
305411,unrelated
83890,unrelated
109504,unrelated
187670,unrelated
83832,agreed
29543,unrelated
262744,agreed
319743,unrelated
281100,agreed
169586,unrelated
242336,unrelated
237192,agreed
169036,agreed
266811,unrelated
240502,agreed
195114,agreed
72490,unrelated
41801,unrelated
161851,unrelated
27208,unrelated
273875,unrelated
180968,agreed
52735,agreed
127171,unrelated
229420,agreed
25733,unrelated
256829,unrelated
68409,unrelated
182088,agreed
89395,unrelated
252999,unrelated
295231,unrelated
287232,unrelated
96552,agreed
56432,unrelated
272381,unrelated
103982,unrelated
109294,agreed
295887,unrelated
57942,unrelated
208670,agreed
317809,agreed
151032,agreed
289196,unrelated
21828,agreed
66729,agreed
43567,agreed
15306,agreed
4475,unrelated
93550,agreed
218384,unrelated
281802,unrelated
112300,unrelated
26290,unrelated
68016,unrelated
29738,unrelated
58631,unrelated
65239,unrelated
45626,agreed
198369,agreed
158024,unrelated
265506,agreed
93690,unrelated
99539,agreed
28937,unrelated
305199,unrelated
204447,unrelated
96881,unrelated
301843,agreed
21853,agreed
267768,unrelated
19883,unrelated
12884,agreed
155216,agreed
247708,unrelated
312366,agreed
2449,unrelated
167260,agreed
147242,unrelated
313853,agreed
144915,unrelated
245404,unrelated
214593,agreed
101128,agreed
83061,unrelated
85364,agreed
59561,unrelated
105200,unrelated
152462,unrelated
271697,unrelated
188689,unrelated
91104,unrelated
109343,unrelated
33880,unrelated
126537,unrelated
84865,agreed
143827,unrelated
260831,unrelated
114359,agreed
221579,unrelated
309784,unrelated
31240,agreed
133074,unrelated
207791,agreed
49022,unrelated
16223,unrelated
113445,unrelated
40707,unrelated
174230,unrelated
117367,unrelated
307339,agreed
80799,unrelated
29398,unrelated
288061,agreed
3721,agreed
81370,unrelated
154722,unrelated
123408,agreed
293883,unrelated
100061,unrelated
103448,agreed
224446,agreed
222343,unrelated
200296,unrelated
265395,unrelated
87312,agreed
124718,agreed
109644,unrelated
189228,agreed
70083,unrelated
60829,unrelated
178297,unrelated
70941,unrelated
73825,unrelated
272960,unrelated
280301,unrelated
210827,unrelated
198617,unrelated
274364,unrelated
107292,agreed
274766,agreed
33175,unrelated
246477,unrelated
294390,unrelated
185765,unrelated
210163,unrelated
1974,unrelated
230740,unrelated
115569,unrelated
26996,unrelated
71599,unrelated
274346,unrelated
315629,agreed
161838,unrelated
1388,unrelated
103076,unrelated
297734,unrelated
5172,unrelated
31089,unrelated
281485,agreed
293697,agreed
154923,unrelated
319673,unrelated
316965,unrelated
91384,agreed
295570,unrelated
174809,unrelated
112507,disagreed
26960,unrelated
83712,unrelated
279434,agreed
175736,agreed
249109,unrelated
61956,unrelated
274860,unrelated
231679,unrelated
264270,agreed
87323,unrelated
194295,agreed
242426,agreed
74422,unrelated
216379,agreed
292915,unrelated
60422,unrelated
40391,unrelated
274977,unrelated
4284,unrelated
12631,unrelated
146185,agreed
26193,agreed
101262,agreed
36526,unrelated
220704,agreed
97848,unrelated
266604,unrelated
77429,unrelated
172364,unrelated
140897,agreed
214422,agreed
81347,unrelated
1641,unrelated
125158,unrelated
85111,unrelated
6200,unrelated
230270,unrelated
199498,unrelated
28161,unrelated
174560,agreed
177835,unrelated
233069,unrelated
156525,unrelated
294434,unrelated
25974,unrelated
87825,unrelated
272244,unrelated
150139,agreed
318480,unrelated
275589,agreed
298068,disagreed
186685,unrelated
152745,agreed
119772,unrelated
93529,unrelated
59893,unrelated
76628,unrelated
224827,agreed
6696,unrelated
85596,unrelated
92758,unrelated
7477,unrelated
131941,unrelated
244955,agreed
311319,unrelated
194007,agreed
167970,unrelated
197969,unrelated
242128,agreed
36871,agreed
307713,agreed
183292,agreed
227797,unrelated
232681,agreed
143657,agreed
271385,unrelated
60641,unrelated
267065,agreed
56681,unrelated
9953,agreed
39357,unrelated
198956,agreed
280769,unrelated
317016,agreed
263902,unrelated
196679,unrelated
204780,unrelated
177366,unrelated
317713,unrelated
98265,unrelated
106623,unrelated
170805,agreed
285011,unrelated
239677,unrelated
24089,unrelated
268742,unrelated
30644,unrelated
171729,unrelated
163633,unrelated
85981,agreed
49603,unrelated
2269,agreed
15663,agreed
263725,unrelated
34102,unrelated
257890,unrelated
218767,agreed
50456,unrelated
270150,unrelated
216881,unrelated
190809,unrelated
279701,agreed
144990,unrelated
301579,unrelated
222310,unrelated
279474,unrelated
103731,unrelated
317969,unrelated
295812,unrelated
121692,agreed
102209,unrelated
259039,unrelated
315301,unrelated
246277,agreed
72572,agreed
186787,agreed
168174,unrelated
165555,unrelated
202991,unrelated
308204,unrelated
230994,agreed
169244,unrelated
238679,agreed
4128,unrelated
258195,unrelated
4456,unrelated
32172,unrelated
274929,agreed
57413,agreed
254618,unrelated
85346,unrelated
83252,agreed
216501,unrelated
298341,unrelated
53022,unrelated
98330,agreed
287003,unrelated
6423,unrelated
238848,unrelated
304930,unrelated
235982,agreed
97800,unrelated
177515,agreed
144807,unrelated
129277,unrelated
307129,unrelated
10956,unrelated
1937,unrelated
130236,unrelated
62470,agreed
91145,unrelated
153358,agreed
277924,unrelated
91830,unrelated
138112,unrelated
121003,agreed
181820,unrelated
250320,unrelated
289363,unrelated
277942,agreed
179214,agreed
115403,unrelated
80454,unrelated
4542,unrelated
123444,agreed
185749,unrelated
114407,agreed
128713,agreed
294857,unrelated
303404,unrelated
109978,unrelated
222202,unrelated
86116,unrelated
314816,unrelated
108030,agreed
195933,unrelated
262703,unrelated
227142,unrelated
215674,unrelated
53260,unrelated
173132,unrelated
242727,unrelated
111291,unrelated
59445,agreed
85491,unrelated
105940,unrelated
235888,agreed
289085,agreed
93488,unrelated
262854,agreed
214018,unrelated
197624,unrelated
44539,agreed
243891,unrelated
67604,agreed
293358,unrelated
311020,unrelated
21046,agreed
78298,unrelated
123300,unrelated
199948,unrelated
185908,agreed
295527,unrelated
25051,agreed
121531,unrelated
34103,unrelated
71094,unrelated
114056,unrelated
23231,unrelated
273742,agreed
251067,agreed
104613,unrelated
85986,unrelated
105812,disagreed
140764,unrelated
132184,unrelated
86806,agreed
123348,unrelated
8243,unrelated
62276,unrelated
83648,unrelated
286220,unrelated
90178,unrelated
133801,unrelated
68283,unrelated
302404,unrelated
261672,unrelated
97795,agreed
108510,unrelated
77599,unrelated
276024,unrelated
56408,unrelated
117126,unrelated
214867,unrelated
277829,unrelated
290987,agreed
75556,agreed
80818,unrelated
133114,unrelated
288988,unrelated
224659,agreed
109862,unrelated
128229,agreed
229037,unrelated
68572,unrelated
296230,unrelated
168100,unrelated
272936,unrelated
57452,unrelated
283660,unrelated
255042,unrelated
171081,unrelated
269805,unrelated
164852,agreed
92620,unrelated
45366,agreed
239718,unrelated
137675,agreed
42741,unrelated
220330,unrelated
113021,agreed
319995,agreed
145662,unrelated
109904,unrelated
220858,agreed
100704,unrelated
245624,agreed
132117,agreed
58687,unrelated
65253,agreed
155190,unrelated
44246,unrelated
119215,agreed
182662,unrelated
21464,unrelated
8025,unrelated
15988,unrelated
310575,unrelated
58538,unrelated
236235,unrelated
43803,agreed
70589,unrelated
202463,unrelated
197635,disagreed
24630,unrelated
316126,unrelated
112012,unrelated
114081,agreed
231027,agreed
156095,unrelated
303212,unrelated
63286,unrelated
266664,unrelated
230469,unrelated
79941,unrelated
69290,unrelated
52063,agreed
123021,unrelated
109290,unrelated
237012,agreed
240183,unrelated
120785,unrelated
243857,unrelated
221972,unrelated
308653,unrelated
95348,unrelated
68260,unrelated
169179,agreed
270966,unrelated
170620,unrelated
165513,unrelated
62999,unrelated
222213,unrelated
269380,agreed
287001,unrelated
254584,agreed
61099,unrelated
275534,agreed
85438,unrelated
136339,unrelated
269748,unrelated
302902,unrelated
128954,agreed
141501,unrelated
34867,unrelated
219128,agreed
147540,unrelated
3894,unrelated
265847,agreed
160945,unrelated
179090,unrelated
163735,unrelated
119846,agreed
116342,unrelated
133910,unrelated
20588,agreed
297853,unrelated
231886,unrelated
212518,agreed
86099,unrelated
305389,unrelated
149912,unrelated
12772,unrelated
318159,agreed
318496,unrelated
249587,unrelated
167353,unrelated
68004,unrelated
240576,unrelated
88911,unrelated
79215,unrelated
277384,unrelated
54153,unrelated
253252,agreed
38912,unrelated
158747,unrelated
256846,agreed
312247,unrelated
143190,unrelated
141881,unrelated
231003,unrelated
232865,agreed
53744,unrelated
312870,agreed
180926,unrelated
47165,unrelated
215662,unrelated
308244,agreed
34981,agreed
110514,unrelated
59554,agreed
3843,unrelated
320102,agreed
50494,unrelated
102302,agreed
80442,unrelated
285429,unrelated
224043,agreed
70201,unrelated
171,unrelated
5587,unrelated
216664,unrelated
158694,agreed
33069,unrelated
62587,unrelated
33765,unrelated
149122,agreed
299593,unrelated
41240,unrelated
137831,unrelated
306592,unrelated
37595,unrelated
164950,unrelated
31244,unrelated
128952,agreed
14057,unrelated
174966,unrelated
82740,unrelated
231634,agreed
216438,unrelated
279005,agreed
40242,agreed
23503,unrelated
218556,unrelated
254561,agreed
228066,unrelated
275823,unrelated
104736,unrelated
60682,unrelated
11271,unrelated
168074,unrelated
108450,unrelated
60587,unrelated
311899,unrelated
237681,unrelated
92143,agreed
6439,unrelated
216494,unrelated
701,agreed
230922,agreed
132820,agreed
52836,unrelated
262946,unrelated
280176,unrelated
76273,unrelated
250534,unrelated
38409,unrelated
82601,unrelated
263278,unrelated
309956,agreed
117386,unrelated
217235,unrelated
42771,unrelated
27298,unrelated
80612,unrelated
123127,agreed
215958,unrelated
317415,agreed
299589,agreed
45769,agreed
82427,unrelated
29150,unrelated
224212,unrelated
244212,agreed
250863,agreed
141688,unrelated
235858,unrelated
101905,unrelated
305446,unrelated
101331,disagreed
256121,agreed
88110,unrelated
144778,agreed
250701,unrelated
267131,unrelated
73275,agreed
307831,unrelated
235779,unrelated
219384,unrelated
247098,unrelated
32150,unrelated
49599,agreed
287478,unrelated
224430,unrelated
78026,unrelated
239720,unrelated
311395,agreed
151747,unrelated
265280,unrelated
254462,unrelated
108490,unrelated
116113,unrelated
125554,unrelated
78553,unrelated
227423,unrelated
46294,agreed
173558,unrelated
42184,agreed
280948,unrelated
43502,unrelated
290385,unrelated
103749,unrelated
65443,unrelated
172039,unrelated
255791,unrelated
258879,unrelated
259256,unrelated
119600,unrelated
254308,agreed
12201,unrelated
282713,agreed
259421,unrelated
263845,unrelated
224897,unrelated
266073,agreed
40698,agreed
263322,unrelated
153849,unrelated
160425,disagreed
61347,unrelated
122831,unrelated
245902,agreed
41936,agreed
320056,agreed
309152,unrelated
120395,unrelated
293288,unrelated
269709,unrelated
177396,agreed
42731,unrelated
115121,unrelated
301482,unrelated
167733,unrelated
26025,unrelated
245886,unrelated
129000,unrelated
302134,agreed
20295,unrelated
182907,unrelated
20716,agreed
261244,unrelated
29409,agreed
184967,unrelated
38051,unrelated
101297,disagreed
140617,agreed
100970,unrelated
261060,unrelated
258048,agreed
299852,unrelated
313673,agreed
127349,disagreed
96828,agreed
135872,unrelated
283331,unrelated
205366,unrelated
279322,agreed
116831,disagreed
195134,agreed
202229,unrelated
143951,unrelated
240003,agreed
78239,agreed
290373,unrelated
206705,unrelated
183710,unrelated
220053,unrelated
101907,unrelated
276200,unrelated
185782,unrelated
74755,unrelated
127345,unrelated
94949,unrelated
243671,unrelated
30514,unrelated
126012,unrelated
199724,unrelated
201354,unrelated
159253,agreed
99076,unrelated
40683,unrelated
161504,agreed
20245,agreed
62957,unrelated
129015,unrelated
260933,unrelated
10178,unrelated
236901,agreed
239803,agreed
12142,unrelated
162162,agreed
291567,unrelated
154574,unrelated
256900,unrelated
222917,unrelated
282380,unrelated
198055,unrelated
297697,unrelated
45996,unrelated
69532,unrelated
244891,agreed
207065,unrelated
34273,agreed
213810,unrelated
28070,agreed
190735,unrelated
245053,unrelated
287808,unrelated
53263,unrelated
183334,agreed
202348,agreed
24215,unrelated
198754,unrelated
36558,agreed
220518,unrelated
122897,agreed
42290,agreed
321143,unrelated
25647,unrelated
110072,unrelated
269507,unrelated
185703,unrelated
164695,agreed
183185,unrelated
24605,unrelated
217963,unrelated
245789,unrelated
196794,unrelated
312861,agreed
82768,agreed
119758,unrelated
249208,unrelated
287542,unrelated
218145,unrelated
3770,agreed
49716,agreed
120647,agreed
235299,unrelated
176390,unrelated
21463,unrelated
110547,agreed
218130,unrelated
37180,unrelated
196916,unrelated
255381,agreed
237865,unrelated
25958,unrelated
177572,unrelated
320630,unrelated
287193,agreed
160829,unrelated
273866,unrelated
58125,unrelated
62517,unrelated
103121,unrelated
268005,unrelated
210415,unrelated
317496,agreed
261859,agreed
318311,unrelated
146994,unrelated
108572,unrelated
22189,unrelated
13398,unrelated
212030,unrelated
58198,unrelated
39655,unrelated
153582,unrelated
98932,agreed
171506,unrelated
211469,unrelated
231429,unrelated
309431,unrelated
252232,agreed
262861,agreed
93221,unrelated
195749,agreed
300575,unrelated
210500,agreed
280084,unrelated
41136,agreed
46609,unrelated
219843,unrelated
238741,agreed
147133,unrelated
166240,unrelated
302565,agreed
56414,unrelated
177136,unrelated
122253,agreed
61231,unrelated
133870,agreed
205737,unrelated
225685,unrelated
318096,unrelated
180701,unrelated
98696,agreed
215016,unrelated
231489,agreed
186440,disagreed
30734,unrelated
6044,unrelated
185727,agreed
16584,unrelated
184009,unrelated
134919,agreed
167268,unrelated
277575,agreed
269982,unrelated
24489,unrelated
285085,unrelated
80,unrelated
180786,unrelated
275367,unrelated
258706,unrelated
131617,agreed
239686,unrelated
123606,unrelated
118523,unrelated
296809,unrelated
47485,unrelated
130665,unrelated
123990,unrelated
6498,unrelated
228753,unrelated
7677,unrelated
298304,unrelated
181934,unrelated
279833,unrelated
299614,agreed
86284,unrelated
72890,unrelated
84955,unrelated
138958,unrelated
61596,unrelated
253946,unrelated
256636,agreed
258924,agreed
15404,agreed
122381,unrelated
224692,unrelated
176424,unrelated
56882,unrelated
133119,agreed
211856,unrelated
4217,unrelated
50552,unrelated
174300,agreed
294311,agreed
138773,unrelated
217116,agreed
291872,agreed
239993,unrelated
69455,unrelated
185924,unrelated
250185,unrelated
159413,unrelated
26469,unrelated
206664,unrelated
246041,unrelated
256813,unrelated
77709,agreed
28505,unrelated
253838,unrelated
233498,unrelated
260444,unrelated
217628,unrelated
301914,agreed
29002,unrelated
173386,agreed
140928,unrelated
244182,agreed
101191,agreed
218742,agreed
158422,unrelated
3315,unrelated
118828,unrelated
198292,agreed
320293,unrelated
134473,agreed
148697,agreed
195941,unrelated
63595,unrelated
286907,unrelated
55451,unrelated
319201,unrelated
116027,agreed
251161,agreed
92141,unrelated
203992,unrelated
61392,unrelated
167395,unrelated
176392,unrelated
39896,unrelated
101732,unrelated
73152,agreed
142313,unrelated
250789,agreed
22195,unrelated
102355,agreed
144316,agreed
195388,unrelated
92730,unrelated
300979,unrelated
58270,unrelated
23648,unrelated
202014,unrelated
114533,unrelated
106890,unrelated
254099,unrelated
273289,disagreed
163845,agreed
95506,unrelated
292788,unrelated
228579,unrelated
108760,unrelated
88176,unrelated
75446,unrelated
148320,unrelated
133307,unrelated
245478,agreed
122169,agreed
249557,unrelated
190932,unrelated
183925,agreed
101864,unrelated
74356,unrelated
253767,agreed
7991,unrelated
300570,unrelated
212157,unrelated
128487,disagreed
178326,unrelated
111011,agreed
65461,unrelated
34515,unrelated
7492,agreed
239256,unrelated
275827,unrelated
307834,unrelated
218498,unrelated
81243,agreed
275855,unrelated
265424,unrelated
54307,unrelated
7163,unrelated
215323,unrelated
243871,unrelated
67382,unrelated
164364,unrelated
184532,agreed
70251,unrelated
301609,unrelated
22112,agreed
114337,unrelated
2673,unrelated
256415,unrelated
150509,unrelated
231054,agreed
312983,agreed
3128,agreed
288023,unrelated
19378,unrelated
196761,unrelated
267967,unrelated
112751,agreed
134160,agreed
50083,agreed
22874,agreed
250046,unrelated
148025,agreed
247215,disagreed
156105,unrelated
310537,agreed
255583,unrelated
35764,unrelated
31693,unrelated
214979,unrelated
134794,unrelated
48084,unrelated
9833,agreed
272278,unrelated
144394,unrelated
101854,unrelated
289156,unrelated
156804,agreed
272536,unrelated
162999,unrelated
261965,agreed
221402,agreed
76666,unrelated
60423,unrelated
231788,unrelated
26636,unrelated
59866,agreed
268415,unrelated
12680,unrelated
174171,unrelated
72932,unrelated
218330,unrelated
266039,agreed
292575,unrelated
146995,unrelated
259704,unrelated
96347,unrelated
71697,unrelated
257984,unrelated
57938,unrelated
256390,agreed
287385,unrelated
212296,unrelated
75644,unrelated
32982,unrelated
110641,unrelated
14286,unrelated
5089,agreed
35393,unrelated
247185,unrelated
89868,unrelated
133717,unrelated
31300,unrelated
40926,unrelated
311533,unrelated
207249,unrelated
14109,unrelated
152903,agreed
218149,unrelated
87937,unrelated
248257,unrelated
295580,unrelated
122017,unrelated
174762,agreed
161470,unrelated
249554,unrelated
30092,agreed
65280,agreed
274389,unrelated
233316,unrelated
135650,unrelated
267797,unrelated
134589,unrelated
192041,unrelated
213774,unrelated
283055,unrelated
282240,unrelated
86999,unrelated
279207,agreed
64603,unrelated
6221,agreed
186745,unrelated
279730,agreed
254707,unrelated
154884,unrelated
260776,unrelated
28927,agreed
88402,agreed
200277,unrelated
226045,agreed
2352,unrelated
314413,unrelated
287312,unrelated
307035,agreed
122992,unrelated
83013,unrelated
251965,unrelated
154387,unrelated
65915,unrelated
117838,unrelated
216358,unrelated
299972,unrelated
272325,unrelated
261670,unrelated
266505,unrelated
272841,unrelated
71627,unrelated
268652,agreed
143963,unrelated
181246,unrelated
231779,unrelated
273303,disagreed
86749,agreed
206269,agreed
306869,agreed
196821,agreed
260051,unrelated
9763,unrelated
262601,unrelated
46558,agreed
246786,agreed
171079,unrelated
188210,unrelated
109608,unrelated
299793,agreed
308694,unrelated
18536,unrelated
48191,unrelated
29739,unrelated
165031,unrelated
268879,unrelated
288441,unrelated
89203,agreed
93003,agreed
91086,unrelated
85783,unrelated
204800,agreed
214367,unrelated
155912,disagreed
294927,unrelated
243422,agreed
106932,agreed
19095,unrelated
24600,unrelated
270706,agreed
197350,unrelated
215715,unrelated
247563,disagreed
216319,unrelated
51754,agreed
124172,unrelated
201634,agreed
317556,unrelated
298370,unrelated
73218,unrelated
155121,unrelated
120032,disagreed
49251,agreed
220509,unrelated
112331,unrelated
300081,unrelated
87534,agreed
16135,unrelated
111523,unrelated
234278,unrelated
293690,agreed
263574,unrelated
131713,agreed
131580,agreed
259111,unrelated
245338,unrelated
172606,unrelated
41587,unrelated
116817,unrelated
24395,unrelated
68048,unrelated
26231,unrelated
253753,unrelated
24385,unrelated
32315,unrelated
236242,unrelated
251096,agreed
22259,unrelated
63392,agreed
246361,unrelated
169951,unrelated
301148,agreed
210324,unrelated
97421,unrelated
110348,unrelated
315132,unrelated
230904,unrelated
35322,agreed
132949,unrelated
32720,agreed
251435,unrelated
249940,unrelated
159257,unrelated
51443,unrelated
296724,unrelated
103508,agreed
134106,unrelated
167515,unrelated
12722,unrelated
85975,agreed
29558,unrelated
70062,unrelated
238812,unrelated
304589,agreed
133981,agreed
142816,unrelated
51641,unrelated
209197,agreed
239894,unrelated
206170,agreed
182427,unrelated
182339,unrelated
261350,agreed
255526,agreed
215629,unrelated
187575,unrelated
54468,unrelated
199670,unrelated
282757,agreed
307560,unrelated
142301,unrelated
105406,unrelated
99960,unrelated
258548,agreed
248241,unrelated
98642,unrelated
169221,unrelated
92756,unrelated
98861,agreed
192950,agreed
275392,unrelated
317610,agreed
207421,disagreed
99713,unrelated
87286,agreed
185828,agreed
79996,unrelated
91667,unrelated
63790,agreed
269977,unrelated
197056,unrelated
141740,agreed
183062,unrelated
269321,unrelated
144406,unrelated
244229,unrelated
278955,unrelated
184334,agreed
107323,unrelated
87528,agreed
190499,unrelated
67048,agreed
261290,agreed
143648,unrelated
110660,unrelated
85784,unrelated
168806,unrelated
109921,unrelated
277857,unrelated
50557,unrelated
207117,unrelated
5952,unrelated
254362,agreed
118614,unrelated
12759,unrelated
93480,agreed
108055,agreed
155302,unrelated
17759,agreed
21895,agreed
20273,unrelated
298281,unrelated
297539,unrelated
89012,agreed
53668,unrelated
284271,agreed
67493,unrelated
154547,unrelated
134713,unrelated
89787,unrelated
184317,unrelated
262523,unrelated
30093,agreed
79632,unrelated
113643,unrelated
270636,unrelated
299170,unrelated
262037,unrelated
98594,unrelated
147355,unrelated
250150,unrelated
69025,unrelated
306073,unrelated
236700,unrelated
191990,unrelated
68190,unrelated
216654,unrelated
235051,unrelated
275196,unrelated
125883,unrelated
291789,agreed
101777,unrelated
111129,unrelated
286433,unrelated
212294,unrelated
11453,unrelated
166215,unrelated
223316,agreed
73189,agreed
283315,unrelated
154325,unrelated
67564,unrelated
306589,unrelated
174229,unrelated
2856,agreed
11304,unrelated
217493,unrelated
135269,unrelated
121975,agreed
80645,unrelated
302754,unrelated
12917,unrelated
167020,unrelated
157456,unrelated
100736,unrelated
307903,unrelated
43376,unrelated
273690,unrelated
9613,agreed
304089,unrelated
97490,unrelated
228721,unrelated
301293,unrelated
271699,agreed
56523,unrelated
277203,agreed
319151,unrelated
109464,unrelated
140950,agreed
11563,unrelated
317377,unrelated
13726,unrelated
102145,unrelated
147823,unrelated
123997,unrelated
277816,unrelated
109598,unrelated
183097,unrelated
133836,agreed
80873,agreed
65072,unrelated
141656,unrelated
34204,agreed
203576,unrelated
224950,unrelated
29832,unrelated
247688,unrelated
233796,agreed
95839,unrelated
220092,unrelated
80519,unrelated
292361,unrelated
97418,agreed
122272,unrelated
263303,unrelated
161743,unrelated
250437,unrelated
292336,agreed
224980,unrelated
307895,unrelated
297904,unrelated
3418,unrelated
313581,agreed
39016,agreed
212527,unrelated
295089,unrelated
131899,unrelated
288900,unrelated
169066,agreed
66212,unrelated
256018,unrelated
65866,unrelated
24100,unrelated
254850,unrelated
302770,unrelated
143388,agreed
63014,unrelated
301208,unrelated
101747,unrelated
86380,unrelated
243145,agreed
295228,unrelated
246422,unrelated
165746,agreed
76015,unrelated
299920,agreed
152425,unrelated
81259,unrelated
201797,unrelated
293805,agreed
116290,agreed
57257,unrelated
60372,unrelated
165404,unrelated
34114,unrelated
32366,unrelated
66814,unrelated
191538,unrelated
73562,unrelated
96599,disagreed
184642,unrelated
260308,agreed
235471,unrelated
19368,agreed
247488,unrelated
181111,agreed
43392,unrelated
320281,agreed
98580,unrelated
117702,unrelated
144617,unrelated
17329,agreed
103533,agreed
246068,unrelated
16176,agreed
36060,unrelated
180665,unrelated
23921,unrelated
3680,agreed
170804,unrelated
89381,unrelated
53612,unrelated
56349,agreed
244994,unrelated
297832,unrelated
174397,unrelated
166567,unrelated
81451,unrelated
24674,agreed
235553,unrelated
236365,unrelated
113300,agreed
47466,unrelated
10864,agreed
160914,unrelated
35836,agreed
153548,agreed
298271,unrelated
119849,agreed
227701,agreed
263117,agreed
134109,unrelated
240064,unrelated
229514,unrelated
53716,unrelated
282125,unrelated
193635,agreed
41207,unrelated
243966,unrelated
280146,unrelated
133539,agreed
80240,unrelated
12553,agreed
288166,agreed
44324,unrelated
39603,unrelated
106208,unrelated
153359,agreed
165232,unrelated
248650,unrelated
192050,unrelated
186170,unrelated
112062,agreed
233557,unrelated
205945,agreed
227261,disagreed
128048,unrelated
81402,unrelated
90611,agreed
67388,unrelated
8320,unrelated
133434,unrelated
54357,unrelated
291939,unrelated
303664,unrelated
265237,unrelated
221288,unrelated
133261,unrelated
83896,unrelated
238250,unrelated
178032,unrelated
134926,unrelated
51457,unrelated
36835,agreed
106180,unrelated
72804,unrelated
312815,agreed
274639,unrelated
206486,unrelated
121150,agreed
36117,unrelated
12515,agreed
160512,unrelated
85324,unrelated
31176,unrelated
164279,agreed
117172,unrelated
187599,disagreed
245981,agreed
156027,unrelated
151792,unrelated
216500,unrelated
111917,agreed
319795,unrelated
242151,unrelated
242593,unrelated
110099,unrelated
167220,unrelated
47858,unrelated
173229,unrelated
28328,unrelated
25687,unrelated
249928,unrelated
275956,unrelated
285655,agreed
42388,agreed
225199,unrelated
48756,unrelated
109313,unrelated
174497,agreed
208155,unrelated
302143,agreed
230784,agreed
180387,unrelated
271504,unrelated
282588,agreed
291040,unrelated
116696,unrelated
8646,unrelated
168218,unrelated
221784,agreed
50798,agreed
101186,agreed
119722,unrelated
115302,unrelated
263879,unrelated
90812,unrelated
23209,unrelated
96799,unrelated
55019,unrelated
210687,agreed
270514,unrelated
164928,unrelated
65093,agreed
17468,unrelated
222857,unrelated
57204,agreed
121693,agreed
76419,agreed
126570,unrelated
81726,agreed
138615,unrelated
284873,unrelated
139013,unrelated
78482,agreed
200061,agreed
228159,unrelated
283076,unrelated
304225,agreed
72921,agreed
36128,unrelated
228273,unrelated
4861,agreed
36778,unrelated
310902,unrelated
78777,unrelated
45163,unrelated
126564,unrelated
193889,agreed
226113,unrelated
264410,agreed
170752,unrelated
25704,unrelated
120384,unrelated
40220,unrelated
235001,unrelated
242033,unrelated
286849,disagreed
62563,agreed
38830,unrelated
47448,unrelated
237441,unrelated
28540,agreed
320705,agreed
264870,unrelated
132185,unrelated
236672,unrelated
310458,unrelated
180172,unrelated
174463,unrelated
200826,unrelated
121280,unrelated
36059,unrelated
211238,agreed
221108,unrelated
269677,agreed
104027,unrelated
319528,unrelated
139074,agreed
191844,unrelated
129203,unrelated
291961,agreed
188687,unrelated
106488,unrelated
135741,unrelated
190565,disagreed
101048,unrelated
279749,agreed
256331,unrelated
53145,unrelated
291678,unrelated
11916,unrelated
12407,unrelated
54111,unrelated
6057,unrelated
129645,disagreed
82393,unrelated
10290,agreed
270020,agreed
272619,unrelated
276102,agreed
233749,unrelated
138828,unrelated
210326,unrelated
150888,agreed
230482,unrelated
51188,unrelated
83273,unrelated
283554,unrelated
91678,unrelated
25541,agreed
85318,unrelated
187139,unrelated
166665,unrelated
40766,agreed
132499,unrelated
291409,unrelated
97682,agreed
87642,agreed
24843,unrelated
70931,unrelated
298305,unrelated
128723,unrelated
61118,unrelated
192901,agreed
118180,agreed
30579,agreed
196279,unrelated
214049,unrelated
106621,unrelated
117084,agreed
138718,unrelated
195889,agreed
165853,unrelated
193648,agreed
156063,unrelated
132888,agreed
19577,agreed
148712,unrelated
78094,unrelated
152178,agreed
49602,unrelated
237622,unrelated
144198,unrelated
257412,agreed
36368,unrelated
202306,unrelated
27171,unrelated
94657,agreed
153551,unrelated
201168,unrelated
149780,unrelated
306978,unrelated
8715,unrelated
42940,agreed
8860,unrelated
283064,unrelated
147135,unrelated
9016,unrelated
7303,unrelated
37360,unrelated
315298,agreed
153217,unrelated
8287,unrelated
2101,unrelated
171099,agreed
84438,unrelated
129194,unrelated
17756,agreed
155447,agreed
72546,unrelated
283138,unrelated
108794,unrelated
258170,unrelated
314472,agreed
69486,unrelated
193595,unrelated
220669,unrelated
148541,unrelated
211656,unrelated
27922,unrelated
271723,agreed
130120,agreed
94467,unrelated
44474,unrelated
113634,unrelated
11475,unrelated
173154,unrelated
111510,unrelated
14345,agreed
310487,agreed
208534,agreed
313615,agreed
264056,agreed
1808,unrelated
157873,unrelated
251597,unrelated
64439,unrelated
304545,agreed
167568,unrelated
315481,agreed
207635,unrelated
259701,unrelated
267738,agreed
29219,unrelated
92056,agreed
215348,unrelated
226310,agreed
309968,agreed
27351,disagreed
249642,unrelated
122683,unrelated
55274,unrelated
97023,unrelated
224544,unrelated
226963,unrelated
52335,unrelated
187943,unrelated
117195,unrelated
191559,unrelated
232635,unrelated
72786,unrelated
149579,unrelated
45746,unrelated
42577,agreed
87207,unrelated
71662,unrelated
116767,agreed
141002,agreed
263615,unrelated
48103,unrelated
192177,agreed
50589,unrelated
32460,unrelated
249222,unrelated
172744,unrelated
232669,unrelated
288003,unrelated
231762,unrelated
91432,unrelated
33484,unrelated
114023,unrelated
95876,unrelated
46954,unrelated
67971,agreed
153191,unrelated
189340,unrelated
144816,agreed
169942,disagreed
111895,agreed
207773,agreed
2053,unrelated
107548,agreed
180424,unrelated
268047,agreed
290272,unrelated
113623,unrelated
126416,unrelated
144835,agreed
80060,unrelated
254929,unrelated
116797,unrelated
243450,unrelated
207784,agreed
183550,agreed
99577,unrelated
152652,unrelated
202469,agreed
150069,agreed
2774,agreed
245034,unrelated
238321,unrelated
209642,unrelated
243714,unrelated
71498,unrelated
136580,unrelated
310354,unrelated
260255,agreed
138517,unrelated
2691,unrelated
35449,unrelated
218827,unrelated
280636,agreed
33924,unrelated
61455,unrelated
238432,agreed
192161,agreed
119074,unrelated
216935,unrelated
200404,agreed
15520,unrelated
233267,unrelated
72377,unrelated
199349,unrelated
62279,unrelated
156777,unrelated
11883,unrelated
197424,unrelated
115992,unrelated
166554,unrelated
75056,agreed
60723,unrelated
123129,unrelated
199295,unrelated
145116,unrelated
81330,unrelated
62781,unrelated
159962,unrelated
57551,agreed
137203,unrelated
1877,unrelated
193325,unrelated
241716,unrelated
286709,unrelated
218642,unrelated
198343,unrelated
20943,unrelated
47553,unrelated
124915,unrelated
81750,unrelated
297715,unrelated
301348,unrelated
9515,agreed
223659,unrelated
161821,unrelated
208349,unrelated
134476,disagreed
145012,unrelated
44450,unrelated
310314,unrelated
70973,unrelated
19238,unrelated
241266,unrelated
67142,unrelated
264239,unrelated
59617,unrelated
46973,unrelated
293651,unrelated
263752,unrelated
107886,unrelated
243384,unrelated
135252,unrelated
181834,unrelated
301195,unrelated
66953,unrelated
320341,agreed
36734,unrelated
318457,unrelated
75232,agreed
243928,unrelated
104409,agreed
152330,unrelated
303995,agreed
93425,unrelated
148632,unrelated
127543,unrelated
249076,unrelated
100513,agreed
52558,unrelated
206251,agreed
80602,unrelated
278425,unrelated
12560,agreed
271942,agreed
139602,unrelated
310991,unrelated
9539,unrelated
201961,unrelated
276403,unrelated
67393,agreed
120267,unrelated
245579,unrelated
164729,unrelated
274885,unrelated
66968,unrelated
52782,unrelated
238142,unrelated
232586,unrelated
101405,unrelated
54086,unrelated
206719,unrelated
58123,unrelated
211104,agreed
145102,unrelated
242288,unrelated
200189,agreed
3777,unrelated
108285,unrelated
208184,unrelated
281296,unrelated
90975,unrelated
255794,unrelated
171271,unrelated
126862,unrelated
113524,unrelated
91054,unrelated
146119,unrelated
55558,unrelated
48889,unrelated
211413,unrelated
180363,agreed
1453,unrelated
87988,unrelated
196955,unrelated
159198,agreed
109163,agreed
178503,unrelated
114522,unrelated
194134,agreed
55597,unrelated
37735,unrelated
148619,unrelated
120875,unrelated
237523,unrelated
164031,unrelated
78282,agreed
308173,unrelated
276437,unrelated
19730,unrelated
303904,agreed
23952,agreed
52964,unrelated
40142,agreed
217155,unrelated
29898,unrelated
32763,unrelated
221161,unrelated
284601,unrelated
79655,unrelated
252125,unrelated
285497,unrelated
146329,unrelated
320499,unrelated
88204,agreed
78600,agreed
2978,unrelated
301864,agreed
70649,disagreed
164639,disagreed
89408,agreed
212278,unrelated
39062,agreed
223018,agreed
143379,agreed
220606,unrelated
127230,disagreed
206166,agreed
319760,unrelated
97106,unrelated
126176,unrelated
49929,unrelated
236769,unrelated
6155,unrelated
72439,unrelated
245492,unrelated
182096,unrelated
277953,unrelated
210017,unrelated
309173,unrelated
189638,unrelated
96413,unrelated
179599,agreed
27029,unrelated
245468,unrelated
196006,unrelated
258096,agreed
19085,agreed
42585,agreed
217508,unrelated
302253,unrelated
42793,unrelated
90978,unrelated
196450,agreed
93304,unrelated
190621,unrelated
117452,unrelated
258792,unrelated
306005,unrelated
132277,agreed
216603,unrelated
28735,unrelated
244282,unrelated
169932,unrelated
271906,agreed
112404,agreed
19187,unrelated
49498,unrelated
169230,unrelated
251409,unrelated
160973,unrelated
280703,unrelated
170110,unrelated
273515,agreed
228525,agreed
219365,agreed
289207,unrelated
121019,agreed
121637,unrelated
12061,unrelated
234721,agreed
140347,agreed
118864,unrelated
83043,unrelated
255472,agreed
231121,agreed
27122,unrelated
177368,unrelated
189895,agreed
276528,unrelated
246610,agreed
96912,agreed
138739,unrelated
309055,unrelated
235273,agreed
135557,agreed
316733,agreed
222749,unrelated
82275,unrelated
61589,unrelated
171211,unrelated
222090,unrelated
160050,unrelated
159344,unrelated
299978,unrelated
299638,agreed
199338,unrelated
4373,unrelated
258296,unrelated
319749,unrelated
165937,agreed
117754,agreed
154874,agreed
254176,unrelated
304808,agreed
183077,unrelated
199718,unrelated
185374,unrelated
187741,unrelated
243335,agreed
32200,unrelated
206515,agreed
176364,unrelated
26703,agreed
151900,agreed
225504,agreed
317559,unrelated
30940,agreed
168317,unrelated
281808,unrelated
86366,agreed
273870,unrelated
77347,agreed
148979,unrelated
86870,agreed
156667,unrelated
206405,unrelated
204569,unrelated
214007,unrelated
185162,unrelated
14620,unrelated
211919,unrelated
37862,unrelated
198606,unrelated
247931,agreed
273487,unrelated
226939,unrelated
250513,unrelated
107300,agreed
261302,agreed
106636,unrelated
49708,unrelated
267910,agreed
226146,agreed
288468,unrelated
196775,unrelated
243978,unrelated
250794,unrelated
290167,agreed
82597,unrelated
123407,agreed
254317,unrelated
301524,unrelated
269903,unrelated
177985,agreed
297717,unrelated
19645,agreed
214612,unrelated
121868,unrelated
166866,unrelated
71658,agreed
165104,unrelated
137382,unrelated
272251,unrelated
154945,agreed
285879,agreed
84854,unrelated
133586,agreed
290053,agreed
56206,unrelated
192759,unrelated
299129,unrelated
85031,agreed
147738,agreed
255566,unrelated
86507,unrelated
43509,agreed
126961,unrelated
126548,unrelated
233429,unrelated
55218,unrelated
31511,agreed
297873,unrelated
128766,unrelated
24255,unrelated
273943,unrelated
20140,agreed
60614,unrelated
115675,agreed
17414,agreed
274235,unrelated
290181,agreed
129656,agreed
119922,unrelated
280846,unrelated
238266,unrelated
264633,unrelated
162786,agreed
182471,agreed
146202,agreed
238257,unrelated
15867,agreed
19177,unrelated
143763,unrelated
276418,agreed
73982,agreed
129567,unrelated
34701,unrelated
213509,agreed
274800,unrelated
20468,unrelated
141525,unrelated
165452,unrelated
202960,unrelated
76526,agreed
173915,unrelated
99894,unrelated
72727,unrelated
78302,unrelated
118883,unrelated
114180,unrelated
229976,agreed
91524,unrelated
234305,unrelated
208918,unrelated
66859,unrelated
233875,agreed
19831,unrelated
174836,agreed
210845,unrelated
53133,unrelated
21237,unrelated
206423,unrelated
260550,unrelated
13455,unrelated
197233,unrelated
238937,unrelated
120814,agreed
164417,agreed
159019,unrelated
73374,unrelated
235085,unrelated
179513,unrelated
187836,agreed
122755,agreed
305871,agreed
89662,unrelated
147683,agreed
40686,unrelated
190928,unrelated
34146,agreed
293140,unrelated
177682,unrelated
208649,unrelated
50803,agreed
141511,unrelated
258568,agreed
133229,unrelated
281320,unrelated
204661,agreed
290258,unrelated
168807,unrelated
267179,agreed
75107,unrelated
28620,unrelated
18292,unrelated
23744,unrelated
150747,unrelated
106945,unrelated
192920,agreed
33965,agreed
78088,unrelated
78780,unrelated
80403,agreed
41182,unrelated
292584,unrelated
67510,agreed
132725,unrelated
6210,unrelated
196923,agreed
74444,unrelated
44059,unrelated
94959,unrelated
18216,unrelated
133779,agreed
195131,agreed
27690,unrelated
6612,unrelated
11788,agreed
138687,unrelated
215269,agreed
206899,unrelated
223759,unrelated
129999,unrelated
73658,agreed
273745,agreed
315169,agreed
15681,agreed
249171,unrelated
4480,unrelated
296451,unrelated
26973,unrelated
271521,unrelated
47108,unrelated
131958,unrelated
105737,unrelated
118887,unrelated
264374,unrelated
210173,unrelated
198069,unrelated
258819,agreed
270616,unrelated
100109,agreed
115364,unrelated
192405,unrelated
257593,unrelated
70332,unrelated
280989,unrelated
229083,unrelated
198633,agreed
308730,unrelated
75470,unrelated
310334,unrelated
263772,unrelated
240987,unrelated
266045,agreed
93826,unrelated
122179,unrelated
86011,unrelated
306764,unrelated
292578,unrelated
67141,unrelated
14657,unrelated
92254,unrelated
244314,unrelated
312940,agreed
248688,unrelated
100378,unrelated
301874,agreed
52441,agreed
177251,unrelated
40289,agreed
79512,agreed
27949,agreed
127743,unrelated
26768,unrelated
253387,unrelated
65399,agreed
188973,unrelated
162945,unrelated
252014,agreed
169094,unrelated
171905,unrelated
233642,unrelated
277336,agreed
144202,unrelated
164422,unrelated
293398,unrelated
270308,agreed
51623,agreed
221148,agreed
155736,unrelated
118598,unrelated
140200,unrelated
128878,unrelated
109711,unrelated
121890,agreed
273722,unrelated
14499,unrelated
133961,agreed
300123,unrelated
46124,unrelated
222730,agreed
194436,agreed
3403,unrelated
99905,unrelated
145759,unrelated
219464,unrelated
65532,unrelated
136698,unrelated
268242,unrelated
37665,unrelated
87743,unrelated
192089,unrelated
181779,unrelated
88018,unrelated
195614,unrelated
258224,unrelated
203868,agreed
265360,unrelated
136251,unrelated
159550,agreed
182229,unrelated
228059,unrelated
4228,unrelated
87305,unrelated
296285,unrelated
36308,unrelated
109062,unrelated
28676,unrelated
252537,unrelated
103306,agreed
186671,agreed
163510,unrelated
54579,unrelated
64434,unrelated
255419,agreed
135919,unrelated
299204,unrelated
127790,unrelated
16023,disagreed
194545,agreed
24968,agreed
296138,unrelated
159528,unrelated
216209,unrelated
53044,unrelated
107608,agreed
250208,agreed
31170,unrelated
315280,agreed
298346,unrelated
285157,unrelated
264542,unrelated
248631,agreed
132727,unrelated
302323,agreed
103484,agreed
277806,agreed
15322,unrelated
249158,unrelated
276507,agreed
225459,unrelated
93349,unrelated
318691,agreed
316853,unrelated
129821,unrelated
182585,agreed
126933,unrelated
152600,agreed
157724,unrelated
157145,unrelated
44529,unrelated
206730,unrelated
94923,unrelated
118488,unrelated
74109,unrelated
26140,unrelated
115239,unrelated
75268,agreed
291083,unrelated
290837,disagreed
224529,unrelated
142936,unrelated
25826,agreed
176262,unrelated
297637,unrelated
137559,unrelated
84234,unrelated
14942,unrelated
250959,unrelated
70648,unrelated
105355,unrelated
69914,unrelated
205344,unrelated
258857,agreed
145849,unrelated
144845,agreed
289206,unrelated
129856,unrelated
155748,unrelated
303351,unrelated
127310,agreed
1762,unrelated
96960,agreed
148780,unrelated
241017,unrelated
249148,agreed
319571,agreed
26952,unrelated
108324,agreed
54729,unrelated
40794,unrelated
238581,unrelated
5921,unrelated
302504,unrelated
295500,unrelated
279246,unrelated
99954,unrelated
208867,agreed
88319,agreed
276442,unrelated
7587,agreed
214837,unrelated
238460,unrelated
17860,unrelated
294284,unrelated
56913,unrelated
73397,unrelated
263598,unrelated
20054,unrelated
175092,unrelated
109924,unrelated
72821,unrelated
280715,unrelated
242365,unrelated
303044,unrelated
40644,agreed
99451,unrelated
152436,agreed
222175,unrelated
273678,unrelated
315242,agreed
18303,unrelated
6813,unrelated
234684,unrelated
267298,agreed
115945,agreed
25036,agreed
199592,unrelated
275254,agreed
168907,agreed
91249,unrelated
256513,agreed
83726,agreed
186719,unrelated
251326,unrelated
18092,agreed
28358,unrelated
195378,unrelated
220816,unrelated
176155,agreed
39690,unrelated
78857,unrelated
277119,agreed
193222,unrelated
58218,unrelated
108092,agreed
69440,unrelated
158528,unrelated
297543,unrelated
86771,unrelated
285698,unrelated
190894,unrelated
3489,agreed
212167,agreed
299538,unrelated
141231,unrelated
275567,agreed
311048,unrelated
132148,unrelated
155184,unrelated
55818,agreed
64610,unrelated
277508,unrelated
320283,agreed
1680,agreed
48088,unrelated
83729,agreed
57699,unrelated
190369,unrelated
217555,unrelated
66896,agreed
172293,unrelated
203991,unrelated
68713,unrelated
233832,unrelated
207633,unrelated
42831,unrelated
8872,unrelated
117088,unrelated
300753,unrelated
315369,agreed
142627,unrelated
279540,unrelated
64864,agreed
86090,unrelated
77693,unrelated
21333,unrelated
93078,unrelated
280444,unrelated
269097,unrelated
304444,agreed
12357,unrelated
278680,agreed
72879,unrelated
237855,unrelated
130905,agreed
177897,unrelated
138288,unrelated
314100,unrelated
127364,unrelated
249954,unrelated
73693,unrelated
28282,unrelated
100906,agreed
48274,unrelated
93035,agreed
245418,agreed
93844,unrelated
204768,agreed
44619,agreed
149,unrelated
108634,agreed
152291,agreed
151601,agreed
176028,unrelated
18581,unrelated
258142,agreed
125530,disagreed
316635,agreed
62940,unrelated
269254,agreed
95943,unrelated
255224,unrelated
48834,unrelated
291501,unrelated
129861,agreed
229346,unrelated
30900,unrelated
47765,agreed
84313,unrelated
99111,unrelated
51216,agreed
86709,agreed
147379,agreed
245007,agreed
19930,unrelated
142713,agreed
41886,agreed
198090,unrelated
84801,unrelated
238970,unrelated
21406,unrelated
25420,agreed
212036,unrelated
99640,disagreed
6815,unrelated
192792,unrelated
86101,unrelated
206738,unrelated
73944,unrelated
82268,unrelated
295246,unrelated
319885,agreed
72722,unrelated
284757,unrelated
156751,agreed
273388,disagreed
175986,unrelated
293729,unrelated
166651,agreed
89327,agreed
163872,unrelated
319385,unrelated
227016,agreed
319196,unrelated
198938,unrelated
103162,unrelated
291584,unrelated
98441,unrelated
266631,agreed
268659,agreed
118569,unrelated
286426,unrelated
115243,unrelated
244005,agreed
255555,unrelated
263578,unrelated
297527,unrelated
194100,unrelated
43016,unrelated
71019,unrelated
152594,agreed
197733,unrelated
266655,agreed
276314,unrelated
14061,unrelated
144955,agreed
3580,agreed
102628,unrelated
200051,unrelated
8505,unrelated
195872,agreed
104218,agreed
67110,unrelated
96457,agreed
157894,unrelated
308955,agreed
118960,unrelated
250180,unrelated
72136,unrelated
60988,unrelated
175923,agreed
82620,unrelated
91927,unrelated
240160,unrelated
300230,agreed
310426,agreed
6429,unrelated
135011,unrelated
180115,unrelated
254460,agreed
311910,agreed
292103,unrelated
3761,unrelated
203430,unrelated
310707,agreed
266170,unrelated
263488,unrelated
224852,unrelated
215977,unrelated
169044,unrelated
134848,agreed
37200,unrelated
24695,unrelated
60827,unrelated
39701,agreed
171146,unrelated
24780,agreed
195280,unrelated
17801,unrelated
318884,unrelated
202081,unrelated
167125,unrelated
154218,unrelated
200710,unrelated
219059,agreed
93608,unrelated
250724,unrelated
275933,unrelated
288863,unrelated
215888,unrelated
280922,agreed
176656,agreed
114857,agreed
134329,unrelated
28766,unrelated
268870,unrelated
200521,unrelated
176988,agreed
9619,unrelated
263787,unrelated
298078,unrelated
85781,agreed
227780,unrelated
177153,unrelated
287013,unrelated
201867,unrelated
81958,unrelated
113710,unrelated
314560,agreed
159729,unrelated
10514,unrelated
98815,unrelated
219209,unrelated
95990,unrelated
138577,agreed
51413,unrelated
192008,unrelated
273540,agreed
123889,unrelated
89259,unrelated
312985,agreed
144381,unrelated
118979,unrelated
220187,agreed
122990,unrelated
232978,unrelated
304175,unrelated
97814,agreed
296303,unrelated
13376,unrelated
301543,unrelated
118371,agreed
262927,unrelated
48947,agreed
298020,unrelated
99043,unrelated
40112,agreed
160976,agreed
215329,unrelated
113801,disagreed
180428,unrelated
73565,agreed
211573,unrelated
67501,unrelated
212477,unrelated
284248,unrelated
117222,unrelated
301421,unrelated
58884,unrelated
8812,unrelated
46655,unrelated
54576,unrelated
53475,agreed
249519,unrelated
70283,unrelated
260239,agreed
191444,unrelated
63219,unrelated
143913,unrelated
121388,disagreed
102358,unrelated
232862,agreed
48825,unrelated
131436,unrelated
239823,agreed
144673,agreed
255537,unrelated
317901,agreed
99021,unrelated
50144,agreed
138068,agreed
111299,unrelated
142957,unrelated
297000,unrelated
107404,unrelated
128839,agreed
22513,unrelated
101259,agreed
166388,agreed
79516,unrelated
179651,agreed
72239,unrelated
33281,unrelated
311985,unrelated
24855,unrelated
224379,unrelated
114439,unrelated
282210,unrelated
286765,unrelated
68684,unrelated
229181,unrelated
17713,agreed
19789,unrelated
210735,unrelated
126040,unrelated
18017,unrelated
118716,unrelated
92105,agreed
235723,unrelated
130531,agreed
230219,agreed
283889,unrelated
195791,unrelated
262728,unrelated
22742,unrelated
108617,unrelated
11403,unrelated
224679,unrelated
155090,agreed
294408,unrelated
243111,unrelated
61276,agreed
268407,unrelated
5636,agreed
71342,agreed
19915,unrelated
214562,agreed
180203,unrelated
100928,agreed
73719,unrelated
150768,agreed
185849,unrelated
205916,unrelated
167128,unrelated
291622,agreed
177986,agreed
86411,unrelated
109378,unrelated
113981,unrelated
16546,unrelated
20020,unrelated
136111,agreed
235293,unrelated
10870,agreed
237639,unrelated
295066,unrelated
221390,agreed
312260,unrelated
296101,unrelated
263481,unrelated
275653,agreed
318322,unrelated
295300,unrelated
298739,unrelated
283355,unrelated
129292,unrelated
32285,unrelated
108353,unrelated
16859,agreed
310381,agreed
120270,agreed
201714,unrelated
291067,unrelated
76739,unrelated
203197,agreed
123162,agreed
58147,unrelated
227616,unrelated
283834,unrelated
6192,unrelated
154598,unrelated
136428,agreed
192977,unrelated
2949,agreed
158595,unrelated
30073,unrelated
215227,unrelated
60877,unrelated
96693,unrelated
314006,agreed
208815,agreed
112858,unrelated
247051,unrelated
12089,agreed
33540,unrelated
1536,unrelated
104392,unrelated
21623,unrelated
47262,unrelated
78145,unrelated
244515,unrelated
257573,unrelated
145579,agreed
255186,unrelated
133243,unrelated
198843,agreed
14835,agreed
189717,unrelated
73391,agreed
204133,unrelated
142441,unrelated
247522,unrelated
305655,unrelated
122320,unrelated
100478,agreed
59297,unrelated
64316,agreed
181977,unrelated
94175,unrelated
206721,unrelated
277636,unrelated
225063,agreed
105831,unrelated
78072,agreed
265243,unrelated
318349,unrelated
23635,unrelated
55428,unrelated
274295,unrelated
277907,agreed
257687,unrelated
272469,unrelated
307594,unrelated
29077,unrelated
252387,agreed
172047,unrelated
49336,unrelated
237204,unrelated
2307,unrelated
99115,unrelated
196142,unrelated
165106,unrelated
102280,unrelated
279444,unrelated
12058,unrelated
110154,unrelated
194422,agreed
191895,agreed
79303,unrelated
183952,unrelated
127529,unrelated
182645,unrelated
253216,unrelated
60202,agreed
240642,unrelated
300757,unrelated
241748,unrelated
188650,unrelated
182006,unrelated
2665,unrelated
191500,unrelated
144620,unrelated
251470,unrelated
88182,unrelated
77031,agreed
98427,unrelated
125369,unrelated
304572,unrelated
189765,unrelated
269073,unrelated
37420,unrelated
30044,agreed
140524,unrelated
137581,agreed
12152,unrelated
218036,unrelated
5095,unrelated
299738,agreed
15714,unrelated
122978,unrelated
305131,agreed
134118,unrelated
150687,unrelated
319413,unrelated
96785,agreed
150489,unrelated
11327,agreed
211921,unrelated
185652,unrelated
101205,agreed
199490,unrelated
112286,unrelated
307262,unrelated
146528,unrelated
72084,agreed
304961,unrelated
276753,unrelated
23570,unrelated
298925,unrelated
288738,unrelated
92307,agreed
3124,agreed
281462,agreed
182537,agreed
270767,unrelated
115912,unrelated
155401,unrelated
320475,unrelated
304017,unrelated
17306,agreed
217731,unrelated
116427,agreed
44070,agreed
278283,unrelated
27172,unrelated
171493,unrelated
85567,unrelated
48064,unrelated
118355,unrelated
277930,agreed
315235,unrelated
215066,unrelated
4145,agreed
263172,unrelated
138596,unrelated
71149,disagreed
246367,unrelated
27394,unrelated
242311,unrelated
14408,agreed
64913,unrelated
66846,unrelated
298992,unrelated
203224,agreed
292501,agreed
316836,unrelated
284534,unrelated
308348,unrelated
173948,agreed
183082,unrelated
144945,agreed
105643,unrelated
288041,unrelated
247898,unrelated
135276,agreed
77723,agreed
295044,unrelated
21310,unrelated
92130,agreed
273522,agreed
271673,agreed
88029,unrelated
219910,unrelated
24125,unrelated
108824,unrelated
193441,unrelated
199114,agreed
135683,unrelated
167102,unrelated
73278,agreed
10822,unrelated
193554,agreed
243056,unrelated
116428,unrelated
105173,unrelated
239198,unrelated
165060,unrelated
236370,unrelated
246557,agreed
321075,unrelated
72899,agreed
174743,unrelated
142120,agreed
132030,unrelated
303099,unrelated
62334,unrelated
275194,unrelated
55234,agreed
90881,unrelated
147109,agreed
165529,unrelated
248659,unrelated
15691,agreed
104955,unrelated
269398,unrelated
158645,unrelated
160518,unrelated
210591,agreed
71629,unrelated
247697,agreed
123523,unrelated
157282,unrelated
120831,unrelated
87547,agreed
91735,unrelated
301708,unrelated
14615,agreed
32328,unrelated
60628,unrelated
99731,unrelated
51570,unrelated
104752,unrelated
138378,unrelated
190914,unrelated
75428,unrelated
137769,unrelated
57896,unrelated
108942,unrelated
269915,unrelated
127775,unrelated
172658,unrelated
311070,unrelated
17802,agreed
77414,unrelated
216882,agreed
21645,unrelated
280987,unrelated
91653,agreed
6073,unrelated
166024,unrelated
158316,agreed
8499,unrelated
212991,disagreed
196187,agreed
158374,unrelated
117409,unrelated
294724,unrelated
118196,unrelated
281968,unrelated
886,unrelated
199840,unrelated
212292,unrelated
121186,disagreed
205159,agreed
258574,agreed
52767,unrelated
14097,unrelated
56498,unrelated
272986,unrelated
317388,unrelated
236891,unrelated
167885,unrelated
300047,unrelated
283345,agreed
289131,agreed
236539,unrelated
23849,unrelated
72220,unrelated
307589,agreed
44431,agreed
158752,unrelated
244028,unrelated
140702,unrelated
125577,unrelated
38851,unrelated
104127,unrelated
144045,unrelated
29973,unrelated
134759,unrelated
320738,agreed
198077,agreed
162545,agreed
212159,unrelated
137169,unrelated
127553,unrelated
62203,agreed
113989,unrelated
220029,unrelated
169069,agreed
154718,unrelated
188240,unrelated
94911,unrelated
109304,unrelated
216843,unrelated
90154,unrelated
245635,agreed
63292,unrelated
175435,unrelated
153767,agreed
223791,unrelated
212976,unrelated
308174,unrelated
183589,agreed
212193,agreed
52666,agreed
313153,agreed
203707,unrelated
59573,unrelated
75400,unrelated
74034,unrelated
195971,unrelated
71530,unrelated
285833,agreed
119625,agreed
306932,unrelated
302190,unrelated
201444,unrelated
210519,agreed
264334,unrelated
278090,unrelated
298476,unrelated
172070,disagreed
277491,unrelated
88805,unrelated
70825,unrelated
282927,agreed
228694,unrelated
297516,unrelated
175248,unrelated
237787,unrelated
272581,unrelated
101791,unrelated
68397,agreed
134081,unrelated
208391,unrelated
313249,unrelated
244056,agreed
41533,unrelated
180344,agreed
269542,agreed
272695,unrelated
227183,unrelated
313852,agreed
41041,unrelated
91022,unrelated
281468,agreed
247781,unrelated
115852,agreed
205371,unrelated
180705,unrelated
97037,unrelated
284954,unrelated
24189,unrelated
134012,agreed
74869,unrelated
33353,unrelated
51580,unrelated
63166,unrelated
267499,unrelated
213499,unrelated
275208,unrelated
13561,unrelated
226001,unrelated
222128,unrelated
87319,unrelated
2168,unrelated
69385,unrelated
295194,unrelated
102960,agreed
56679,unrelated
184496,agreed
167043,agreed
19017,unrelated
267292,unrelated
231422,unrelated
23872,unrelated
69483,unrelated
7513,unrelated
313414,agreed
74074,unrelated
125636,unrelated
36174,unrelated
263440,unrelated
230618,unrelated
116989,unrelated
185118,unrelated
194439,agreed
166085,unrelated
299512,agreed
188005,unrelated
283491,unrelated
208393,unrelated
182043,unrelated
70844,agreed
260850,unrelated
293885,unrelated
290730,unrelated
248223,unrelated
227886,unrelated
226150,unrelated
769,unrelated
40671,unrelated
131155,agreed
191839,unrelated
288621,unrelated
168049,unrelated
110966,unrelated
313508,unrelated
123174,unrelated
37847,unrelated
174106,unrelated
277471,unrelated
80958,unrelated
239122,unrelated
109250,agreed
79123,unrelated
68229,unrelated
267432,agreed
245481,agreed
138610,unrelated
159875,unrelated
293129,unrelated
16370,unrelated
143881,unrelated
285911,agreed
180758,agreed
277898,agreed
110061,agreed
241616,unrelated
137182,unrelated
250173,agreed
225604,unrelated
273097,unrelated
175533,unrelated
198904,agreed
279750,agreed
161620,unrelated
153112,unrelated
131289,unrelated
88996,unrelated
40657,unrelated
263874,unrelated
220796,agreed
79129,unrelated
141762,agreed
22778,unrelated
93371,unrelated
262040,unrelated
80912,unrelated
32634,agreed
167413,unrelated
310555,agreed
217333,unrelated
81935,unrelated
159255,unrelated
118612,unrelated
204414,agreed
317307,unrelated
134240,unrelated
117145,agreed
104763,unrelated
177069,agreed
47804,agreed
312353,unrelated
271292,agreed
71042,unrelated
202451,agreed
77224,unrelated
7885,agreed
258998,agreed
243578,agreed
310868,unrelated
181376,unrelated
10225,unrelated
41404,unrelated
60527,agreed
121844,unrelated
63453,unrelated
168431,unrelated
291964,unrelated
254087,agreed
212652,unrelated
226173,unrelated
108008,agreed
13844,agreed
177397,agreed
6911,agreed
204730,unrelated
184184,unrelated
299173,unrelated
21614,unrelated
183203,unrelated
135924,unrelated
180097,unrelated
157549,unrelated
309816,agreed
23530,unrelated
154607,unrelated
164206,agreed
193018,agreed
40804,unrelated
85910,agreed
101011,unrelated
57521,unrelated
226795,unrelated
275478,unrelated
289168,unrelated
41233,unrelated
89080,unrelated
247431,unrelated
195121,agreed
288250,agreed
321149,agreed
164608,unrelated
308275,unrelated
47694,unrelated
229797,agreed
47667,agreed
300816,unrelated
160396,unrelated
252992,agreed
49252,agreed
269604,agreed
245772,unrelated
123653,unrelated
60640,unrelated
236954,unrelated
87441,agreed
129343,unrelated
8323,unrelated
59855,unrelated
66051,unrelated
205692,unrelated
46024,unrelated
286490,unrelated
48588,unrelated
29995,unrelated
264759,unrelated
46173,unrelated
42558,unrelated
118603,unrelated
28996,unrelated
74943,unrelated
290065,unrelated
72992,agreed
61739,unrelated
291684,unrelated
319450,unrelated
90563,unrelated
178584,agreed
99972,unrelated
72484,agreed
142059,unrelated
166693,agreed
304296,unrelated
165539,unrelated
247426,unrelated
185083,unrelated
51042,unrelated
188784,agreed
193873,unrelated
83514,unrelated
292339,unrelated
276791,unrelated
32048,unrelated
50882,unrelated
87208,unrelated
110727,unrelated
122369,unrelated
138402,unrelated
29439,unrelated
149940,agreed
2136,agreed
182130,unrelated
195138,agreed
171013,unrelated
262904,unrelated
292107,agreed
157537,agreed
59586,agreed
195367,agreed
27582,unrelated
111729,unrelated
200529,agreed
295993,unrelated
265441,unrelated
98939,agreed
236651,unrelated
233932,unrelated
226154,unrelated
67170,agreed
130594,unrelated
123377,agreed
197802,unrelated
24501,unrelated
10108,unrelated
172113,unrelated
79033,unrelated
296142,unrelated
263680,unrelated
62531,unrelated
26875,unrelated
274583,unrelated
227274,unrelated
257561,unrelated
198118,unrelated
115647,unrelated
226265,unrelated
68450,unrelated
11988,unrelated
68948,agreed
245248,unrelated
31521,unrelated
251693,unrelated
12223,unrelated
196708,unrelated
86320,unrelated
186731,unrelated
253852,unrelated
292270,unrelated
36947,agreed
269060,unrelated
109632,unrelated
244798,unrelated
183036,unrelated
242643,unrelated
272743,unrelated
133493,agreed
63161,unrelated
99798,unrelated
172307,unrelated
218825,unrelated
176645,agreed
230612,unrelated
208666,agreed
152992,unrelated
161766,unrelated
230343,agreed
23588,unrelated
78411,unrelated
201164,unrelated
151518,unrelated
2541,unrelated
217932,unrelated
149383,unrelated
228048,unrelated
142523,unrelated
260858,agreed
10779,agreed
103046,unrelated
7478,agreed
268523,unrelated
300209,agreed
44637,agreed
38392,agreed
23487,unrelated
249184,unrelated
165789,unrelated
216447,agreed
75351,agreed
69026,unrelated
53600,unrelated
85574,unrelated
113144,unrelated
40332,unrelated
33112,unrelated
164285,unrelated
41807,unrelated
37886,unrelated
103060,agreed
12600,unrelated
213429,unrelated
129593,unrelated
133308,unrelated
131063,unrelated
11532,unrelated
207108,unrelated
219287,unrelated
84617,agreed
11160,unrelated
277137,unrelated
276407,agreed
297175,unrelated
137274,unrelated
250740,disagreed
216405,agreed
270446,unrelated
34781,agreed
10189,unrelated
139972,unrelated
156557,unrelated
158979,unrelated
151959,unrelated
278973,agreed
214179,agreed
108851,agreed
93443,unrelated
526,unrelated
311655,unrelated
41685,unrelated
90587,agreed
244201,unrelated
143517,unrelated
306260,unrelated
43426,unrelated
173512,unrelated
233733,unrelated
7365,unrelated
5018,agreed
42467,unrelated
180662,unrelated
260319,unrelated
208551,agreed
17988,unrelated
46403,unrelated
231476,unrelated
14577,unrelated
248388,unrelated
242015,unrelated
188623,unrelated
28421,unrelated
271274,agreed
117519,unrelated
66295,unrelated
200646,unrelated
94396,unrelated
140834,unrelated
223318,agreed
191135,unrelated
167923,unrelated
291496,unrelated
245334,unrelated
203346,unrelated
126721,agreed
299913,agreed
10232,agreed
197050,unrelated
213007,unrelated
103622,unrelated
275204,agreed
193313,unrelated
315782,unrelated
280197,unrelated
33688,unrelated
47011,unrelated
285692,unrelated
53809,unrelated
107781,unrelated
298367,unrelated
59007,agreed
226935,unrelated
208138,unrelated
151107,unrelated
206548,agreed
123497,agreed
141630,agreed
305006,unrelated
292102,unrelated
35050,unrelated
151069,unrelated
136873,unrelated
313668,agreed
64996,agreed
56583,unrelated
162711,unrelated
239561,unrelated
243376,agreed
115651,unrelated
215111,unrelated
208525,unrelated
18460,unrelated
89897,unrelated
93762,unrelated
253021,unrelated
84332,unrelated
260189,agreed
213109,unrelated
164879,agreed
137636,agreed
47113,unrelated
293842,unrelated
98353,unrelated
96034,agreed
305483,unrelated
231859,unrelated
81919,unrelated
210133,unrelated
43489,unrelated
215867,unrelated
226537,unrelated
290023,agreed
140196,unrelated
137419,unrelated
188469,unrelated
263100,agreed
39699,agreed
60368,agreed
42848,unrelated
296194,unrelated
16273,unrelated
51562,agreed
28889,unrelated
78586,unrelated
124580,agreed
250508,unrelated
292291,agreed
3288,agreed
312633,agreed
241056,unrelated
312434,unrelated
262054,unrelated
263340,unrelated
18157,agreed
285323,unrelated
65385,unrelated
34892,unrelated
125829,unrelated
136447,unrelated
138063,unrelated
116193,unrelated
150289,unrelated
253473,unrelated
20313,agreed
103798,unrelated
81334,unrelated
293612,unrelated
79304,unrelated
297424,unrelated
88133,agreed
213733,unrelated
26953,unrelated
254043,agreed
276754,unrelated
1497,unrelated
307374,unrelated
171276,unrelated
160836,unrelated
29491,unrelated
143529,agreed
169183,agreed
130009,agreed
38480,unrelated
260355,unrelated
127907,agreed
228933,unrelated
20563,agreed
3112,agreed
103447,agreed
67157,unrelated
288225,unrelated
249363,unrelated
203552,unrelated
196443,agreed
124967,unrelated
182621,agreed
5362,unrelated
311371,agreed
85076,agreed
69022,unrelated
278305,unrelated
199664,unrelated
9649,unrelated
39119,unrelated
27889,agreed
236394,unrelated
282077,unrelated
160167,unrelated
116359,unrelated
177247,unrelated
46868,unrelated
75564,unrelated
309716,unrelated
9780,unrelated
110990,unrelated
54687,unrelated
199286,unrelated
241070,unrelated
92517,agreed
67332,agreed
19137,unrelated
254503,unrelated
199514,agreed
280110,unrelated
36623,unrelated
149838,unrelated
312546,unrelated
148249,unrelated
302051,unrelated
229504,unrelated
46310,agreed
267762,unrelated
193429,unrelated
23439,unrelated
113179,agreed
15955,unrelated
52151,unrelated
158600,unrelated
169263,unrelated
40663,unrelated
2798,unrelated
250384,agreed
277708,agreed
143487,unrelated
316742,agreed
208919,unrelated
139097,unrelated
125189,unrelated
266252,agreed
201439,agreed
245654,agreed
61935,unrelated
102135,unrelated
260173,unrelated
203851,unrelated
301776,agreed
35344,unrelated
22898,unrelated
196269,unrelated
19072,agreed
45930,unrelated
275628,agreed
178197,unrelated
271060,unrelated
294124,unrelated
205898,unrelated
212049,unrelated
12671,unrelated
266606,unrelated
31905,unrelated
293388,unrelated
108950,unrelated
257341,unrelated
156131,unrelated
132284,unrelated
132223,unrelated
196035,unrelated
51351,disagreed
139010,unrelated
2463,agreed
94638,unrelated
81120,unrelated
111095,unrelated
237918,unrelated
11672,unrelated
259824,agreed
79557,agreed
91292,agreed
171962,unrelated
15965,unrelated
270982,unrelated
262399,agreed
201056,agreed
279495,agreed
239674,unrelated
220556,unrelated
195804,agreed
228585,agreed
113062,agreed
212724,unrelated
117255,agreed
209920,agreed
15939,unrelated
230059,unrelated
97044,unrelated
178182,agreed
219978,agreed
191608,unrelated
213474,agreed
238107,agreed
302162,unrelated
207084,agreed
37999,unrelated
94775,agreed
178815,unrelated
166538,unrelated
258884,unrelated
59942,agreed
276680,agreed
108106,unrelated
216928,unrelated
123848,unrelated
138097,unrelated
28512,unrelated
36671,unrelated
256245,agreed
36113,unrelated
285077,unrelated
20266,unrelated
9567,agreed
249657,unrelated
288039,unrelated
296378,unrelated
199423,unrelated
54515,unrelated
283972,unrelated
45964,unrelated
13383,unrelated
10558,agreed
135969,unrelated
256032,agreed
77730,agreed
310213,agreed
204686,unrelated
297889,unrelated
277582,agreed
36222,unrelated
20934,unrelated
203177,agreed
217095,agreed
281510,unrelated
27656,unrelated
245486,unrelated
255667,unrelated
158210,unrelated
15199,unrelated
281255,unrelated
34997,agreed
97399,unrelated
247075,agreed
146917,unrelated
129988,agreed
125743,agreed
219354,unrelated
142841,unrelated
157123,unrelated
235784,unrelated
242534,unrelated
290548,unrelated
192843,unrelated
258327,agreed
130002,unrelated
307958,unrelated
288287,agreed
238533,agreed
245828,agreed
64295,unrelated
112575,unrelated
72530,unrelated
167315,unrelated
158937,agreed
39967,agreed
16481,unrelated
223440,agreed
185056,agreed
60346,unrelated
255513,unrelated
263882,unrelated
107936,agreed
160392,unrelated
89038,agreed
186904,agreed
159980,unrelated
92274,agreed
305308,unrelated
41007,agreed
6545,unrelated
163325,unrelated
234227,agreed
101695,unrelated
242639,unrelated
34609,unrelated
38546,unrelated
118524,unrelated
98171,unrelated
177923,agreed
289681,agreed
319259,unrelated
38880,unrelated
260959,agreed
295697,unrelated
79767,disagreed
262525,unrelated
272781,unrelated
177249,unrelated
101008,agreed
293899,unrelated
4226,unrelated
260013,disagreed
206047,agreed
306929,unrelated
62934,unrelated
32904,unrelated
91519,unrelated
31891,agreed
76870,unrelated
95944,agreed
30486,unrelated
171054,unrelated
300509,unrelated
34561,unrelated
131396,agreed
257523,unrelated
92645,unrelated
77691,agreed
153379,agreed
134503,unrelated
190706,unrelated
187132,unrelated
124164,unrelated
244398,agreed
247548,unrelated
61,unrelated
118669,unrelated
95290,agreed
94395,unrelated
135057,unrelated
291836,unrelated
80857,unrelated
161296,unrelated
38584,unrelated
313051,unrelated
295875,unrelated
195065,agreed
215798,unrelated
267287,unrelated
121596,unrelated
285604,unrelated
42127,unrelated
181811,unrelated
297217,unrelated
277295,agreed
141982,unrelated
267853,agreed
308867,agreed
310104,agreed
190218,unrelated
295027,unrelated
12706,unrelated
7725,unrelated
71308,unrelated
14160,unrelated
184122,agreed
92431,agreed
248110,unrelated
258254,unrelated
180227,unrelated
68697,unrelated
318946,unrelated
123475,unrelated
29149,unrelated
170832,agreed
42383,agreed
72705,unrelated
27462,unrelated
61573,unrelated
224975,unrelated
190068,unrelated
130306,unrelated
214235,agreed
27815,unrelated
313390,agreed
261401,unrelated
235129,unrelated
71899,agreed
191719,unrelated
31786,agreed
213104,unrelated
319006,agreed
121260,unrelated
185194,unrelated
83725,unrelated
249786,agreed
153423,unrelated
158682,unrelated
109879,unrelated
6764,unrelated
126137,agreed
185654,unrelated
211358,agreed
277279,unrelated
164007,unrelated
295842,unrelated
62479,agreed
143503,unrelated
262705,unrelated
88273,unrelated
294340,unrelated
268387,agreed
155107,agreed
296034,unrelated
75910,agreed
201942,unrelated
5457,agreed
159733,unrelated
310245,unrelated
205143,agreed
164158,unrelated
102791,unrelated
166032,unrelated
271618,agreed
89536,agreed
80435,unrelated
68053,unrelated
275917,unrelated
204106,unrelated
194200,agreed
237624,unrelated
30243,unrelated
28899,unrelated
318968,unrelated
149964,unrelated
305920,agreed
8284,unrelated
204224,unrelated
121730,agreed
232466,agreed
115882,agreed
290384,unrelated
133527,agreed
308377,unrelated
270899,agreed
35390,unrelated
14323,unrelated
33950,unrelated
314792,unrelated
28601,unrelated
20124,agreed
171511,unrelated
46167,unrelated
188462,unrelated
252578,agreed
167124,unrelated
60195,unrelated
164889,agreed
66333,agreed
195026,unrelated
69032,unrelated
205233,unrelated
152303,unrelated
225944,agreed
232189,agreed
11858,unrelated
243394,agreed
302218,unrelated
2152,unrelated
150803,unrelated
113510,unrelated
94124,unrelated
221479,agreed
120412,agreed
298714,unrelated
39578,unrelated
48332,unrelated
308501,unrelated
271461,unrelated
284680,agreed
139592,agreed
134872,unrelated
51807,unrelated
228862,unrelated
83167,agreed
92779,agreed
94411,unrelated
92944,unrelated
61764,unrelated
13038,unrelated
261723,agreed
275913,agreed
106257,unrelated
167952,unrelated
265349,unrelated
289193,agreed
269861,agreed
16789,unrelated
124958,unrelated
103118,unrelated
94517,agreed
116323,agreed
210060,unrelated
50613,unrelated
233185,unrelated
170943,unrelated
116635,agreed
15875,unrelated
7724,unrelated
187472,unrelated
76908,unrelated
155794,agreed
907,agreed
259611,agreed
230483,unrelated
277510,unrelated
26285,unrelated
218898,agreed
89065,unrelated
246381,unrelated
182711,agreed
172645,unrelated
288916,unrelated
300758,unrelated
273512,unrelated
73627,unrelated
56894,unrelated
186252,unrelated
233964,unrelated
124139,unrelated
143071,unrelated
304138,unrelated
150619,unrelated
117021,unrelated
198478,agreed
34250,unrelated
181295,unrelated
236664,unrelated
149701,agreed
308565,unrelated
182889,unrelated
21080,unrelated
276316,unrelated
32,unrelated
225042,unrelated
5836,agreed
307229,agreed
89117,unrelated
240773,unrelated
286982,unrelated
14046,unrelated
286342,unrelated
272627,unrelated
59189,unrelated
50614,unrelated
290762,unrelated
129980,agreed
213100,unrelated
269324,agreed
57399,unrelated
36673,unrelated
262548,unrelated
110552,unrelated
66138,agreed
190966,unrelated
130776,agreed
105446,agreed
126419,unrelated
170961,unrelated
76817,unrelated
247432,unrelated
74256,unrelated
289158,agreed
268483,agreed
22211,unrelated
250837,unrelated
247678,agreed
155015,unrelated
303136,unrelated
111628,unrelated
293418,unrelated
60735,unrelated
59306,unrelated
45325,unrelated
130856,unrelated
198549,unrelated
256287,unrelated
27542,unrelated
155789,unrelated
244330,unrelated
237112,unrelated
255589,unrelated
190273,agreed
51691,unrelated
200364,agreed
165600,unrelated
243445,unrelated
221327,agreed
101838,agreed
132181,unrelated
85659,agreed
136027,unrelated
89273,unrelated
217643,unrelated
113027,agreed
284590,unrelated
63494,agreed
102977,unrelated
309135,unrelated
228022,unrelated
300309,unrelated
298621,unrelated
278771,unrelated
79031,agreed
55626,unrelated
135169,unrelated
292587,unrelated
26423,unrelated
43067,unrelated
212718,unrelated
61757,agreed
123355,unrelated
235729,unrelated
304510,unrelated
192721,unrelated
235255,unrelated
31530,agreed
206945,unrelated
73176,agreed
319745,unrelated
191836,agreed
21831,unrelated
32954,unrelated
177569,unrelated
137859,unrelated
283418,agreed
271325,agreed
181236,unrelated
273990,agreed
91645,unrelated
230517,unrelated
9670,agreed
171207,unrelated
315182,agreed
132775,agreed
120244,agreed
119184,unrelated
14427,agreed
195893,unrelated
63122,unrelated
223196,disagreed
231258,unrelated
262935,agreed
128438,disagreed
137180,unrelated
263160,agreed
79354,unrelated
187713,unrelated
204881,agreed
57429,unrelated
246641,unrelated
130714,unrelated
253689,unrelated
179893,unrelated
225559,unrelated
155246,agreed
222192,unrelated
150503,unrelated
53979,agreed
144901,agreed
46554,unrelated
83923,unrelated
211689,unrelated
80632,unrelated
74251,agreed
286328,unrelated
168084,unrelated
310156,agreed
76732,unrelated
68338,unrelated
57816,unrelated
188826,unrelated
138886,unrelated
10936,unrelated
274700,unrelated
242077,agreed
277823,unrelated
283671,agreed
157647,unrelated
166852,agreed
205715,unrelated
292692,unrelated
47810,unrelated
135320,unrelated
172594,unrelated
64659,agreed
42075,unrelated
60981,unrelated
261538,disagreed
299613,agreed
95263,unrelated
291893,unrelated
133843,unrelated
52906,unrelated
12259,agreed
280945,unrelated
18013,unrelated
161820,unrelated
138194,unrelated
2233,unrelated
117965,unrelated
318978,unrelated
228559,unrelated
177739,unrelated
307528,agreed
88696,agreed
9794,unrelated
139639,unrelated
186866,unrelated
40580,agreed
131288,unrelated
150523,unrelated
286544,unrelated
309412,unrelated
256109,unrelated
234273,unrelated
69258,agreed
161563,unrelated
133625,unrelated
5807,agreed
222144,unrelated
13991,agreed
123809,unrelated
267548,agreed
298009,agreed
316577,unrelated
176207,unrelated
62021,unrelated
229097,unrelated
309181,unrelated
195016,agreed
200716,unrelated
249534,unrelated
143000,unrelated
30505,unrelated
127080,unrelated
87243,agreed
109266,unrelated
98063,unrelated
52136,unrelated
176904,unrelated
261516,unrelated
317210,unrelated
222550,unrelated
309083,unrelated
221345,agreed
258933,unrelated
242289,unrelated
185316,unrelated
45567,unrelated
98878,unrelated
21683,unrelated
265103,unrelated
110946,agreed
286738,agreed
165981,agreed
47622,unrelated
224168,unrelated
48427,agreed
2624,unrelated
210378,unrelated
180501,unrelated
141275,unrelated
154070,unrelated
146447,unrelated
315725,unrelated
96346,unrelated
13705,unrelated
40394,unrelated
290141,unrelated
274706,unrelated
153206,unrelated
45087,agreed
316244,unrelated
218350,unrelated
247645,unrelated
65466,unrelated
252994,unrelated
70606,unrelated
25374,unrelated
20930,unrelated
62566,unrelated
125009,agreed
132218,unrelated
242600,unrelated
302097,agreed
191558,unrelated
1333,unrelated
118437,unrelated
272025,unrelated
236612,unrelated
96460,unrelated
181966,unrelated
259484,unrelated
202617,agreed
311993,agreed
121875,agreed
196579,agreed
120971,unrelated
128503,agreed
146731,agreed
206494,unrelated
20615,agreed
177653,unrelated
60030,unrelated
57189,agreed
68060,agreed
220913,unrelated
119902,unrelated
145400,unrelated
155360,unrelated
213701,unrelated
169238,unrelated
139593,agreed
153938,unrelated
222999,disagreed
95967,agreed
93313,agreed
317081,agreed
207440,unrelated
265238,unrelated
225817,unrelated
49021,unrelated
262143,agreed
256929,unrelated
67846,unrelated
92728,unrelated
37693,unrelated
246319,unrelated
60177,unrelated
85837,unrelated
117492,unrelated
157284,unrelated
186329,unrelated
165658,unrelated
230028,agreed
192839,unrelated
233957,agreed
119021,unrelated
222972,disagreed
240914,unrelated
205172,unrelated
184329,unrelated
77603,unrelated
40102,agreed
228881,unrelated
3535,unrelated
42825,unrelated
147855,unrelated
50933,agreed
196624,unrelated
172082,unrelated
88804,unrelated
126050,agreed
312993,agreed
172411,unrelated
306765,unrelated
155941,unrelated
119878,unrelated
296561,unrelated
256981,unrelated
118267,agreed
265302,unrelated
159224,agreed
258478,disagreed
19392,unrelated
200702,unrelated
110521,unrelated
229642,unrelated
215777,unrelated
164028,unrelated
269157,unrelated
158733,unrelated
197174,unrelated
4560,agreed
203930,unrelated
256939,agreed
48448,agreed
205072,unrelated
65158,agreed
300034,unrelated
258358,agreed
38682,agreed
82829,unrelated
168565,unrelated
199603,unrelated
250276,unrelated
5329,unrelated
5211,unrelated
284074,agreed
16691,unrelated
129272,unrelated
229556,agreed
299239,unrelated
2287,unrelated
20127,unrelated
73196,agreed
52499,unrelated
147621,unrelated
241778,agreed
156198,unrelated
109790,agreed
280231,unrelated
281708,unrelated
38806,unrelated
62434,unrelated
215512,unrelated
309390,unrelated
177154,agreed
221016,unrelated
292321,agreed
99692,disagreed
109488,unrelated
305136,agreed
109618,unrelated
262009,agreed
212064,unrelated
33289,unrelated
43091,unrelated
281738,unrelated
26206,unrelated
154667,unrelated
242464,unrelated
285420,unrelated
135080,agreed
257719,agreed
104086,unrelated
157300,agreed
142720,agreed
316907,agreed
98093,agreed
173559,unrelated
318911,unrelated
314074,unrelated
96913,agreed
168873,agreed
33149,unrelated
108602,unrelated
254747,unrelated
93223,unrelated
302672,unrelated
189434,unrelated
215253,unrelated
16592,unrelated
292082,agreed
247966,agreed
46386,unrelated
257895,unrelated
4384,unrelated
124873,agreed
233337,agreed
278174,unrelated
289565,agreed
180827,agreed
175426,unrelated
115574,unrelated
181172,unrelated
89363,unrelated
164579,unrelated
125994,unrelated
39496,unrelated
253044,unrelated
242631,agreed
221056,agreed
31584,unrelated
105025,unrelated
202478,agreed
29329,unrelated
310032,unrelated
221608,agreed
207550,agreed
41920,agreed
184053,unrelated
220878,agreed
208678,agreed
79298,unrelated
288228,unrelated
114577,unrelated
166384,unrelated
132627,unrelated
290450,unrelated
210325,unrelated
237924,unrelated
206375,unrelated
213674,unrelated
162742,unrelated
134669,unrelated
133510,unrelated
14489,unrelated
246554,agreed
231198,agreed
71587,unrelated
156851,agreed
116279,agreed
32998,agreed
247738,unrelated
267384,unrelated
218567,agreed
17784,unrelated
39769,unrelated
43105,agreed
241265,unrelated
247326,unrelated
56104,agreed
305543,unrelated
287433,unrelated
315097,agreed
66265,unrelated
292071,unrelated
127822,unrelated
267950,unrelated
84640,agreed
161113,unrelated
258100,agreed
277690,unrelated
83063,unrelated
312314,unrelated
285972,agreed
40616,agreed
280654,unrelated
176843,unrelated
153047,unrelated
308833,agreed
210757,unrelated
152221,unrelated
256386,unrelated
117989,unrelated
50672,unrelated
8378,unrelated
239292,unrelated
139870,agreed
47500,unrelated
98234,unrelated
709,unrelated
154935,unrelated
82117,unrelated
243061,unrelated
78512,unrelated
120259,agreed
281625,unrelated
15191,unrelated
198230,unrelated
105934,unrelated
273611,unrelated
23218,unrelated
200095,unrelated
257471,unrelated
254974,unrelated
89083,disagreed
240378,unrelated
287556,agreed
191453,unrelated
80460,unrelated
157897,unrelated
53040,unrelated
115275,unrelated
251261,unrelated
137307,agreed
190174,unrelated
277852,unrelated
109406,unrelated
270448,unrelated
72182,unrelated
128413,disagreed
14524,agreed
223575,disagreed
140983,agreed
210549,agreed
98674,unrelated
268110,unrelated
270684,unrelated
316692,unrelated
51938,agreed
300957,unrelated
118510,unrelated
201672,unrelated
281530,unrelated
59517,unrelated
108976,unrelated
155327,unrelated
102344,agreed
43462,agreed
303914,unrelated
295109,unrelated
68568,agreed
195052,agreed
315209,agreed
35349,unrelated
273352,unrelated
278710,unrelated
3987,unrelated
224500,unrelated
160664,unrelated
134264,unrelated
284574,unrelated
26595,agreed
80159,unrelated
142026,unrelated
240085,unrelated
54991,unrelated
104676,agreed
78210,unrelated
58989,unrelated
176627,agreed
199456,unrelated
257742,unrelated
280893,unrelated
211599,unrelated
236778,unrelated
237935,unrelated
152939,agreed
903,disagreed
94594,unrelated
127827,unrelated
193966,agreed
156448,unrelated
318473,unrelated
264594,unrelated
18638,agreed
177799,unrelated
312486,agreed
273464,unrelated
26080,unrelated
260786,unrelated
143767,unrelated
177997,agreed
289753,unrelated
160913,agreed
132006,unrelated
274853,agreed
319978,unrelated
104808,unrelated
62167,unrelated
109391,unrelated
245510,agreed
197484,unrelated
12403,unrelated
165485,agreed
13066,agreed
64027,unrelated
119688,agreed
187331,unrelated
16453,unrelated
210256,unrelated
86499,unrelated
21239,unrelated
78671,unrelated
64926,agreed
63229,unrelated
163485,unrelated
259800,unrelated
43672,agreed
304559,agreed
12106,unrelated
259947,agreed
9748,unrelated
238137,unrelated
53525,unrelated
36709,unrelated
163697,unrelated
100504,agreed
247962,unrelated
171946,unrelated
211799,unrelated
58015,unrelated
140447,unrelated
216879,unrelated
278568,unrelated
19886,unrelated
238746,agreed
315533,unrelated
311027,unrelated
195853,unrelated
287172,agreed
143042,unrelated
75148,unrelated
176237,unrelated
22571,unrelated
227168,unrelated
36049,unrelated
320639,agreed
37359,unrelated
274377,unrelated
245174,agreed
100925,agreed
201744,agreed
6215,disagreed
91773,unrelated
212721,unrelated
164447,unrelated
181663,unrelated
6370,unrelated
176620,unrelated
273977,unrelated
9716,unrelated
261165,agreed
281367,unrelated
240861,unrelated
191011,agreed
52390,unrelated
302797,unrelated
312042,unrelated
106112,agreed
154495,agreed
68276,unrelated
207704,agreed
318787,agreed
30018,agreed
247685,unrelated
131506,unrelated
189567,unrelated
253547,unrelated
173762,agreed
73975,agreed
49760,unrelated
187177,unrelated
104893,unrelated
190551,unrelated
296909,unrelated
4180,unrelated
123805,unrelated
74382,agreed
72163,unrelated
315231,unrelated
292313,unrelated
50043,agreed
103645,unrelated
223694,agreed
319625,unrelated
305844,unrelated
189748,unrelated
67679,agreed
282218,unrelated
226754,unrelated
259931,unrelated
94284,unrelated
37318,unrelated
235599,agreed
91673,unrelated
63532,unrelated
317553,unrelated
279308,unrelated
142312,unrelated
182550,unrelated
178468,agreed
3413,unrelated
28624,unrelated
312576,unrelated
207148,unrelated
5320,unrelated
270878,unrelated
95903,unrelated
278008,disagreed
133722,unrelated
200549,unrelated
311667,agreed
7735,unrelated
188854,unrelated
285078,unrelated
131486,unrelated
113921,unrelated
31203,unrelated
176994,agreed
149959,unrelated
45861,unrelated
169227,unrelated
53880,unrelated
108328,agreed
200456,unrelated
212663,unrelated
314193,unrelated
242868,unrelated
118220,unrelated
105379,unrelated
178721,unrelated
115486,agreed
121664,unrelated
102182,agreed
299024,unrelated
304350,unrelated
60207,agreed
172030,unrelated
176731,unrelated
33768,unrelated
32570,agreed
223004,agreed
280502,unrelated
317892,agreed
10531,agreed
311838,unrelated
157561,unrelated
44673,unrelated
148441,unrelated
62735,unrelated
6416,unrelated
181767,unrelated
89047,unrelated
297868,unrelated
279181,agreed
190084,unrelated
222878,unrelated
123602,agreed
223394,disagreed
125692,agreed
281525,unrelated
36371,unrelated
250378,agreed
306943,unrelated
312837,agreed
88978,unrelated
308997,unrelated
230412,unrelated
147665,agreed
4134,unrelated
78837,unrelated
147883,agreed
157645,unrelated
231754,unrelated
8249,unrelated
7342,agreed
89679,agreed
236861,unrelated
134124,unrelated
188783,agreed
260262,agreed
142872,unrelated
183800,agreed
180678,unrelated
255881,unrelated
199622,unrelated
89696,unrelated
26680,unrelated
235759,unrelated
182880,unrelated
177333,unrelated
131722,unrelated
72957,agreed
303967,unrelated
126504,unrelated
36211,unrelated
5039,agreed
19197,unrelated
11332,unrelated
36122,unrelated
164705,agreed
140211,unrelated
304445,agreed
143081,unrelated
204169,unrelated
172383,agreed
164698,agreed
257703,unrelated
292198,unrelated
77569,unrelated
93239,unrelated
107842,unrelated
142537,unrelated
102290,unrelated
309053,unrelated
135199,unrelated
121,agreed
268735,agreed
185295,agreed
55880,agreed
3583,unrelated
51187,unrelated
152940,agreed
128981,unrelated
79730,unrelated
11937,agreed
99661,disagreed
239936,unrelated
109510,unrelated
117577,unrelated
86605,unrelated
167540,unrelated
286101,unrelated
218615,agreed
314122,unrelated
109094,agreed
245041,agreed
137611,unrelated
56248,unrelated
1772,agreed
255677,unrelated
265652,agreed
138803,agreed
18530,unrelated
281778,unrelated
142860,unrelated
25708,unrelated
242214,unrelated
298688,unrelated
173524,unrelated
211441,unrelated
138073,unrelated
310122,agreed
310251,unrelated
32102,agreed
97392,unrelated
209681,unrelated
77875,unrelated
277463,agreed
65932,agreed
240550,unrelated
72480,agreed
148515,unrelated
233022,disagreed
166143,agreed
180443,unrelated
220730,unrelated
242381,unrelated
143301,unrelated
244105,unrelated
64422,unrelated
221819,agreed
293610,unrelated
49873,unrelated
112134,agreed
239170,unrelated
88884,unrelated
238896,unrelated
89266,unrelated
229340,agreed
76232,unrelated
108612,unrelated
300908,agreed
250686,unrelated
29627,unrelated
107136,unrelated
286870,unrelated
101134,agreed
81985,unrelated
247163,unrelated
297989,unrelated
43397,unrelated
179823,agreed
48583,unrelated
178285,unrelated
52176,agreed
59001,agreed
300832,unrelated
119069,unrelated
167236,unrelated
123883,agreed
45954,unrelated
11650,agreed
163704,unrelated
232239,unrelated
230206,unrelated
102319,unrelated
11407,unrelated
319163,agreed
250083,unrelated
209586,unrelated
204173,unrelated
63048,unrelated
117543,unrelated
159625,unrelated
262326,unrelated
286736,unrelated
183369,unrelated
59553,agreed
319245,unrelated
14785,unrelated
162556,unrelated
159479,agreed
102199,unrelated
45546,agreed
202728,agreed
210872,agreed
51300,unrelated
212168,agreed
63634,unrelated
296333,unrelated
141457,unrelated
113837,unrelated
287092,unrelated
8414,unrelated
84355,unrelated
295322,unrelated
113653,unrelated
247223,disagreed
237053,unrelated
265094,unrelated
8716,unrelated
156611,agreed
314689,agreed
292763,unrelated
19757,agreed
111255,unrelated
40661,unrelated
6677,unrelated
278347,unrelated
195690,unrelated
210449,unrelated
63361,agreed
112774,unrelated
237007,agreed
153258,unrelated
158524,agreed
10252,unrelated
227049,unrelated
19897,unrelated
7963,agreed
53590,unrelated
225555,agreed
110665,unrelated
128730,unrelated
160258,unrelated
70564,agreed
280634,agreed
264959,unrelated
194998,agreed
313387,agreed
120598,unrelated
319436,agreed
291870,unrelated
108474,unrelated
224888,unrelated
141818,unrelated
202397,unrelated
30588,unrelated
168465,unrelated
266709,agreed
71828,unrelated
209926,agreed
68966,unrelated
141186,unrelated
204070,unrelated
121464,unrelated
137933,agreed
140296,unrelated
77083,agreed
315403,unrelated
151526,unrelated
146533,unrelated
241336,agreed
189429,unrelated
23132,agreed
84100,unrelated
150013,unrelated
202919,unrelated
218313,unrelated
221338,agreed
292861,unrelated
234046,agreed
141137,unrelated
79792,unrelated
98147,unrelated
312550,disagreed
215507,unrelated
174119,unrelated
255491,unrelated
98092,agreed
41526,unrelated
261126,unrelated
230673,agreed
164097,unrelated
175672,agreed
52446,agreed
25891,agreed
10898,agreed
242890,unrelated
73958,agreed
18586,unrelated
289533,unrelated
136146,unrelated
242261,unrelated
21718,agreed
85044,unrelated
141637,unrelated
20211,unrelated
256847,unrelated
180213,unrelated
35310,agreed
123178,unrelated
48764,unrelated
205355,agreed
60420,unrelated
38655,agreed
248094,unrelated
162124,unrelated
315837,unrelated
223930,unrelated
198109,unrelated
306366,agreed
185359,unrelated
54872,agreed
157468,unrelated
62533,agreed
204157,unrelated
37227,unrelated
270038,unrelated
314481,agreed
62182,unrelated
59097,unrelated
168443,unrelated
27456,unrelated
125768,agreed
171845,unrelated
274728,agreed
119672,agreed
111380,agreed
233766,unrelated
20112,agreed
224717,unrelated
259765,unrelated
238249,agreed
22319,unrelated
232977,unrelated
156671,unrelated
122473,agreed
193757,unrelated
245870,agreed
204049,agreed
99159,agreed
178303,unrelated
92047,agreed
269840,agreed
319719,unrelated
241367,unrelated
266601,unrelated
82147,unrelated
320061,unrelated
159955,agreed
207094,unrelated
29392,unrelated
261239,agreed
126027,unrelated
136096,unrelated
87559,agreed
320351,agreed
300130,unrelated
130076,unrelated
96789,unrelated
194931,unrelated
98864,agreed
73720,unrelated
219714,agreed
29443,unrelated
307380,agreed
299631,agreed
53330,unrelated
121935,unrelated
310692,unrelated
219825,unrelated
49563,unrelated
59336,unrelated
104689,agreed
308625,unrelated
119148,unrelated
67565,disagreed
317707,unrelated
239930,unrelated
78905,agreed
287030,unrelated
266592,unrelated
28340,unrelated
209609,unrelated
135603,agreed
283919,unrelated
103796,unrelated
101114,unrelated
242624,unrelated
139446,unrelated
170583,unrelated
251636,unrelated
54167,unrelated
187594,unrelated
244736,agreed
126351,agreed
93461,agreed
183175,unrelated
168350,unrelated
264524,unrelated
307004,unrelated
256156,unrelated
106462,agreed
236274,unrelated
119524,unrelated
10831,unrelated
17596,unrelated
101006,unrelated
102431,unrelated
252384,agreed
228216,unrelated
186137,agreed
61364,unrelated
99004,unrelated
55209,unrelated
278701,agreed
27403,unrelated
293759,unrelated
19875,unrelated
144249,unrelated
219928,unrelated
78449,unrelated
87111,unrelated
121352,unrelated
112275,agreed
265694,unrelated
85843,unrelated
241777,agreed
15146,unrelated
54289,unrelated
22762,unrelated
159535,unrelated
116827,disagreed
34642,agreed
300169,unrelated
153469,unrelated
67751,unrelated
211503,unrelated
172541,unrelated
32394,unrelated
117823,unrelated
24483,unrelated
214019,unrelated
11389,unrelated
264553,unrelated
261739,agreed
25669,unrelated
212026,unrelated
300114,disagreed
164856,agreed
318242,unrelated
109014,agreed
57653,agreed
24284,unrelated
3909,unrelated
163853,unrelated
68118,unrelated
295485,unrelated
96852,agreed
214637,unrelated
191278,agreed
20831,unrelated
244577,unrelated
311595,agreed
81706,agreed
282759,unrelated
17015,agreed
294957,unrelated
168852,unrelated
173900,unrelated
117232,unrelated
85153,agreed
29131,agreed
194095,agreed
206240,agreed
232580,unrelated
205114,unrelated
224416,unrelated
90647,unrelated
213098,disagreed
41472,agreed
229878,agreed
127137,unrelated
233098,agreed
127306,agreed
194592,agreed
121071,agreed
47292,unrelated
208022,unrelated
262972,unrelated
311916,unrelated
235995,unrelated
316346,unrelated
169015,unrelated
230291,unrelated
310627,unrelated
266429,unrelated
212011,agreed
148574,unrelated
172897,unrelated
173764,agreed
216161,unrelated
67532,agreed
256249,unrelated
86422,agreed
201854,unrelated
308352,unrelated
212226,unrelated
213679,unrelated
20633,unrelated
225496,unrelated
11717,disagreed
250363,agreed
179413,unrelated
86637,unrelated
244564,agreed
198686,unrelated
97124,unrelated
210297,agreed
28405,unrelated
176059,unrelated
22126,unrelated
288850,unrelated
140714,unrelated
258421,agreed
133933,agreed
308909,unrelated
230091,agreed
158045,unrelated
83108,unrelated
221867,unrelated
146166,unrelated
35346,unrelated
175155,disagreed
128205,unrelated
1773,unrelated
118647,unrelated
312860,agreed
219271,unrelated
8561,unrelated
214109,unrelated
52911,unrelated
282185,unrelated
228400,unrelated
249595,unrelated
82076,unrelated
192207,unrelated
150343,unrelated
184610,unrelated
73662,agreed
212472,agreed
161264,unrelated
237790,unrelated
168856,unrelated
181348,unrelated
182983,agreed
179466,unrelated
232157,unrelated
154951,agreed
145613,unrelated
155583,unrelated
278610,agreed
9652,agreed
259154,unrelated
231451,agreed
109867,unrelated
242556,unrelated
186285,unrelated
232129,unrelated
80861,agreed
175571,unrelated
69823,unrelated
167301,unrelated
66158,agreed
202382,agreed
166028,unrelated
115020,agreed
101041,unrelated
297951,unrelated
33742,agreed
188063,unrelated
174826,agreed
287479,unrelated
60400,unrelated
111464,unrelated
147356,unrelated
129760,unrelated
278995,unrelated
215711,unrelated
206616,unrelated
53025,unrelated
8087,agreed
287788,agreed
291945,unrelated
2318,unrelated
215813,unrelated
141666,unrelated
104900,unrelated
170584,unrelated
272963,unrelated
113769,unrelated
112073,agreed
69668,unrelated
260083,unrelated
37600,unrelated
108424,unrelated
136256,unrelated
187606,unrelated
313152,agreed
45643,agreed
230678,unrelated
182532,unrelated
175631,unrelated
119429,agreed
37156,agreed
76561,agreed
164216,agreed
308469,unrelated
48970,unrelated
44102,unrelated
54769,unrelated
280169,unrelated
238856,unrelated
65059,unrelated
305853,unrelated
154517,agreed
147561,agreed
211325,unrelated
77878,unrelated
47347,unrelated
188655,unrelated
78750,unrelated
18177,disagreed
311038,unrelated
89023,agreed
112456,unrelated
89448,unrelated
54108,unrelated
76961,disagreed
317958,unrelated
181006,unrelated
242869,unrelated
28737,unrelated
61310,agreed
131409,agreed
36663,unrelated
179201,agreed
255631,unrelated
319691,unrelated
117815,unrelated
5203,agreed
140578,agreed
118878,unrelated
60936,agreed
45513,agreed
90173,unrelated
147433,unrelated
192566,unrelated
258618,unrelated
318701,unrelated
66811,unrelated
117011,unrelated
20722,unrelated
258396,disagreed
172446,unrelated
314883,agreed
59754,agreed
7518,agreed
283003,unrelated
295615,unrelated
116263,agreed
102983,unrelated
274510,agreed
130614,unrelated
194116,agreed
136043,agreed
138547,agreed
99247,unrelated
200021,agreed
244563,agreed
312502,agreed
200689,unrelated
275737,unrelated
146563,unrelated
47374,unrelated
233282,unrelated
295516,unrelated
32270,unrelated
16994,unrelated
236462,unrelated
250862,agreed
230583,unrelated
320168,agreed
216045,agreed
155717,unrelated
121636,unrelated
177314,agreed
125986,agreed
183700,unrelated
318594,unrelated
293363,unrelated
182913,unrelated
303720,unrelated
238788,unrelated
9091,unrelated
108949,unrelated
320751,agreed
48158,unrelated
205528,agreed
303623,unrelated
240423,agreed
77051,agreed
32565,unrelated
127533,unrelated
269600,unrelated
208049,unrelated
150309,unrelated
84183,unrelated
62015,unrelated
137476,agreed
316298,unrelated
201146,unrelated
7017,unrelated
129317,unrelated
152699,unrelated
243105,unrelated
128209,unrelated
210211,unrelated
6134,unrelated
226776,agreed
223935,unrelated
51895,unrelated
173531,unrelated
231082,agreed
244865,unrelated
260402,unrelated
7632,agreed
191018,agreed
247589,unrelated
207078,agreed
317242,unrelated
13076,unrelated
76406,unrelated
20172,unrelated
155944,agreed
127499,unrelated
105741,unrelated
202778,agreed
302344,unrelated
82261,unrelated
318233,unrelated
87629,unrelated
203131,agreed
259833,unrelated
135871,unrelated
127812,unrelated
178272,unrelated
181032,agreed
11049,unrelated
147492,agreed
194669,agreed
18446,unrelated
230690,agreed
65873,unrelated
23813,unrelated
179327,agreed
305280,unrelated
58445,unrelated
145407,disagreed
302157,agreed
304693,unrelated
115313,unrelated
311608,unrelated
76718,unrelated
31461,unrelated
267480,agreed
131456,unrelated
156578,agreed
131561,unrelated
295902,unrelated
146375,agreed
128973,agreed
316114,agreed
154162,unrelated
82661,unrelated
129434,unrelated
171917,unrelated
302864,unrelated
173246,agreed
143748,unrelated
108286,agreed
258065,agreed
27845,unrelated
81534,unrelated
199917,unrelated
196880,unrelated
3010,agreed
222350,unrelated
19857,unrelated
100390,unrelated
13687,unrelated
127157,unrelated
300974,unrelated
159613,unrelated
87968,unrelated
122961,unrelated
131526,unrelated
202599,agreed
241962,unrelated
272111,unrelated
39009,agreed
41747,disagreed
204536,unrelated
190916,unrelated
258748,unrelated
74342,unrelated
26665,unrelated
21502,agreed
99627,disagreed
240333,agreed
222242,unrelated
318741,agreed
196543,agreed
121575,unrelated
132891,agreed
288727,unrelated
24606,unrelated
20995,agreed
202774,agreed
33276,unrelated
223079,unrelated
259899,unrelated
189332,unrelated
270461,unrelated
268620,unrelated
116807,agreed
308189,unrelated
283580,unrelated
250503,unrelated
11730,unrelated
303247,agreed
148379,unrelated
129796,agreed
30781,unrelated
263108,unrelated
213291,disagreed
8366,unrelated
77667,unrelated
38240,unrelated
217637,unrelated
226029,unrelated
163068,unrelated
92932,unrelated
276185,unrelated
244669,unrelated
269394,agreed
186013,unrelated
223133,unrelated
67103,agreed
21771,agreed
94947,unrelated
171468,unrelated
225808,unrelated
58409,unrelated
284669,unrelated
280731,unrelated
284631,unrelated
300516,unrelated
50702,unrelated
189083,unrelated
33969,unrelated
31782,agreed
306399,agreed
303991,unrelated
38169,unrelated
71653,unrelated
252408,agreed
206045,agreed
250674,unrelated
286523,unrelated
169585,unrelated
186290,agreed
251683,unrelated
168156,unrelated
42257,unrelated
321098,unrelated
85720,unrelated
171160,agreed
67779,unrelated
31987,agreed
208481,unrelated
250390,agreed
164129,unrelated
227379,unrelated
292131,unrelated
265351,unrelated
207530,unrelated
82973,agreed
284655,agreed
272062,unrelated
162602,unrelated
11518,agreed
56805,agreed
238415,unrelated
75258,unrelated
259474,agreed
137914,unrelated
9839,agreed
245403,unrelated
233278,unrelated
313603,agreed
82212,unrelated
180595,unrelated
88581,unrelated
13368,agreed
221014,agreed
33708,agreed
173273,unrelated
144655,unrelated
156682,unrelated
137752,agreed
122267,unrelated
65505,unrelated
16915,agreed
179658,agreed
243943,unrelated
35872,agreed
190462,unrelated
94757,unrelated
184397,unrelated
108912,unrelated
24331,unrelated
244309,unrelated
171953,unrelated
245484,agreed
247472,unrelated
223054,unrelated
201997,unrelated
27241,agreed
272778,unrelated
134128,unrelated
114127,agreed
254101,unrelated
217894,unrelated
186687,unrelated
149357,unrelated
147216,unrelated
204554,unrelated
202462,agreed
234517,agreed
227655,agreed
254275,agreed
292116,unrelated
192707,unrelated
117859,unrelated
170235,unrelated
119170,unrelated
77800,unrelated
274355,unrelated
5552,unrelated
60483,unrelated
69677,unrelated
233821,unrelated
64874,unrelated
214693,unrelated
291669,agreed
224822,agreed
38307,unrelated
156963,agreed
29794,agreed
303703,unrelated
106732,agreed
255553,unrelated
187260,unrelated
38540,unrelated
253105,unrelated
305141,agreed
296277,unrelated
224623,unrelated
131637,agreed
310712,agreed
117978,unrelated
248645,unrelated
228886,unrelated
80490,agreed
144684,unrelated
135334,agreed
156517,unrelated
273561,unrelated
65699,unrelated
146697,unrelated
47678,agreed
316273,unrelated
242295,unrelated
176741,unrelated
130811,agreed
245805,agreed
101943,unrelated
75977,agreed
163110,agreed
87552,unrelated
231824,unrelated
281058,unrelated
255796,unrelated
92333,agreed
36206,unrelated
72517,disagreed
95729,unrelated
79094,unrelated
218170,unrelated
141932,unrelated
234964,agreed
179436,unrelated
279172,agreed
253746,agreed
295682,unrelated
110595,unrelated
44514,unrelated
242983,unrelated
232658,agreed
253155,unrelated
242459,unrelated
255326,agreed
265921,agreed
312727,unrelated
204581,unrelated
83470,unrelated
320763,agreed
306044,agreed
127038,unrelated
316353,unrelated
134786,agreed
65217,agreed
32149,unrelated
31715,agreed
113600,unrelated
292748,unrelated
175093,unrelated
97126,unrelated
16050,unrelated
219219,unrelated
7732,unrelated
228327,unrelated
312005,agreed
78201,unrelated
98135,unrelated
205022,agreed
170597,unrelated
88727,unrelated
38936,unrelated
179448,unrelated
54526,agreed
186678,unrelated
253607,unrelated
54479,unrelated
82885,agreed
29770,unrelated
41062,unrelated
202488,agreed
20297,unrelated
141038,agreed
201795,agreed
113724,unrelated
61244,unrelated
169182,agreed
74140,unrelated
264199,agreed
118731,unrelated
64110,unrelated
253385,unrelated
231441,unrelated
141130,agreed
95087,agreed
160679,unrelated
174128,unrelated
274411,unrelated
184014,unrelated
6445,unrelated
93057,agreed
56653,unrelated
44926,agreed
204465,unrelated
72529,unrelated
200146,unrelated
130741,unrelated
304031,unrelated
148938,unrelated
284316,agreed
238239,unrelated
49808,unrelated
288865,unrelated
110579,unrelated
95783,agreed
30413,unrelated
181843,unrelated
90600,agreed
219633,unrelated
28260,unrelated
142038,agreed
116107,unrelated
282504,unrelated
238763,unrelated
112600,unrelated
119857,disagreed
43340,unrelated
219619,agreed
56050,agreed
286254,unrelated
104312,agreed
150027,unrelated
277235,unrelated
25827,agreed
108430,unrelated
34689,unrelated
183012,agreed
81261,unrelated
143234,agreed
251278,unrelated
16062,unrelated
138704,unrelated
224339,unrelated
68248,unrelated
205432,agreed
153761,agreed
87655,agreed
2260,unrelated
27536,unrelated
85326,unrelated
299272,unrelated
31746,unrelated
83819,agreed
265278,unrelated
83238,agreed
250135,unrelated
6043,unrelated
210850,unrelated
268827,unrelated
254488,unrelated
59934,unrelated
231739,agreed
296759,unrelated
77333,unrelated
65122,unrelated
250752,unrelated
36365,unrelated
82650,agreed
126262,agreed
294518,unrelated
167414,unrelated
197761,unrelated
4292,unrelated
274385,unrelated
175346,unrelated
51143,unrelated
194163,agreed
72914,unrelated
116127,unrelated
72249,unrelated
145892,unrelated
6837,unrelated
101215,agreed
319475,agreed
28549,unrelated
193597,unrelated
43780,agreed
310992,agreed
216920,unrelated
140213,unrelated
155651,unrelated
106984,unrelated
153597,unrelated
98739,unrelated
228529,unrelated
263374,unrelated
127742,unrelated
102992,unrelated
280168,unrelated
180826,unrelated
147997,agreed
112232,agreed
143065,unrelated
304500,unrelated
113641,unrelated
171573,unrelated
242297,unrelated
301505,unrelated
171459,unrelated
136211,unrelated
48067,unrelated
104662,unrelated
298746,unrelated
150442,unrelated
22378,unrelated
87155,agreed
319761,unrelated
36138,unrelated
179324,agreed
178431,agreed
157411,unrelated
72404,unrelated
2156,unrelated
80133,unrelated
74494,agreed
32481,unrelated
18799,unrelated
200119,unrelated
97899,agreed
260211,unrelated
142699,agreed
222308,agreed
149594,unrelated
142256,unrelated
120501,agreed
13798,agreed
224560,unrelated
149687,unrelated
52800,unrelated
52679,unrelated
204539,unrelated
212085,unrelated
175098,unrelated
302647,unrelated
203774,unrelated
154669,unrelated
44811,unrelated
66004,agreed
5266,unrelated
240280,unrelated
148171,unrelated
262140,agreed
264027,unrelated
75169,unrelated
34435,unrelated
160940,unrelated
297573,unrelated
1696,unrelated
191204,unrelated
146905,agreed
142352,unrelated
266038,agreed
180830,unrelated
7517,unrelated
172149,unrelated
171171,agreed
309934,unrelated
70645,agreed
116478,unrelated
147296,unrelated
81535,unrelated
57706,unrelated
98891,agreed
38612,unrelated
281225,unrelated
82413,unrelated
122804,unrelated
155383,unrelated
38189,unrelated
135308,unrelated
167126,unrelated
137707,unrelated
129176,unrelated
226569,unrelated
283327,unrelated
195125,agreed
128802,unrelated
285205,unrelated
183135,unrelated
168320,unrelated
250532,unrelated
213720,unrelated
132703,unrelated
32348,unrelated
292202,unrelated
41670,unrelated
195363,unrelated
3462,unrelated
207039,agreed
242750,unrelated
103514,agreed
83853,unrelated
97200,unrelated
139879,agreed
48100,unrelated
198031,agreed
70286,agreed
253246,unrelated
206490,agreed
196632,unrelated
82093,unrelated
104607,unrelated
263378,unrelated
25967,unrelated
128023,unrelated
230087,agreed
265227,unrelated
290864,agreed
51118,unrelated
213399,unrelated
64998,agreed
148401,unrelated
223233,disagreed
155051,unrelated
157071,unrelated
192490,agreed
48974,agreed
64093,disagreed
84278,unrelated
227527,unrelated
263807,unrelated
122047,unrelated
290902,unrelated
304915,unrelated
293403,unrelated
153017,agreed
141749,unrelated
206823,agreed
12495,unrelated
228648,unrelated
220847,agreed
51601,unrelated
278521,agreed
191067,unrelated
61613,unrelated
123996,unrelated
27605,unrelated
19064,agreed
197202,unrelated
124626,unrelated
123827,unrelated
209126,unrelated
68694,unrelated
250225,unrelated
139685,unrelated
274226,unrelated
79978,agreed
210638,agreed
11282,unrelated
62287,unrelated
106118,agreed
301260,unrelated
68377,unrelated
156659,agreed
101095,unrelated
127218,unrelated
121684,unrelated
252103,unrelated
184220,agreed
129087,agreed
278143,unrelated
70146,agreed
63649,unrelated
167894,unrelated
241706,agreed
117481,unrelated
60887,unrelated
24115,unrelated
6016,agreed
204636,unrelated
5021,unrelated
131723,unrelated
115795,agreed
27486,unrelated
191713,unrelated
65328,unrelated
114311,unrelated
268972,agreed
64873,unrelated
208404,unrelated
298482,unrelated
117404,unrelated
139035,agreed
227849,unrelated
90748,unrelated
191375,unrelated
55648,unrelated
250688,unrelated
269212,agreed
102315,unrelated
280595,agreed
211415,unrelated
50210,unrelated
315035,unrelated
93897,unrelated
276282,agreed
89339,unrelated
133227,unrelated
48367,unrelated
294406,unrelated
254673,unrelated
140778,agreed
1235,unrelated
223256,disagreed
219873,unrelated
316319,unrelated
46360,agreed
212714,unrelated
16339,unrelated
202386,agreed
8388,unrelated
321010,unrelated
285405,unrelated
95635,unrelated
244419,unrelated
28020,unrelated
195661,unrelated
250453,unrelated
118794,unrelated
239316,unrelated
18757,unrelated
264440,unrelated
110970,unrelated
133866,agreed
201041,agreed
288806,unrelated
95549,unrelated
198758,unrelated
267888,agreed
50973,unrelated
66415,unrelated
107697,unrelated
160906,unrelated
246481,unrelated
248457,unrelated
249698,unrelated
90295,unrelated
317140,agreed
221154,unrelated
121956,agreed
160349,unrelated
259827,agreed
280071,unrelated
8075,unrelated
291505,unrelated
199986,unrelated
101265,agreed
59092,disagreed
116212,unrelated
22295,agreed
87120,agreed
101500,unrelated
175502,unrelated
163515,unrelated
206824,agreed
81691,unrelated
105965,unrelated
23028,unrelated
243904,unrelated
264729,unrelated
29204,agreed
153187,unrelated
157402,unrelated
156282,unrelated
137211,unrelated
62132,unrelated
15394,agreed
266614,unrelated
313536,unrelated
224130,unrelated
39217,unrelated
154981,agreed
96146,unrelated
261524,unrelated
214901,unrelated
84413,unrelated
212537,unrelated
73200,agreed
184927,unrelated
107105,agreed
235423,unrelated
93295,unrelated
121661,unrelated
238254,unrelated
308008,unrelated
253564,unrelated
18966,unrelated
186634,unrelated
249008,unrelated
237725,agreed
192270,agreed
45807,agreed
208508,agreed
196431,unrelated
199332,unrelated
66191,agreed
38496,agreed
77190,unrelated
295118,unrelated
79448,unrelated
262184,unrelated
208514,unrelated
131343,unrelated
99752,agreed
205845,unrelated
162736,agreed
179515,unrelated
201242,unrelated
169596,unrelated
108229,unrelated
164462,agreed
238875,unrelated
132848,agreed
46806,unrelated
196095,unrelated
208059,unrelated
187840,unrelated
79059,unrelated
122901,agreed
160637,unrelated
63327,unrelated
143830,unrelated
297253,unrelated
158014,agreed
163333,unrelated
51249,unrelated
118558,unrelated
81066,unrelated
94097,unrelated
169138,agreed
5175,unrelated
176853,unrelated
168857,unrelated
161591,unrelated
266422,unrelated
248583,unrelated
156904,agreed
273009,unrelated
173252,unrelated
279186,unrelated
128693,unrelated
57173,unrelated
68326,unrelated
311320,agreed
245760,unrelated
15606,unrelated
315466,agreed
180188,unrelated
191370,unrelated
2911,agreed
45180,unrelated
225918,agreed
115988,unrelated
207183,agreed
168559,unrelated
69755,agreed
165948,agreed
72299,unrelated
189837,agreed
222493,unrelated
309493,unrelated
247544,unrelated
314373,unrelated
271611,unrelated
112687,unrelated
67136,unrelated
296547,unrelated
56242,unrelated
121393,unrelated
32011,unrelated
119051,unrelated
72233,unrelated
142855,unrelated
139463,unrelated
186559,agreed
141058,agreed
105232,unrelated
218617,agreed
274779,agreed
135406,agreed
233298,unrelated
268559,unrelated
59034,unrelated
252189,unrelated
82778,agreed
224226,unrelated
68923,unrelated
15035,agreed
178985,unrelated
54785,unrelated
312529,disagreed
76425,agreed
123646,unrelated
85871,unrelated
24670,unrelated
314874,unrelated
132880,unrelated
99543,agreed
6466,unrelated
199955,agreed
278111,unrelated
105184,unrelated
182324,agreed
176223,unrelated
102440,unrelated
281031,unrelated
101972,unrelated
270402,unrelated
91713,agreed
158984,unrelated
17911,agreed
111300,unrelated
218679,unrelated
272898,unrelated
242490,unrelated
25632,unrelated
70759,unrelated
219999,unrelated
89577,unrelated
209308,unrelated
308050,agreed
239747,disagreed
36108,unrelated
244038,agreed
205859,unrelated
102360,unrelated
60968,unrelated
205568,unrelated
250138,unrelated
134091,agreed
256049,agreed
255088,agreed
15004,agreed
237051,agreed
53371,unrelated
58825,unrelated
226550,unrelated
68554,agreed
143076,agreed
57871,unrelated
161848,agreed
310468,agreed
129067,agreed
42019,unrelated
1978,unrelated
287375,unrelated
108692,unrelated
223271,disagreed
290016,agreed
112127,agreed
197529,agreed
139865,unrelated
207754,agreed
51343,disagreed
294672,unrelated
28228,unrelated
140155,unrelated
313160,unrelated
179543,unrelated
285133,agreed
156242,unrelated
181428,unrelated
169280,agreed
307501,agreed
39172,agreed
296621,unrelated
26152,unrelated
315321,unrelated
110214,unrelated
281767,agreed
284222,agreed
243139,unrelated
60130,unrelated
218349,unrelated
230643,unrelated
236615,unrelated
274201,agreed
239344,unrelated
287270,unrelated
124024,unrelated
151909,unrelated
237277,agreed
194327,unrelated
11024,unrelated
210305,agreed
238659,unrelated
24639,unrelated
226848,unrelated
127823,unrelated
160098,unrelated
272597,unrelated
305555,unrelated
14630,unrelated
318158,agreed
316387,agreed
11054,unrelated
92809,unrelated
285842,unrelated
154253,unrelated
38771,unrelated
129558,unrelated
15347,unrelated
64317,agreed
194119,agreed
31631,agreed
135943,unrelated
266489,unrelated
227103,unrelated
98317,unrelated
2340,agreed
118817,unrelated
52019,unrelated
191100,agreed
222269,unrelated
231248,unrelated
271932,unrelated
102930,unrelated
186715,unrelated
273408,unrelated
159432,unrelated
90190,agreed
312249,unrelated
31534,unrelated
257050,agreed
288989,unrelated
1629,agreed
154467,unrelated
108183,agreed
252439,unrelated
2940,agreed
21727,agreed
246156,unrelated
17244,unrelated
26718,unrelated
198590,unrelated
126955,agreed
40660,agreed
135214,unrelated
81196,unrelated
174303,agreed
142439,unrelated
131989,unrelated
167530,unrelated
91177,agreed
207831,agreed
134382,unrelated
143427,agreed
295286,unrelated
317529,unrelated
264686,unrelated
248924,unrelated
138792,agreed
79566,disagreed
312201,unrelated
280882,agreed
272847,unrelated
49921,agreed
124807,unrelated
77752,agreed
207718,unrelated
193184,agreed
180693,unrelated
201929,unrelated
206527,agreed
172451,unrelated
34647,unrelated
109323,unrelated
270917,agreed
86377,unrelated
221430,unrelated
175377,unrelated
286258,unrelated
71985,unrelated
27775,unrelated
300465,unrelated
219244,unrelated
176250,unrelated
112679,unrelated
207584,agreed
23230,unrelated
318275,unrelated
267866,unrelated
136002,agreed
208335,unrelated
265335,unrelated
147214,unrelated
102368,agreed
104601,unrelated
51960,unrelated
95521,unrelated
214878,unrelated
59860,agreed
109690,unrelated
268174,agreed
175752,unrelated
38947,unrelated
57168,unrelated
307069,unrelated
117342,unrelated
210236,unrelated
233129,unrelated
88666,unrelated
234842,agreed
117216,unrelated
305051,agreed
203736,unrelated
200624,agreed
141491,unrelated
125090,agreed
275437,unrelated
32686,unrelated
239582,agreed
43779,agreed
31431,unrelated
285749,unrelated
163737,unrelated
304201,agreed
195925,unrelated
189644,unrelated
209786,unrelated
12082,agreed
64792,disagreed
230602,agreed
227555,unrelated
135469,unrelated
40207,unrelated
123263,unrelated
255997,unrelated
300581,unrelated
191526,unrelated
24379,unrelated
123166,agreed
242879,unrelated
235678,agreed
311759,unrelated
191787,unrelated
199267,unrelated
8768,unrelated
208978,unrelated
233918,unrelated
247430,unrelated
179713,unrelated
151748,unrelated
164535,unrelated
1267,unrelated
124212,unrelated
172269,unrelated
8229,agreed
157764,unrelated
193405,agreed
315143,agreed
127120,unrelated
181935,unrelated
306439,unrelated
200228,unrelated
312106,unrelated
258111,unrelated
13300,unrelated
179148,unrelated
318354,agreed
44361,unrelated
146915,unrelated
192308,unrelated
286627,agreed
110963,unrelated
313289,unrelated
290889,agreed
76380,unrelated
266687,unrelated
234957,unrelated
243621,unrelated
100534,unrelated
196311,agreed
83979,unrelated
40360,unrelated
175026,agreed
310636,unrelated
155133,unrelated
282284,agreed
297222,unrelated
286094,unrelated
187898,unrelated
39358,unrelated
268227,agreed
56138,unrelated
73995,agreed
236682,unrelated
255459,unrelated
1846,unrelated
140697,unrelated
43694,unrelated
24798,unrelated
236262,unrelated
42239,agreed
28844,agreed
114275,unrelated
96807,agreed
312857,agreed
224006,agreed
37776,unrelated
301090,agreed
156371,agreed
234518,agreed
133580,agreed
141008,unrelated
193845,agreed
306647,unrelated
117107,unrelated
121886,agreed
204641,unrelated
169760,unrelated
184958,unrelated
148994,unrelated
11463,unrelated
217283,agreed
246456,unrelated
163892,unrelated
304364,unrelated
267489,unrelated
37306,agreed
160642,unrelated
13277,unrelated
140164,agreed
53058,unrelated
45791,unrelated
39101,unrelated
320994,unrelated
156092,unrelated
306349,unrelated
290409,unrelated
213621,agreed
189613,unrelated
293635,unrelated
155581,unrelated
39659,unrelated
245747,unrelated
63744,agreed
16153,unrelated
212515,unrelated
196286,unrelated
43285,unrelated
294546,unrelated
246454,unrelated
125742,unrelated
49031,agreed
144614,agreed
91941,unrelated
91674,agreed
104065,unrelated
29189,unrelated
306507,agreed
29191,unrelated
107870,unrelated
144899,agreed
316522,unrelated
146344,unrelated
19313,unrelated
285988,agreed
20827,unrelated
119341,unrelated
116602,unrelated
30432,unrelated
216986,agreed
154826,unrelated
2057,unrelated
159778,unrelated
73732,unrelated
169315,agreed
28873,unrelated
56769,unrelated
182955,unrelated
166882,agreed
302304,agreed
302819,agreed
285250,unrelated
200217,unrelated
164287,unrelated
295700,unrelated
232859,unrelated
135678,unrelated
279374,unrelated
209760,unrelated
132858,agreed
93754,agreed
38865,unrelated
87737,unrelated
128540,disagreed
104902,unrelated
95317,agreed
71975,unrelated
2566,agreed
97120,unrelated
185409,unrelated
107499,unrelated
168076,unrelated
283344,unrelated
13701,agreed
180767,unrelated
33959,unrelated
214212,agreed
267988,agreed
198037,agreed
151858,unrelated
48879,unrelated
219792,unrelated
156200,unrelated
75764,unrelated
188216,unrelated
77767,unrelated
34713,unrelated
139083,unrelated
242416,unrelated
234638,unrelated
219349,agreed
275690,unrelated
309834,agreed
71701,unrelated
126579,unrelated
111338,agreed
45106,unrelated
202675,agreed
143143,unrelated
222489,unrelated
31277,agreed
20371,unrelated
44402,agreed
20453,agreed
194964,agreed
290971,agreed
226447,unrelated
129195,unrelated
36295,unrelated
260491,unrelated
151146,unrelated
74316,unrelated
311579,agreed
129546,unrelated
97187,agreed
85948,agreed
228597,unrelated
34810,unrelated
286166,unrelated
192406,unrelated
188531,unrelated
280443,unrelated
250721,unrelated
3518,unrelated
117484,unrelated
73888,disagreed
4681,unrelated
100510,agreed
46575,unrelated
140746,agreed
153754,agreed
62440,agreed
257722,agreed
54095,unrelated
214467,agreed
82131,unrelated
227283,agreed
88956,unrelated
157181,unrelated
186835,unrelated
221726,agreed
9335,unrelated
197330,agreed
32614,unrelated
42860,unrelated
44024,unrelated
220903,unrelated
309573,unrelated
299739,agreed
231167,unrelated
139129,unrelated
298908,unrelated
99163,agreed
107321,unrelated
187209,unrelated
199565,unrelated
302444,unrelated
10773,unrelated
199153,unrelated
164096,unrelated
40504,unrelated
41786,agreed
292201,unrelated
203644,unrelated
244116,agreed
274498,agreed
242360,agreed
231912,unrelated
236599,agreed
278278,unrelated
70878,unrelated
26006,unrelated
282565,unrelated
225244,unrelated
4727,agreed
82410,unrelated
48636,agreed
64238,unrelated
247068,unrelated
164938,unrelated
201029,unrelated
34916,unrelated
223463,disagreed
249297,unrelated
61252,agreed
315332,agreed
298416,unrelated
117241,unrelated
264752,unrelated
21910,agreed
123931,agreed
134999,unrelated
311034,unrelated
71400,unrelated
115853,agreed
195890,agreed
73382,agreed
265581,agreed
207295,unrelated
258177,unrelated
22410,unrelated
71842,unrelated
86711,agreed
463,agreed
107374,unrelated
19974,unrelated
239420,unrelated
14010,unrelated
203031,agreed
59373,unrelated
297827,unrelated
92276,agreed
77874,unrelated
134985,unrelated
16134,unrelated
20318,agreed
104790,unrelated
74246,agreed
31320,unrelated
17309,agreed
145189,unrelated
34130,unrelated
64015,unrelated
246096,agreed
294850,unrelated
186203,agreed
103249,unrelated
26457,unrelated
5247,unrelated
314056,agreed
311455,agreed
11683,unrelated
124705,unrelated
310684,agreed
278416,unrelated
131377,unrelated
111696,agreed
317182,unrelated
112360,agreed
96367,agreed
125353,agreed
77965,unrelated
51347,unrelated
110664,unrelated
25466,unrelated
98189,unrelated
62211,unrelated
139040,unrelated
254909,unrelated
139466,unrelated
129825,unrelated
281019,agreed
221978,agreed
267290,unrelated
154086,unrelated
163745,unrelated
268366,unrelated
139420,agreed
225216,unrelated
166479,unrelated
208116,unrelated
286689,unrelated
237310,unrelated
295170,unrelated
152845,unrelated
122816,unrelated
155817,agreed
229784,unrelated
31404,agreed
294379,agreed
181410,unrelated
264987,unrelated
40058,unrelated
312662,unrelated
202758,agreed
193824,agreed
142969,unrelated
209603,unrelated
46197,unrelated
72121,unrelated
297571,unrelated
306793,agreed
200803,unrelated
55551,unrelated
98900,agreed
77540,unrelated
105811,disagreed
295034,unrelated
51657,unrelated
149787,agreed
32078,unrelated
49868,unrelated
204462,unrelated
53265,unrelated
2905,agreed
136539,agreed
44940,agreed
175766,agreed
28138,unrelated
281610,agreed
53345,unrelated
44216,agreed
256123,agreed
187758,unrelated
139856,agreed
267751,unrelated
9131,unrelated
220709,agreed
220530,unrelated
209970,agreed
123479,unrelated
37368,unrelated
54656,unrelated
35083,unrelated
62598,agreed
211429,agreed
38559,agreed
169960,unrelated
30254,unrelated
138155,disagreed
175586,unrelated
252521,unrelated
74552,unrelated
199528,unrelated
53743,unrelated
303651,unrelated
276471,agreed
247980,unrelated
96210,unrelated
126217,unrelated
294671,unrelated
54281,agreed
163417,agreed
127814,unrelated
105260,disagreed
216732,unrelated
283162,agreed
131088,unrelated
226539,agreed
135857,unrelated
111501,unrelated
241042,unrelated
319904,agreed
169420,agreed
206660,unrelated
96940,unrelated
222547,unrelated
229663,agreed
212203,agreed
59271,unrelated
30288,unrelated
316540,agreed
134286,unrelated
271908,agreed
66094,unrelated
319911,unrelated
261793,unrelated
238288,unrelated
13725,unrelated
98298,unrelated
142954,unrelated
296855,unrelated
51538,unrelated
72597,unrelated
308766,unrelated
299930,unrelated
297649,unrelated
268514,unrelated
43000,unrelated
286452,unrelated
228287,unrelated
222796,agreed
19725,unrelated
264769,unrelated
229731,unrelated
111986,unrelated
136107,agreed
182252,unrelated
145577,agreed
306420,unrelated
228630,unrelated
112466,agreed
294223,unrelated
143109,unrelated
112989,unrelated
173720,agreed
245340,unrelated
287727,unrelated
72930,unrelated
288304,agreed
304590,agreed
315353,agreed
274256,agreed
100536,unrelated
80296,agreed
295095,unrelated
241259,unrelated
12100,unrelated
150360,unrelated
45280,unrelated
43071,unrelated
149293,unrelated
210205,agreed
118616,unrelated
196964,unrelated
291189,unrelated
274822,agreed
314793,unrelated
150708,unrelated
260726,agreed
50084,agreed
74831,unrelated
281407,agreed
180734,disagreed
57814,unrelated
165545,unrelated
133083,unrelated
155953,agreed
240184,unrelated
90058,unrelated
79523,unrelated
293104,unrelated
273813,agreed
132216,unrelated
145283,unrelated
116131,agreed
112203,agreed
211526,unrelated
262796,agreed
56418,unrelated
181261,unrelated
257491,unrelated
18054,unrelated
139068,unrelated
16745,unrelated
208556,unrelated
83462,unrelated
307512,agreed
317048,agreed
166145,agreed
252252,unrelated
298507,unrelated
251104,agreed
76903,agreed
162429,agreed
196460,unrelated
264299,unrelated
218487,unrelated
138724,unrelated
58964,unrelated
206894,unrelated
255026,unrelated
11873,unrelated
3472,unrelated
7164,unrelated
199754,unrelated
95853,unrelated
21047,unrelated
54774,unrelated
131395,agreed
207904,agreed
80172,agreed
170398,unrelated
103036,unrelated
312041,unrelated
313425,unrelated
203288,unrelated
3549,unrelated
217575,unrelated
26067,agreed
54684,unrelated
31771,unrelated
112384,unrelated
271241,unrelated
64679,unrelated
170980,unrelated
91126,unrelated
292344,agreed
291860,agreed
200085,agreed
285765,unrelated
207813,unrelated
280044,unrelated
226433,unrelated
245490,unrelated
150960,agreed
198691,unrelated
58882,unrelated
42638,agreed
320268,unrelated
70281,agreed
246418,agreed
127093,unrelated
186236,unrelated
234825,agreed
109241,unrelated
300750,unrelated
1229,agreed
108146,unrelated
149252,unrelated
315275,agreed
56080,agreed
202662,agreed
64573,agreed
36315,unrelated
297164,unrelated
271053,unrelated
133730,agreed
193388,unrelated
315444,agreed
188238,unrelated
230927,agreed
304091,unrelated
72205,unrelated
54337,agreed
138543,unrelated
297994,unrelated
190848,disagreed
101178,unrelated
128368,agreed
48881,unrelated
148209,unrelated
107066,unrelated
234968,agreed
313548,agreed
256340,agreed
279964,unrelated
146876,unrelated
203680,unrelated
152632,disagreed
267662,unrelated
198047,agreed
65839,unrelated
99970,unrelated
313337,unrelated
250717,unrelated
78570,unrelated
186053,unrelated
177964,unrelated
300721,unrelated
70761,unrelated
292460,unrelated
18111,agreed
79706,unrelated
102666,agreed
312665,unrelated
238159,unrelated
250775,unrelated
314643,unrelated
119769,agreed
86194,unrelated
242418,unrelated
130490,agreed
131049,unrelated
276039,unrelated
628,agreed
106955,unrelated
300591,unrelated
75336,unrelated
260009,disagreed
74710,agreed
320966,unrelated
186737,unrelated
169090,unrelated
107146,agreed
184412,unrelated
242881,unrelated
53653,unrelated
212044,agreed
20544,unrelated
199598,unrelated
275231,unrelated
249789,agreed
256294,agreed
90180,unrelated
235487,unrelated
100995,unrelated
191388,agreed
249325,unrelated
320055,unrelated
274011,unrelated
200747,unrelated
219827,unrelated
215847,unrelated
230307,unrelated
264274,unrelated
198362,unrelated
239593,agreed
68417,agreed
11790,agreed
181991,unrelated
318616,unrelated
108417,unrelated
140586,agreed
114170,unrelated
305718,unrelated
273587,agreed
151402,unrelated
197770,unrelated
297081,unrelated
61312,unrelated
40635,agreed
180173,unrelated
24739,unrelated
308329,unrelated
307320,agreed
87523,agreed
89253,unrelated
309360,unrelated
292414,unrelated
166501,unrelated
132641,unrelated
2550,unrelated
299691,unrelated
149470,agreed
280244,agreed
89209,unrelated
26173,unrelated
167850,unrelated
187573,unrelated
255764,unrelated
106742,unrelated
197951,unrelated
87958,unrelated
117773,unrelated
287664,unrelated
119445,unrelated
21846,agreed
164943,unrelated
47237,unrelated
313690,unrelated
171551,unrelated
84353,unrelated
217576,unrelated
122857,agreed
9374,unrelated
23972,unrelated
246694,unrelated
224589,unrelated
282012,agreed
127456,unrelated
280489,unrelated
178519,unrelated
193650,unrelated
182104,unrelated
286169,unrelated
313456,unrelated
12015,unrelated
318715,agreed
288464,unrelated
259861,unrelated
236777,unrelated
108386,unrelated
272974,unrelated
74059,unrelated
216450,unrelated
213995,unrelated
111894,agreed
270458,unrelated
96851,agreed
262024,agreed
73638,unrelated
64977,agreed
97319,agreed
293421,unrelated
152342,unrelated
101765,unrelated
291105,agreed
33321,unrelated
96888,unrelated
209002,unrelated
10777,unrelated
156654,agreed
19504,agreed
174673,unrelated
309260,unrelated
153104,unrelated
240828,unrelated
31803,unrelated
247073,unrelated
313131,agreed
86220,unrelated
308941,unrelated
278944,unrelated
272861,unrelated
6860,unrelated
144621,unrelated
168516,agreed
174754,unrelated
279724,unrelated
190315,unrelated
247612,unrelated
82138,unrelated
311237,agreed
69698,unrelated
272225,agreed
68442,unrelated
101007,unrelated
62980,unrelated
213113,unrelated
290954,unrelated
172724,unrelated
118990,unrelated
146671,agreed
153087,unrelated
178481,unrelated
240066,unrelated
246619,unrelated
316036,unrelated
258794,unrelated
25952,unrelated
48314,unrelated
307680,unrelated
269199,unrelated
153878,agreed
150682,unrelated
237525,unrelated
213290,disagreed
49430,agreed
77049,agreed
147188,unrelated
82607,unrelated
301404,unrelated
10826,unrelated
130385,agreed
17420,unrelated
212732,unrelated
128414,disagreed
83547,unrelated
67659,agreed
277564,unrelated
96811,agreed
17426,agreed
288260,agreed
270923,agreed
163486,unrelated
298371,unrelated
126646,agreed
40735,agreed
45882,unrelated
215588,agreed
65048,unrelated
253335,agreed
119956,unrelated
19249,unrelated
107317,agreed
317891,agreed
155996,agreed
86179,agreed
6142,unrelated
248004,agreed
304879,unrelated
113743,unrelated
154066,unrelated
282259,unrelated
259503,unrelated
64473,unrelated
122005,unrelated
241857,unrelated
217726,unrelated
301567,unrelated
315874,unrelated
173468,agreed
176939,agreed
152387,unrelated
96580,unrelated
5447,agreed
84921,agreed
160722,agreed
50315,unrelated
217301,agreed
55195,agreed
148629,unrelated
251419,agreed
272229,agreed
319082,unrelated
1836,unrelated
34861,unrelated
187455,unrelated
316214,agreed
202368,unrelated
55819,unrelated
104756,unrelated
292050,unrelated
208700,unrelated
296999,unrelated
166770,unrelated
7864,unrelated
301156,unrelated
291018,unrelated
50290,unrelated
172708,unrelated
98044,unrelated
127677,agreed
272654,unrelated
222825,agreed
187998,unrelated
216075,agreed
220576,agreed
115097,agreed
255763,agreed
183792,agreed
70805,agreed
215893,unrelated
61559,unrelated
36324,unrelated
318525,unrelated
295072,unrelated
88577,unrelated
39849,unrelated
305589,unrelated
223596,disagreed
13245,unrelated
34846,unrelated
248082,unrelated
44680,unrelated
307540,agreed
204904,agreed
244875,agreed
120668,agreed
38726,unrelated
21928,agreed
124876,unrelated
276145,unrelated
87886,unrelated
51921,unrelated
264885,unrelated
171735,unrelated
297480,unrelated
183679,unrelated
34714,unrelated
111454,unrelated
267521,agreed
191676,unrelated
187543,agreed
301715,unrelated
66002,agreed
152944,unrelated
285067,unrelated
268401,unrelated
18645,unrelated
69376,unrelated
194188,agreed
205888,agreed
245802,agreed
298966,unrelated
165570,unrelated
178943,agreed
84560,unrelated
154600,unrelated
228982,unrelated
288012,unrelated
232842,unrelated
70979,unrelated
318998,agreed
137733,unrelated
51690,unrelated
28616,unrelated
204983,agreed
179276,agreed
156564,agreed
282781,unrelated
298638,unrelated
221878,agreed
193898,agreed
107932,unrelated
85262,agreed
98934,unrelated
231768,unrelated
251438,unrelated
105680,unrelated
95512,agreed
5199,agreed
122923,unrelated
206361,unrelated
6273,agreed
201875,agreed
224437,unrelated
206619,agreed
128711,agreed
308085,unrelated
86488,unrelated
53798,unrelated
83403,unrelated
137743,unrelated
197189,unrelated
173050,unrelated
296037,unrelated
270910,agreed
143194,unrelated
161211,unrelated
148836,agreed
240212,unrelated
271206,unrelated
120802,unrelated
93797,unrelated
105392,unrelated
121222,unrelated
295311,unrelated
166958,unrelated
54543,agreed
315618,agreed
275226,unrelated
250226,unrelated
314291,unrelated
318912,unrelated
132129,unrelated
288046,unrelated
111301,unrelated
263673,unrelated
302666,agreed
59504,unrelated
160115,unrelated
291381,unrelated
315984,unrelated
208394,unrelated
84845,unrelated
142473,agreed
69587,unrelated
250657,unrelated
278858,unrelated
39517,unrelated
156386,unrelated
97079,unrelated
44776,unrelated
6620,unrelated
68209,unrelated
106950,unrelated
220380,unrelated
150668,unrelated
146380,unrelated
248906,agreed
22743,agreed
4886,unrelated
21331,unrelated
247271,unrelated
228991,unrelated
107547,agreed
148818,unrelated
71456,unrelated
135045,unrelated
131854,agreed
152921,agreed
91855,agreed
180634,unrelated
46552,unrelated
116514,agreed
108779,unrelated
253442,unrelated
226124,unrelated
315254,unrelated
186305,unrelated
189710,unrelated
13739,unrelated
97514,agreed
35526,agreed
237499,unrelated
260,unrelated
197597,agreed
23045,unrelated
165033,unrelated
125138,unrelated
59623,unrelated
267187,unrelated
271375,unrelated
238585,unrelated
132818,agreed
309485,unrelated
251346,unrelated
41981,unrelated
243375,agreed
142604,unrelated
219228,unrelated
213607,unrelated
299096,unrelated
242339,unrelated
255889,unrelated
300506,unrelated
29753,disagreed
179145,unrelated
127502,unrelated
128977,agreed
61320,agreed
8146,agreed
61412,unrelated
186449,unrelated
254806,unrelated
88108,agreed
206888,unrelated
232339,unrelated
33914,unrelated
106832,unrelated
236989,unrelated
170722,unrelated
252796,unrelated
98290,unrelated
292174,agreed
316602,agreed
56654,agreed
112485,agreed
202759,unrelated
35985,agreed
232820,unrelated
239008,unrelated
31095,unrelated
216241,agreed
87392,unrelated
14892,agreed
315589,unrelated
43244,unrelated
150825,agreed
308578,unrelated
204091,unrelated
224579,agreed
245597,agreed
60381,unrelated
35237,unrelated
263728,unrelated
253970,unrelated
140869,unrelated
159594,unrelated
157939,unrelated
209400,agreed
185872,agreed
231160,unrelated
227769,agreed
29716,unrelated
294577,unrelated
10192,unrelated
197065,unrelated
104828,agreed
292926,unrelated
89726,agreed
269031,agreed
140205,unrelated
2471,agreed
107060,unrelated
235968,agreed
91299,unrelated
51352,disagreed
107525,unrelated
302487,unrelated
63860,unrelated
126642,unrelated
282333,unrelated
119605,unrelated
60411,unrelated
23927,unrelated
230852,unrelated
251312,unrelated
313287,unrelated
294526,unrelated
287417,unrelated
112517,unrelated
229825,unrelated
169150,agreed
164839,agreed
97160,unrelated
62069,unrelated
197374,agreed
69981,agreed
20636,agreed
140895,agreed
293736,unrelated
274820,unrelated
291029,agreed
282476,unrelated
227803,unrelated
39271,unrelated
45918,unrelated
266091,agreed
121634,unrelated
173372,agreed
243196,unrelated
138146,unrelated
5517,agreed
222729,unrelated
1438,agreed
76751,unrelated
240203,unrelated
52231,unrelated
119385,agreed
71451,unrelated
208611,agreed
82767,unrelated
235059,unrelated
278081,unrelated
50676,unrelated
282031,agreed
178714,unrelated
5953,unrelated
176729,agreed
146782,unrelated
298706,unrelated
99328,unrelated
78704,unrelated
262257,disagreed
316908,unrelated
247786,unrelated
210224,agreed
303848,unrelated
212474,agreed
284360,unrelated
306447,unrelated
76278,unrelated
116639,agreed
317386,unrelated
263629,unrelated
173352,unrelated
60984,unrelated
309089,unrelated
294361,disagreed
258524,agreed
287686,unrelated
14063,unrelated
170093,unrelated
228472,unrelated
238825,agreed
59289,agreed
239735,unrelated
119242,unrelated
302530,unrelated
316767,unrelated
64436,unrelated
260840,unrelated
85129,unrelated
135885,unrelated
236425,unrelated
185532,unrelated
37970,agreed
261315,agreed
105059,unrelated
107160,agreed
152,unrelated
307221,unrelated
192400,agreed
204286,unrelated
80458,unrelated
127656,agreed
42241,agreed
286889,unrelated
7255,unrelated
5294,unrelated
172443,unrelated
5974,unrelated
215392,unrelated
100861,unrelated
219961,agreed
281618,unrelated
213501,disagreed
171068,unrelated
126354,unrelated
300101,unrelated
115931,agreed
2427,agreed
196192,agreed
274212,unrelated
207376,unrelated
211261,unrelated
40294,unrelated
115375,unrelated
55175,unrelated
241840,agreed
136486,unrelated
257484,agreed
308989,unrelated
66525,agreed
301253,unrelated
16572,unrelated
34880,unrelated
320220,unrelated
183943,unrelated
192923,agreed
222113,unrelated
61213,unrelated
238364,agreed
73643,agreed
101898,agreed
2400,unrelated
152038,unrelated
85762,unrelated
121586,unrelated
86336,agreed
229143,unrelated
237089,unrelated
290584,unrelated
100213,unrelated
300810,agreed
187702,unrelated
83406,unrelated
94940,unrelated
36537,unrelated
279187,agreed
211911,unrelated
216480,unrelated
118244,unrelated
162244,unrelated
298169,agreed
52365,unrelated
253182,unrelated
201116,unrelated
233813,unrelated
315157,unrelated
69723,unrelated
203270,agreed
246142,unrelated
131243,unrelated
151666,unrelated
192599,unrelated
109823,unrelated
257832,unrelated
15382,agreed
264992,unrelated
57519,unrelated
125084,unrelated
96138,unrelated
188104,unrelated
164502,unrelated
245211,unrelated
209707,agreed
104852,unrelated
302468,agreed
20481,unrelated
163854,unrelated
209342,unrelated
247107,unrelated
290271,unrelated
206890,unrelated
34551,agreed
169865,unrelated
108356,unrelated
308018,unrelated
2907,agreed
188691,unrelated
209706,agreed
200369,agreed
18180,unrelated
137652,agreed
249839,unrelated
133672,unrelated
47443,unrelated
8942,agreed
70906,unrelated
102868,unrelated
107045,agreed
271561,unrelated
175548,unrelated
44440,agreed
63087,unrelated
274576,agreed
285353,unrelated
239547,unrelated
223989,unrelated
100295,unrelated
182694,unrelated
97733,unrelated
78044,unrelated
240583,unrelated
304842,unrelated
184987,agreed
134226,unrelated
103232,unrelated
217868,unrelated
72553,unrelated
144580,unrelated
113029,agreed
17432,disagreed
248665,unrelated
1935,unrelated
182313,unrelated
313857,agreed
292661,unrelated
54747,unrelated
15096,unrelated
30506,unrelated
248945,unrelated
301672,unrelated
280508,unrelated
135135,agreed
185160,unrelated
72620,unrelated
100590,unrelated
155729,unrelated
36456,unrelated
286758,unrelated
241928,unrelated
139761,unrelated
249877,unrelated
226342,agreed
16974,agreed
264096,unrelated
320129,unrelated
70541,agreed
253178,unrelated
78738,unrelated
262138,agreed
274326,unrelated
49802,agreed
77455,unrelated
312744,unrelated
117054,unrelated
223827,unrelated
144638,agreed
44532,unrelated
161154,unrelated
222625,unrelated
224096,unrelated
119201,unrelated
274976,unrelated
53188,unrelated
233765,unrelated
279326,unrelated
41236,unrelated
68416,agreed
282613,agreed
257248,unrelated
49421,agreed
228603,unrelated
222371,unrelated
150652,unrelated
3941,unrelated
220025,unrelated
98837,unrelated
102764,unrelated
40520,unrelated
28211,unrelated
13322,unrelated
177611,unrelated
18907,unrelated
49862,unrelated
158634,unrelated
244754,unrelated
308405,unrelated
205978,agreed
304456,agreed
4069,unrelated
24893,unrelated
74495,agreed
86276,unrelated
243074,unrelated
241227,unrelated
21409,unrelated
179492,unrelated
258858,agreed
30163,unrelated
275479,unrelated
311125,unrelated
30794,unrelated
152951,unrelated
216570,unrelated
6841,agreed
65770,unrelated
235903,unrelated
304216,agreed
79239,unrelated
105607,unrelated
207484,unrelated
190101,unrelated
43760,agreed
3482,unrelated
43796,agreed
109692,unrelated
57887,agreed
265720,unrelated
25850,unrelated
70459,unrelated
70153,unrelated
62142,unrelated
20598,unrelated
259044,agreed
254632,unrelated
100152,unrelated
317494,agreed
310303,unrelated
193953,unrelated
44840,unrelated
60434,unrelated
318736,unrelated
68740,unrelated
93175,unrelated
268536,unrelated
156295,agreed
282331,unrelated
70465,agreed
321064,unrelated
294042,unrelated
272754,unrelated
149717,unrelated
185007,unrelated
258285,unrelated
32400,unrelated
26233,unrelated
237697,unrelated
106219,unrelated
146721,unrelated
291999,agreed
244919,agreed
209626,unrelated
120445,unrelated
178345,unrelated
186806,agreed
68203,unrelated
304626,agreed
182972,unrelated
29432,unrelated
58626,unrelated
99921,unrelated
270253,agreed
160525,agreed
189677,unrelated
220457,unrelated
40795,unrelated
204670,unrelated
126807,agreed
177431,unrelated
266923,unrelated
287441,unrelated
38005,unrelated
315546,agreed
106774,unrelated
220415,unrelated
154014,unrelated
121202,agreed
269158,unrelated
5244,unrelated
132735,unrelated
131585,unrelated
141196,unrelated
130046,unrelated
202298,unrelated
237530,unrelated
207239,unrelated
111720,unrelated
2055,unrelated
4280,unrelated
26946,unrelated
197246,unrelated
31423,unrelated
110467,unrelated
262595,unrelated
307916,unrelated
34448,agreed
94534,unrelated
231511,unrelated
289391,agreed
313024,unrelated
239056,unrelated
259635,agreed
302615,unrelated
106025,unrelated
105386,unrelated
202906,agreed
15688,agreed
17197,unrelated
122170,unrelated
195664,unrelated
201933,agreed
106447,unrelated
232473,agreed
222640,agreed
151735,unrelated
261107,disagreed
131029,unrelated
290782,unrelated
94371,unrelated
259369,unrelated
64456,unrelated
101291,disagreed
141316,agreed
62791,unrelated
156051,unrelated
17822,unrelated
292918,unrelated
52159,unrelated
265404,unrelated
276278,agreed
97293,unrelated
3804,unrelated
282430,unrelated
316529,unrelated
296866,unrelated
258729,agreed
320322,unrelated
202055,unrelated
227936,unrelated
3084,unrelated
173501,agreed
689,unrelated
3092,unrelated
57393,unrelated
76517,agreed
206259,agreed
191952,unrelated
194580,agreed
101597,unrelated
220181,unrelated
282479,unrelated
243900,agreed
98153,unrelated
73696,unrelated
27900,unrelated
103056,unrelated
137488,unrelated
119257,unrelated
66943,unrelated
265897,unrelated
213248,agreed
47124,unrelated
283996,unrelated
19782,unrelated
87847,unrelated
66247,unrelated
325,unrelated
207325,agreed
130669,unrelated
218197,agreed
90832,agreed
220372,unrelated
176249,unrelated
13588,unrelated
275260,unrelated
192038,unrelated
52452,unrelated
97031,unrelated
163109,agreed
32345,unrelated
263052,unrelated
62608,agreed
256228,agreed
262400,unrelated
281475,agreed
295133,unrelated
181349,agreed
173096,unrelated
53029,unrelated
215774,unrelated
212121,unrelated
111699,unrelated
57570,agreed
79180,unrelated
79345,unrelated
248152,unrelated
200854,unrelated
112451,unrelated
127217,unrelated
171590,unrelated
266711,agreed
300397,agreed
282482,unrelated
85224,unrelated
160668,unrelated
292245,unrelated
126522,unrelated
47538,unrelated
272920,unrelated
257998,unrelated
222158,unrelated
199435,unrelated
97743,unrelated
48246,unrelated
244331,unrelated
216608,unrelated
9630,unrelated
298016,unrelated
179087,unrelated
306122,unrelated
193778,agreed
267782,unrelated
35103,agreed
15443,agreed
179624,unrelated
260522,unrelated
270427,unrelated
128045,unrelated
291248,unrelated
148335,unrelated
10345,unrelated
189543,unrelated
87140,unrelated
63871,unrelated
106477,agreed
6492,unrelated
285610,unrelated
86094,unrelated
197768,unrelated
296099,unrelated
107894,unrelated
181229,unrelated
169976,unrelated
263939,agreed
258039,agreed
42584,agreed
152135,unrelated
166007,agreed
165389,unrelated
271059,unrelated
209607,unrelated
229880,unrelated
202233,unrelated
262068,unrelated
217323,unrelated
155085,unrelated
184870,unrelated
188974,unrelated
31586,unrelated
53787,unrelated
85825,unrelated
195593,unrelated
60327,agreed
319170,unrelated
182402,unrelated
136830,unrelated
56474,unrelated
252492,agreed
190490,unrelated
81654,unrelated
42600,unrelated
111149,agreed
198367,unrelated
51332,unrelated
105761,unrelated
238591,unrelated
17942,unrelated
300533,unrelated
260905,agreed
141856,agreed
56691,unrelated
286114,agreed
39957,unrelated
212348,agreed
277077,unrelated
216440,unrelated
161413,agreed
203191,agreed
242118,agreed
98776,agreed
147326,agreed
108747,agreed
223712,unrelated
205531,agreed
22306,unrelated
288522,unrelated
163006,unrelated
202528,unrelated
135576,agreed
7716,unrelated
283423,agreed
210209,unrelated
298070,unrelated
43076,unrelated
193700,unrelated
164952,unrelated
88157,agreed
17029,unrelated
307968,unrelated
161083,unrelated
305065,agreed
31666,agreed
286154,unrelated
200099,unrelated
240776,unrelated
121639,unrelated
89758,agreed
50386,unrelated
56384,unrelated
210550,agreed
295766,unrelated
31452,unrelated
119585,agreed
15278,agreed
228225,unrelated
111478,unrelated
293200,unrelated
34092,unrelated
36642,unrelated
261306,agreed
87247,agreed
243858,unrelated
227262,unrelated
267116,unrelated
249639,unrelated
43774,agreed
261374,unrelated
36702,unrelated
77205,unrelated
121767,agreed
279040,unrelated
144855,unrelated
85544,unrelated
148809,agreed
241542,unrelated
99381,unrelated
247748,unrelated
104583,unrelated
292581,unrelated
34492,unrelated
61895,unrelated
170208,unrelated
296692,unrelated
257822,unrelated
109816,unrelated
5284,unrelated
29671,unrelated
200116,unrelated
38236,unrelated
250092,unrelated
66011,agreed
307480,unrelated
61471,unrelated
180710,unrelated
97307,agreed
78365,agreed
54447,unrelated
257347,unrelated
163740,unrelated
147409,agreed
9295,unrelated
161100,unrelated
125268,unrelated
215494,unrelated
197700,unrelated
210187,unrelated
277178,agreed
255747,unrelated
87513,unrelated
59747,agreed
254688,agreed
242773,unrelated
219754,unrelated
166950,unrelated
297955,unrelated
231885,unrelated
237700,unrelated
183643,agreed
2608,unrelated
198745,unrelated
91135,unrelated
300614,unrelated
15280,agreed
27563,unrelated
154269,unrelated
266004,unrelated
127869,unrelated
53717,unrelated
258635,agreed
71788,unrelated
303093,unrelated
284116,unrelated
174368,unrelated
228025,agreed
318991,agreed
185337,unrelated
184194,unrelated
295592,unrelated
254312,agreed
318828,agreed
215876,unrelated
44278,unrelated
311162,unrelated
78618,unrelated
186751,unrelated
207571,agreed
194471,unrelated
126684,unrelated
10925,unrelated
310546,agreed
2620,unrelated
107875,unrelated
275980,agreed
26071,unrelated
177917,agreed
37276,agreed
134212,unrelated
153018,agreed
139265,agreed
183437,unrelated
200430,unrelated
249092,unrelated
289573,agreed
58057,unrelated
71032,agreed
169223,unrelated
308503,agreed
310590,agreed
157185,unrelated
227361,unrelated
111493,unrelated
159492,unrelated
293961,unrelated
225350,unrelated
121889,agreed
227118,agreed
161080,unrelated
140987,agreed
5691,unrelated
317673,unrelated
129701,unrelated
65693,unrelated
82398,unrelated
184925,unrelated
45372,agreed
114908,agreed
170809,unrelated
282739,unrelated
219093,unrelated
170787,unrelated
209119,unrelated
262588,unrelated
78328,agreed
221845,unrelated
10983,unrelated
125197,unrelated
230154,agreed
119281,agreed
253618,unrelated
299650,unrelated
100423,unrelated
317647,agreed
288658,agreed
128507,unrelated
107320,unrelated
224364,agreed
187340,unrelated
124019,unrelated
126273,unrelated
115615,unrelated
148544,unrelated
153517,unrelated
183467,agreed
102239,unrelated
89739,unrelated
110969,unrelated
21165,unrelated
182454,agreed
7444,unrelated
136881,agreed
168162,unrelated
286460,unrelated
78249,agreed
237218,unrelated
200487,unrelated
168211,unrelated
204284,unrelated
137390,unrelated
209714,agreed
143953,unrelated
52854,agreed
201920,agreed
250824,unrelated
96446,agreed
104252,unrelated
36907,agreed
160892,unrelated
34086,unrelated
297250,unrelated
283028,disagreed
33171,unrelated
181104,agreed
252784,unrelated
105397,unrelated
6281,agreed
213665,unrelated
204774,agreed
213038,unrelated
195669,agreed
206068,agreed
125661,unrelated
30787,unrelated
281824,unrelated
30772,unrelated
3013,agreed
117116,unrelated
300099,unrelated
175362,agreed
45619,unrelated
84670,agreed
191903,unrelated
58746,unrelated
53691,unrelated
40972,agreed
316291,unrelated
78565,unrelated
83015,unrelated
51213,unrelated
50774,agreed
134720,unrelated
308220,agreed
13964,unrelated
168285,unrelated
174590,agreed
217451,unrelated
310999,agreed
234846,unrelated
181398,unrelated
292760,unrelated
135630,agreed
201704,unrelated
19807,unrelated
88039,agreed
212905,unrelated
121906,agreed
150522,unrelated
245965,unrelated
210642,unrelated
110488,unrelated
2054,unrelated
86542,agreed
159873,unrelated
18168,unrelated
279213,agreed
242003,unrelated
257548,unrelated
104225,agreed
79219,agreed
64151,unrelated
274428,unrelated
36477,unrelated
207719,unrelated
107829,unrelated
194944,agreed
28860,agreed
134586,agreed
292721,agreed
77039,agreed
160853,unrelated
189108,unrelated
33084,unrelated
55236,unrelated
121504,unrelated
70432,unrelated
105154,unrelated
122440,unrelated
65047,unrelated
212037,agreed
179797,unrelated
241302,unrelated
59252,unrelated
119819,unrelated
47399,unrelated
170186,unrelated
170155,unrelated
133185,unrelated
199735,unrelated
125450,unrelated
231599,unrelated
64971,unrelated
135274,unrelated
147520,unrelated
188264,unrelated
113946,unrelated
194137,unrelated
214853,unrelated
197892,agreed
292183,agreed
159999,unrelated
26279,unrelated
306059,agreed
56457,unrelated
94271,unrelated
299625,agreed
71273,unrelated
151791,unrelated
75884,unrelated
170598,unrelated
124037,unrelated
223000,disagreed
32726,unrelated
277193,agreed
213322,unrelated
12673,unrelated
199002,agreed
48216,unrelated
85818,unrelated
175721,unrelated
315352,unrelated
195571,unrelated
135984,unrelated
144218,agreed
52238,unrelated
17077,unrelated
209374,unrelated
225125,agreed
135373,unrelated
18287,unrelated
254336,agreed
15563,agreed
15882,agreed
246961,unrelated
139583,unrelated
303432,unrelated
254198,unrelated
245078,agreed
88991,unrelated
118700,unrelated
163962,unrelated
148874,unrelated
1501,unrelated
117936,unrelated
392,unrelated
1826,unrelated
307822,unrelated
169452,unrelated
86619,unrelated
100566,agreed
62459,agreed
263612,unrelated
120585,agreed
257859,unrelated
10796,agreed
143854,unrelated
277140,agreed
10763,agreed
216012,unrelated
109681,unrelated
182015,unrelated
199200,unrelated
78891,unrelated
195115,agreed
273328,unrelated
234519,agreed
281388,unrelated
281012,agreed
104445,unrelated
32999,agreed
31806,unrelated
145443,unrelated
48719,unrelated
106953,unrelated
225309,unrelated
209750,unrelated
314465,agreed
269957,unrelated
5624,unrelated
160761,unrelated
227820,unrelated
287414,agreed
129313,unrelated
197580,unrelated
163806,unrelated
318814,unrelated
177560,agreed
22244,unrelated
29894,unrelated
184180,unrelated
267881,agreed
66823,unrelated
265476,unrelated
276624,agreed
162128,agreed
174704,agreed
134731,unrelated
236207,agreed
178740,unrelated
106811,agreed
35530,agreed
188043,agreed
16559,unrelated
240225,unrelated
35941,unrelated
11749,agreed
135783,agreed
296028,unrelated
312647,agreed
50147,agreed
213546,unrelated
205339,agreed
125216,unrelated
84796,agreed
98123,agreed
305663,unrelated
32516,unrelated
315269,agreed
68989,unrelated
255521,agreed
5269,unrelated
140917,unrelated
96772,unrelated
265179,agreed
300646,unrelated
154126,unrelated
1703,agreed
246499,unrelated
56914,unrelated
211846,agreed
117393,unrelated
123353,unrelated
296308,unrelated
266332,unrelated
209181,agreed
235193,unrelated
21734,unrelated
289072,unrelated
262841,unrelated
291676,unrelated
292477,agreed
17788,agreed
265064,agreed
61543,unrelated
206368,unrelated
173879,unrelated
174073,agreed
132389,agreed
303004,unrelated
230776,unrelated
313229,unrelated
250155,unrelated
227756,unrelated
132879,unrelated
128218,unrelated
202342,unrelated
196790,unrelated
50531,unrelated
16591,unrelated
181505,unrelated
76099,unrelated
38787,unrelated
60406,unrelated
236238,unrelated
228713,unrelated
66667,unrelated
273599,disagreed
121582,unrelated
122112,unrelated
38056,unrelated
164667,agreed
188284,unrelated
240998,unrelated
94333,unrelated
303689,unrelated
125323,unrelated
96224,unrelated
132944,unrelated
123577,agreed
230854,unrelated
93333,unrelated
166485,agreed
168371,unrelated
85275,unrelated
216853,unrelated
132568,agreed
252928,unrelated
17531,unrelated
118869,unrelated
24904,unrelated
99444,unrelated
125143,unrelated
254683,unrelated
105072,agreed
201594,unrelated
161066,unrelated
24411,agreed
131403,agreed
67873,unrelated
271412,unrelated
76794,unrelated
116354,unrelated
28048,agreed
121070,unrelated
84540,agreed
37843,unrelated
278828,unrelated
28011,agreed
308636,agreed
119104,unrelated
148552,unrelated
121128,agreed
205423,unrelated
316389,unrelated
28098,agreed
242875,unrelated
267030,unrelated
117368,unrelated
245553,unrelated
50677,unrelated
29297,unrelated
118007,agreed
255821,agreed
191411,unrelated
74574,unrelated
54811,agreed
274437,unrelated
295252,unrelated
129164,agreed
34813,unrelated
96561,agreed
206972,unrelated
129250,disagreed
17765,unrelated
92212,unrelated
251206,agreed
129301,unrelated
227289,unrelated
294558,unrelated
203721,agreed
318652,unrelated
218761,unrelated
179754,unrelated
257206,unrelated
88523,agreed
233507,unrelated
173359,unrelated
112246,unrelated
40023,unrelated
214900,unrelated
262380,unrelated
25951,unrelated
178069,unrelated
150400,agreed
162564,unrelated
317592,unrelated
18599,unrelated
107113,agreed
12090,agreed
182433,unrelated
159215,agreed
162562,unrelated
319126,unrelated
39587,unrelated
32501,unrelated
238656,unrelated
276042,unrelated
159890,unrelated
134729,agreed
273726,unrelated
313762,agreed
96575,agreed
296390,unrelated
128071,unrelated
241805,agreed
117832,unrelated
299219,unrelated
241586,unrelated
282243,unrelated
55707,agreed
131602,unrelated
94002,unrelated
175792,unrelated
26311,unrelated
310216,agreed
188726,agreed
147955,agreed
19447,unrelated
319473,unrelated
32384,unrelated
282212,unrelated
89410,unrelated
293391,unrelated
64527,unrelated
307656,unrelated
220009,unrelated
23204,unrelated
203289,agreed
304978,unrelated
172108,unrelated
51172,unrelated
223488,disagreed
169334,agreed
87649,unrelated
275340,unrelated
101792,unrelated
84864,unrelated
124502,unrelated
262317,unrelated
166862,unrelated
240004,agreed
24535,unrelated
9694,unrelated
94865,unrelated
216552,unrelated
69184,unrelated
243824,unrelated
4624,unrelated
279089,agreed
266322,agreed
119182,agreed
147981,unrelated
133543,unrelated
100865,unrelated
200248,unrelated
52775,unrelated
272684,agreed
297757,unrelated
280135,unrelated
163460,unrelated
250917,agreed
7604,unrelated
276461,agreed
18985,unrelated
49024,unrelated
149909,unrelated
65658,agreed
216118,agreed
24157,unrelated
192703,unrelated
183327,unrelated
297458,unrelated
122956,unrelated
64529,unrelated
113216,unrelated
1576,unrelated
100753,unrelated
269829,agreed
30590,unrelated
156878,agreed
189481,unrelated
250354,unrelated
228301,unrelated
127927,unrelated
166091,agreed
132622,agreed
224978,unrelated
292261,unrelated
84574,unrelated
75822,unrelated
254001,unrelated
27196,unrelated
60494,agreed
154492,unrelated
80618,unrelated
287592,unrelated
192095,agreed
296121,agreed
117475,unrelated
52099,unrelated
125165,unrelated
180612,unrelated
5267,unrelated
112580,unrelated
233906,unrelated
103153,unrelated
109948,unrelated
25871,agreed
135264,unrelated
288944,unrelated
108193,agreed
273827,unrelated
77250,unrelated
165564,unrelated
82515,unrelated
204095,unrelated
236657,unrelated
80297,agreed
300212,unrelated
318071,agreed
259659,agreed
15124,agreed
225758,unrelated
151424,unrelated
312755,agreed
127885,unrelated
65177,agreed
130976,unrelated
11821,agreed
60198,unrelated
150959,agreed
113913,agreed
162018,unrelated
255671,unrelated
128431,disagreed
295644,unrelated
56527,unrelated
215167,unrelated
217112,unrelated
251615,unrelated
153613,agreed
274089,unrelated
228405,agreed
95353,unrelated
258284,unrelated
161557,agreed
203632,agreed
171743,unrelated
4509,unrelated
150030,unrelated
41303,agreed
63248,unrelated
61926,unrelated
228787,unrelated
262146,agreed
37481,unrelated
6659,unrelated
146417,unrelated
119571,unrelated
54075,agreed
16762,unrelated
63167,unrelated
94366,unrelated
315797,unrelated
256781,agreed
271447,unrelated
9469,agreed
280022,unrelated
22120,unrelated
299250,unrelated
62686,unrelated
263830,unrelated
173992,agreed
61230,unrelated
216606,unrelated
151109,unrelated
219148,agreed
238034,agreed
139742,unrelated
274798,agreed
223212,disagreed
150081,agreed
79138,unrelated
98510,agreed
215308,unrelated
297542,unrelated
134685,unrelated
170803,unrelated
120199,unrelated
233253,unrelated
648,agreed
256898,agreed
132405,agreed
5312,unrelated
135149,agreed
146170,unrelated
272331,unrelated
301945,agreed
15919,agreed
204083,unrelated
155631,unrelated
41222,unrelated
248651,unrelated
91739,unrelated
44937,agreed
293305,unrelated
238072,agreed
198039,agreed
230406,unrelated
179500,unrelated
82589,unrelated
76113,unrelated
230021,agreed
313570,agreed
250325,unrelated
24272,unrelated
161054,unrelated
13486,unrelated
901,agreed
65,unrelated
141465,unrelated
320505,unrelated
86222,unrelated
177026,unrelated
81536,unrelated
288113,unrelated
82540,unrelated
155032,unrelated
264649,unrelated
191710,unrelated
166095,agreed
757,agreed
280619,unrelated
66607,unrelated
31201,unrelated
91111,unrelated
210525,unrelated
241486,unrelated
179184,agreed
70547,agreed
131060,unrelated
300076,unrelated
188384,agreed
290923,unrelated
318589,unrelated
86448,unrelated
53678,unrelated
221449,agreed
115400,unrelated
135807,unrelated
5236,unrelated
229574,unrelated
25236,agreed
111294,unrelated
264014,unrelated
75665,agreed
257661,unrelated
150291,unrelated
307942,unrelated
184816,agreed
193256,unrelated
104009,agreed
153994,agreed
47055,unrelated
3897,unrelated
65732,unrelated
247179,unrelated
131775,agreed
262442,unrelated
33527,unrelated
295290,unrelated
159804,agreed
261274,agreed
263786,unrelated
206425,unrelated
112832,agreed
196984,unrelated
210384,agreed
41607,agreed
315831,unrelated
237126,agreed
243747,agreed
102835,unrelated
213325,disagreed
247744,unrelated
115331,unrelated
132286,unrelated
289995,unrelated
22552,unrelated
8335,unrelated
24085,unrelated
136257,unrelated
41763,agreed
29921,unrelated
120207,unrelated
232459,unrelated
152146,agreed
171163,unrelated
300377,agreed
83405,unrelated
62308,unrelated
7754,unrelated
84463,unrelated
288736,unrelated
207636,unrelated
234619,unrelated
60732,unrelated
247062,unrelated
77160,unrelated
128831,unrelated
244265,unrelated
124127,unrelated
82286,unrelated
300411,unrelated
137078,unrelated
138188,unrelated
263522,unrelated
309205,agreed
95050,agreed
225033,unrelated
5884,unrelated
261312,agreed
17534,unrelated
92672,agreed
206746,unrelated
258938,unrelated
165076,unrelated
30187,unrelated
241844,unrelated
60245,unrelated
195707,unrelated
24418,agreed
4928,agreed
131814,agreed
5351,unrelated
312457,unrelated
195014,agreed
227043,agreed
187855,unrelated
111502,unrelated
146858,unrelated
92567,unrelated
48076,agreed
220458,agreed
190189,unrelated
36868,unrelated
71773,unrelated
38045,unrelated
159090,unrelated
154243,unrelated
41833,unrelated
45797,agreed
17947,unrelated
77045,agreed
305814,unrelated
309279,unrelated
59867,agreed
185478,unrelated
310462,unrelated
217392,unrelated
232702,unrelated
225086,unrelated
208158,unrelated
44891,unrelated
59399,unrelated
57480,unrelated
225502,agreed
193946,agreed
49841,unrelated
270964,unrelated
285783,agreed
271636,agreed
71500,unrelated
96518,unrelated
51266,unrelated
302634,unrelated
63777,unrelated
231757,unrelated
51821,unrelated
84060,unrelated
128306,agreed
206806,unrelated
3748,unrelated
220436,unrelated
171647,unrelated
230410,unrelated
87326,agreed
153956,agreed
123840,unrelated
116381,unrelated
261429,unrelated
187918,unrelated
64269,agreed
142098,agreed
77215,unrelated
48805,unrelated
286477,agreed
307448,agreed
233611,unrelated
162752,agreed
206381,unrelated
235642,unrelated
102363,agreed
159794,agreed
263806,unrelated
268968,agreed
239100,unrelated
163568,unrelated
109853,unrelated
202358,agreed
90199,unrelated
299044,unrelated
288259,unrelated
97745,unrelated
254286,agreed
202301,agreed
275012,unrelated
133109,unrelated
227718,agreed
192208,unrelated
180014,agreed
87067,unrelated
135201,unrelated
265328,unrelated
186326,unrelated
131863,unrelated
212230,agreed
159406,agreed
220952,unrelated
83274,agreed
89443,unrelated
145333,unrelated
173282,unrelated
206908,unrelated
308213,agreed
251904,unrelated
288197,agreed
83662,unrelated
73599,unrelated
96505,unrelated
118316,unrelated
74830,unrelated
131999,agreed
198537,unrelated
94093,unrelated
104594,unrelated
308484,unrelated
70275,unrelated
33351,unrelated
199663,unrelated
64240,unrelated
73188,agreed
167761,unrelated
259128,unrelated
10988,unrelated
181175,unrelated
133834,agreed
242916,unrelated
272517,unrelated
302273,unrelated
122273,unrelated
131676,unrelated
203961,unrelated
201393,disagreed
47989,unrelated
199048,agreed
168110,unrelated
8227,agreed
165676,unrelated
26498,unrelated
101428,unrelated
208115,unrelated
173966,agreed
197226,agreed
141829,unrelated
205921,unrelated
220548,unrelated
193238,unrelated
14504,unrelated
91666,unrelated
154415,unrelated
269908,unrelated
205976,agreed
92619,unrelated
304671,unrelated
161217,unrelated
272903,unrelated
182459,unrelated
160725,disagreed
244637,unrelated
114085,unrelated
286500,unrelated
49742,agreed
213535,unrelated
81926,unrelated
90189,agreed
233568,unrelated
315911,unrelated
257394,unrelated
159222,agreed
228929,unrelated
71377,unrelated
238476,agreed
120981,unrelated
138086,unrelated
224891,unrelated
67415,agreed
121094,agreed
9772,agreed
166627,unrelated
246103,unrelated
284667,agreed
152678,agreed
107874,unrelated
318384,unrelated
69944,unrelated
122667,unrelated
249891,unrelated
166867,agreed
269431,unrelated
213510,agreed
183568,agreed
71469,unrelated
138009,unrelated
309704,unrelated
35643,unrelated
144656,agreed
166254,agreed
57226,unrelated
270079,agreed
68954,unrelated
316894,agreed
17882,unrelated
15165,unrelated
206866,disagreed
287170,agreed
131339,agreed
184117,unrelated
115347,unrelated
100198,unrelated
189277,disagreed
282933,unrelated
181975,unrelated
100853,unrelated
144294,agreed
170888,unrelated
121528,unrelated
18671,unrelated
318737,unrelated
122745,unrelated
99302,unrelated
202508,agreed
39208,unrelated
139151,unrelated
90435,unrelated
126852,unrelated
316532,unrelated
214804,unrelated
18546,agreed
185082,unrelated
113397,unrelated
91014,agreed
207075,agreed
105078,unrelated
135898,unrelated
60132,unrelated
309967,agreed
211722,unrelated
137830,unrelated
34039,agreed
20654,unrelated
26079,unrelated
284279,unrelated
57177,unrelated
200406,unrelated
30111,agreed
85518,agreed
212656,agreed
87251,agreed
191195,agreed
147857,unrelated
150210,agreed
29828,unrelated
105400,unrelated
36341,agreed
201549,agreed
116922,agreed
20296,unrelated
44396,unrelated
23660,unrelated
282034,agreed
38384,unrelated
30867,unrelated
130462,agreed
95638,unrelated
46116,unrelated
44232,unrelated
49702,agreed
302869,unrelated
16113,unrelated
211912,unrelated
214967,disagreed
156374,agreed
144352,unrelated
77726,agreed
233509,unrelated
187574,agreed
154223,unrelated
244332,unrelated
278330,unrelated
264984,unrelated
257770,unrelated
171118,agreed
294077,unrelated
173059,unrelated
172811,unrelated
83200,unrelated
26505,agreed
184937,unrelated
120931,unrelated
114441,unrelated
176192,unrelated
125573,unrelated
100775,unrelated
201911,unrelated
97215,unrelated
246340,unrelated
183842,unrelated
276223,unrelated
225445,unrelated
262080,unrelated
276653,unrelated
259218,disagreed
206630,unrelated
261183,unrelated
275178,unrelated
204344,unrelated
190699,unrelated
90991,unrelated
74478,unrelated
65043,unrelated
21390,unrelated
81836,agreed
120406,unrelated
164103,unrelated
120586,agreed
35218,unrelated
194056,unrelated
67553,unrelated
106226,unrelated
191669,unrelated
204298,unrelated
222621,unrelated
215460,unrelated
161226,agreed
137401,unrelated
244604,unrelated
141910,agreed
274307,unrelated
104074,unrelated
186382,unrelated
316320,unrelated
11087,unrelated
61625,agreed
144541,disagreed
52645,unrelated
70469,unrelated
184973,unrelated
88151,agreed
37587,unrelated
88787,unrelated
127900,unrelated
320925,agreed
252094,unrelated
35245,unrelated
6786,unrelated
217986,unrelated
219231,unrelated
68790,unrelated
12592,unrelated
276026,unrelated
49269,unrelated
26776,unrelated
96371,unrelated
251545,unrelated
5170,unrelated
204139,unrelated
223929,unrelated
26037,unrelated
40646,agreed
117124,unrelated
73523,unrelated
81543,unrelated
285683,agreed
183196,unrelated
216528,unrelated
236647,agreed
279766,unrelated
19902,unrelated
225505,unrelated
114128,agreed
44703,unrelated
113342,unrelated
87903,unrelated
121479,unrelated
9588,agreed
116446,unrelated
158462,unrelated
175693,unrelated
168957,unrelated
316437,unrelated
62854,agreed
115002,unrelated
37630,unrelated
61359,unrelated
37788,unrelated
26843,unrelated
85998,agreed
318875,unrelated
90925,agreed
89829,unrelated
35728,unrelated
235640,agreed
308967,unrelated
120860,agreed
81305,agreed
270778,unrelated
319460,unrelated
271582,agreed
303515,unrelated
99362,unrelated
116689,agreed
148758,agreed
146846,unrelated
261316,agreed
209332,agreed
261294,unrelated
62729,unrelated
206215,agreed
304136,unrelated
289679,agreed
94607,unrelated
171297,unrelated
110228,unrelated
215621,unrelated
206124,agreed
300189,unrelated
157889,unrelated
205282,agreed
172531,unrelated
27468,unrelated
43127,unrelated
162739,unrelated
135360,unrelated
86988,unrelated
290482,unrelated
130996,agreed
118965,unrelated
115759,agreed
225700,unrelated
31177,agreed
46919,unrelated
5594,unrelated
29634,unrelated
302206,unrelated
264081,unrelated
33991,unrelated
21763,unrelated
50749,unrelated
131601,unrelated
4221,unrelated
167346,unrelated
317018,agreed
63652,unrelated
300391,unrelated
295535,unrelated
32016,unrelated
18694,unrelated
316221,agreed
106744,unrelated
315850,unrelated
200145,agreed
165759,agreed
24844,unrelated
16508,unrelated
222575,unrelated
65773,unrelated
280851,unrelated
191242,unrelated
166148,unrelated
300108,unrelated
214828,agreed
317088,agreed
306154,agreed
1035,unrelated
271139,unrelated
298585,unrelated
183233,unrelated
174134,unrelated
194937,unrelated
111957,agreed
61652,unrelated
274382,unrelated
291170,unrelated
285591,unrelated
281628,unrelated
49234,agreed
232922,unrelated
279775,unrelated
191572,unrelated
274643,agreed
242144,unrelated
57015,unrelated
82891,agreed
182695,unrelated
10348,unrelated
317043,unrelated
110633,unrelated
265614,unrelated
237425,unrelated
90032,unrelated
119068,unrelated
147073,agreed
47927,unrelated
7944,agreed
272172,unrelated
236237,unrelated
3554,agreed
186422,unrelated
171455,agreed
13449,unrelated
181628,unrelated
251516,agreed
86105,unrelated
46608,unrelated
296411,unrelated
36235,unrelated
274922,unrelated
304503,unrelated
21055,unrelated
46975,unrelated
304195,agreed
301654,unrelated
86899,unrelated
12862,unrelated
27752,unrelated
50369,unrelated
107966,agreed
198421,unrelated
249267,unrelated
141857,agreed
80447,unrelated
68517,unrelated
44950,agreed
303219,unrelated
76377,unrelated
83394,agreed
216371,unrelated
196591,unrelated
269551,unrelated
39735,unrelated
5059,unrelated
310844,agreed
142491,agreed
177457,agreed
105480,unrelated
265919,agreed
187537,agreed
60254,unrelated
162832,unrelated
115490,agreed
282812,unrelated
101337,unrelated
12556,agreed
98701,agreed
12371,unrelated
121658,unrelated
149690,unrelated
31544,agreed
296371,unrelated
257033,agreed
196002,unrelated
85246,unrelated
223434,agreed
179118,unrelated
115086,unrelated
40421,unrelated
242496,unrelated
22653,unrelated
253221,unrelated
182100,unrelated
66044,unrelated
52164,unrelated
269452,agreed
301150,unrelated
165843,agreed
177678,agreed
210811,unrelated
287053,unrelated
97043,unrelated
14088,unrelated
294618,unrelated
286177,unrelated
299097,unrelated
79292,unrelated
266105,agreed
209325,agreed
175176,disagreed
95445,unrelated
109321,unrelated
253482,unrelated
310009,unrelated
308504,agreed
182647,unrelated
223567,disagreed
21131,unrelated
29168,unrelated
112606,unrelated
22530,unrelated
120065,unrelated
287910,unrelated
151872,unrelated
4493,unrelated
124604,agreed
241139,unrelated
224578,agreed
213287,disagreed
75319,agreed
111207,agreed
315851,unrelated
94566,unrelated
49657,agreed
9407,unrelated
137545,unrelated
246723,unrelated
92205,unrelated
281257,unrelated
78755,unrelated
147165,agreed
175218,unrelated
10470,unrelated
115715,unrelated
265399,unrelated
69786,unrelated
275384,unrelated
290201,unrelated
206892,unrelated
45495,unrelated
187208,unrelated
36891,unrelated
98398,unrelated
153282,unrelated
135260,unrelated
256971,agreed
233127,unrelated
125964,unrelated
299230,unrelated
140186,unrelated
311239,agreed
317806,unrelated
19258,unrelated
230962,agreed
52529,unrelated
185439,unrelated
286465,unrelated
257045,unrelated
181625,unrelated
288137,agreed
89374,agreed
260016,agreed
99016,unrelated
10694,agreed
306998,unrelated
101645,agreed
185577,unrelated
279103,unrelated
260113,agreed
292036,unrelated
98484,agreed
154168,agreed
258300,unrelated
16258,unrelated
224022,unrelated
19494,agreed
145296,unrelated
87942,unrelated
7563,unrelated
261544,disagreed
241784,agreed
88173,unrelated
245539,agreed
191290,unrelated
45662,agreed
290594,unrelated
251917,agreed
304125,unrelated
263177,unrelated
277645,agreed
117230,unrelated
36766,unrelated
95159,agreed
13158,disagreed
99880,agreed
256352,agreed
252300,agreed
201903,unrelated
31406,agreed
20307,unrelated
68032,unrelated
4246,unrelated
7915,unrelated
155406,agreed
184541,unrelated
5757,agreed
214120,agreed
47230,unrelated
278611,agreed
181040,agreed
282859,unrelated
22474,unrelated
140716,agreed
184127,agreed
123175,agreed
51092,unrelated
171077,unrelated
8470,unrelated
50228,unrelated
183944,unrelated
292095,unrelated
276180,unrelated
184907,unrelated
255957,unrelated
152011,unrelated
291820,unrelated
6327,unrelated
160639,unrelated
141433,unrelated
269440,agreed
21329,unrelated
139754,unrelated
278242,unrelated
320214,unrelated
74125,unrelated
253624,agreed
151977,unrelated
155113,agreed
137018,unrelated
198990,agreed
98648,agreed
72059,unrelated
284372,unrelated
251716,agreed
37680,unrelated
49327,agreed
290942,agreed
85480,unrelated
46127,unrelated
319309,unrelated
201610,unrelated
313374,agreed
258458,unrelated
155541,unrelated
106882,agreed
259705,unrelated
121013,agreed
85150,unrelated
253456,unrelated
171627,unrelated
51288,unrelated
90962,unrelated
58996,unrelated
220281,agreed
99489,unrelated
23430,unrelated
79156,unrelated
191483,unrelated
84059,unrelated
3958,unrelated
53103,unrelated
31961,agreed
57960,unrelated
137616,unrelated
9868,unrelated
190429,unrelated
136195,unrelated
9288,unrelated
255020,agreed
285927,agreed
187088,agreed
119010,unrelated
314622,unrelated
146251,agreed
143905,unrelated
66919,unrelated
70466,agreed
223860,unrelated
226624,unrelated
145789,unrelated
290907,agreed
259587,agreed
138315,unrelated
152097,unrelated
313580,unrelated
144162,unrelated
294039,unrelated
134769,agreed
305777,unrelated
151991,unrelated
216407,unrelated
67963,unrelated
125122,agreed
22808,unrelated
183528,agreed
54700,unrelated
178263,disagreed
160477,agreed
296307,unrelated
303847,unrelated
239475,unrelated
17404,agreed
163394,unrelated
50969,unrelated
78917,agreed
33308,unrelated
96790,unrelated
119513,unrelated
91309,unrelated
45762,agreed
213095,unrelated
54382,unrelated
103899,unrelated
250652,unrelated
124162,unrelated
114601,unrelated
199633,unrelated
55560,unrelated
311496,unrelated
45956,unrelated
279799,unrelated
60994,unrelated
159204,agreed
69553,unrelated
164294,agreed
303570,agreed
268634,unrelated
110777,agreed
28092,unrelated
79763,disagreed
271142,unrelated
168972,unrelated
290880,agreed
114791,unrelated
172493,unrelated
111334,unrelated
97328,unrelated
82612,unrelated
126708,unrelated
51063,unrelated
169122,agreed
110134,unrelated
34072,unrelated
62252,unrelated
60119,unrelated
156501,unrelated
153666,unrelated
220441,unrelated
240226,unrelated
314292,unrelated
77867,unrelated
215909,unrelated
303063,agreed
269817,unrelated
37241,disagreed
24232,unrelated
74521,unrelated
294366,disagreed
61806,unrelated
32341,unrelated
117261,unrelated
204390,unrelated
292431,unrelated
291727,unrelated
304466,agreed
157387,unrelated
187643,unrelated
198437,unrelated
95500,agreed
228920,agreed
296282,unrelated
209756,unrelated
248870,unrelated
199358,unrelated
90546,agreed
251159,agreed
189157,agreed
293898,unrelated
185960,unrelated
178596,agreed
148021,agreed
49720,unrelated
300131,agreed
119738,unrelated
251223,agreed
155180,unrelated
209843,unrelated
170689,unrelated
145702,unrelated
218132,unrelated
104444,unrelated
71446,agreed
211087,unrelated
219001,agreed
263124,agreed
304835,unrelated
262284,disagreed
306228,unrelated
206367,unrelated
69489,unrelated
294601,agreed
207901,agreed
300205,unrelated
272579,unrelated
197736,unrelated
318358,unrelated
1559,unrelated
31465,unrelated
7862,unrelated
294743,unrelated
75035,agreed
320134,agreed
315036,unrelated
294690,disagreed
119926,unrelated
306217,unrelated
65781,unrelated
156108,unrelated
80668,agreed
12354,unrelated
72033,unrelated
22083,unrelated
106550,agreed
8454,unrelated
249507,unrelated
110666,unrelated
68188,unrelated
34700,unrelated
136001,agreed
94099,unrelated
282207,unrelated
85465,unrelated
237160,unrelated
76942,unrelated
243739,agreed
84834,unrelated
133618,unrelated
21660,unrelated
182135,unrelated
166495,unrelated
164156,unrelated
272343,unrelated
303577,unrelated
303220,unrelated
60713,unrelated
123080,unrelated
96243,agreed
89271,unrelated
247266,unrelated
59546,unrelated
310659,unrelated
28121,unrelated
144130,unrelated
233252,unrelated
139356,unrelated
251131,agreed
111272,unrelated
77289,unrelated
63537,unrelated
29929,unrelated
119886,unrelated
65193,agreed
311153,unrelated
130529,agreed
245012,agreed
222744,agreed
278109,unrelated
30287,unrelated
160461,unrelated
47586,unrelated
94293,agreed
225334,unrelated
208241,unrelated
155769,agreed
166773,agreed
174301,agreed
238608,unrelated
313740,unrelated
89304,agreed
257301,unrelated
245848,agreed
120588,unrelated
194715,unrelated
255176,unrelated
270246,agreed
272829,unrelated
212124,unrelated
319628,agreed
23309,unrelated
62205,unrelated
117839,unrelated
233147,unrelated
52971,unrelated
260451,unrelated
292993,unrelated
190943,agreed
213034,unrelated
283439,unrelated
266696,unrelated
118852,unrelated
206054,agreed
155421,unrelated
11225,agreed
35395,unrelated
66189,agreed
67836,agreed
11263,unrelated
12419,unrelated
234038,agreed
172210,unrelated
239089,unrelated
191124,unrelated
237325,unrelated
104810,unrelated
12898,agreed
271556,agreed
43539,unrelated
37721,unrelated
56670,unrelated
36003,unrelated
96148,agreed
237757,unrelated
78463,unrelated
120913,unrelated
106923,agreed
108606,unrelated
83536,agreed
77785,unrelated
255530,unrelated
134065,unrelated
249751,unrelated
278560,unrelated
261088,unrelated
187173,unrelated
209914,agreed
300368,unrelated
237843,agreed
275499,agreed
97988,agreed
88226,agreed
169831,unrelated
226186,agreed
198927,agreed
295314,unrelated
211367,unrelated
1646,agreed
24822,unrelated
248012,agreed
98397,unrelated
157253,unrelated
217208,unrelated
97085,agreed
296923,unrelated
260849,unrelated
140715,unrelated
139666,unrelated
219628,agreed
26273,unrelated
114752,agreed
276955,agreed
199797,unrelated
304199,agreed
242680,unrelated
188833,unrelated
274311,unrelated
156657,agreed
257476,agreed
294963,unrelated
256667,unrelated
221516,agreed
315494,agreed
167501,unrelated
241390,unrelated
299611,agreed
53277,unrelated
4100,unrelated
2904,unrelated
280943,unrelated
105458,unrelated
255720,unrelated
61937,agreed
241596,unrelated
169744,unrelated
308866,agreed
183072,unrelated
145108,unrelated
5073,agreed
249077,unrelated
254146,unrelated
193103,unrelated
98570,agreed
258869,unrelated
300966,unrelated
300288,agreed
224057,unrelated
105505,unrelated
95051,agreed
111398,agreed
142430,unrelated
86669,unrelated
277086,agreed
111485,agreed
283082,unrelated
118579,unrelated
178839,agreed
24524,unrelated
258790,unrelated
307890,unrelated
103401,agreed
205078,unrelated
40953,unrelated
98296,agreed
222709,unrelated
256479,agreed
140189,unrelated
286171,unrelated
274644,unrelated
90873,unrelated
226109,unrelated
200019,unrelated
87141,unrelated
318867,unrelated
16088,disagreed
139983,agreed
76424,unrelated
106294,unrelated
36237,unrelated
301976,unrelated
46682,unrelated
255483,unrelated
134033,unrelated
280505,unrelated
35776,agreed
117022,unrelated
17240,agreed
291716,agreed
58843,unrelated
185741,agreed
142216,agreed
281036,unrelated
211403,unrelated
39539,agreed
167458,agreed
92244,unrelated
241429,unrelated
240282,unrelated
216911,unrelated
23685,unrelated
205142,unrelated
125322,unrelated
224489,unrelated
7849,agreed
221442,agreed
19388,unrelated
256660,unrelated
158944,agreed
172771,unrelated
17512,unrelated
236044,agreed
69962,unrelated
83781,agreed
250691,unrelated
306285,unrelated
184689,agreed
211240,disagreed
178311,unrelated
84990,unrelated
83812,agreed
175330,agreed
104706,unrelated
137697,unrelated
223655,agreed
4960,unrelated
109700,unrelated
167955,unrelated
205526,agreed
153113,unrelated
265923,agreed
77211,unrelated
49066,unrelated
71962,unrelated
247047,unrelated
158303,unrelated
112996,unrelated
141431,unrelated
166,agreed
214869,unrelated
7387,unrelated
95191,agreed
164815,agreed
72324,unrelated
120095,agreed
203536,unrelated
237182,unrelated
189078,unrelated
94720,unrelated
194804,agreed
216268,unrelated
206357,unrelated
265578,agreed
97107,unrelated
127119,unrelated
155715,unrelated
250664,unrelated
262896,unrelated
261668,unrelated
277085,unrelated
91997,unrelated
38117,unrelated
215225,unrelated
280815,unrelated
224026,unrelated
182343,agreed
228756,unrelated
177328,unrelated
272438,unrelated
93548,agreed
2896,unrelated
65378,unrelated
170467,agreed
149667,unrelated
74584,unrelated
268168,unrelated
47411,unrelated
175459,agreed
271219,unrelated
73148,unrelated
238514,unrelated
16290,agreed
161798,agreed
88323,unrelated
119321,unrelated
637,agreed
195106,unrelated
252107,unrelated
57604,unrelated
58365,unrelated
148308,unrelated
105000,unrelated
59752,agreed
33208,unrelated
316293,unrelated
16885,unrelated
132486,agreed
190625,unrelated
73637,agreed
22076,unrelated
212578,agreed
308559,unrelated
79046,unrelated
65575,unrelated
24303,unrelated
255863,unrelated
69215,unrelated
290749,unrelated
93420,unrelated
260375,unrelated
27512,unrelated
110022,unrelated
249272,unrelated
47988,agreed
99022,unrelated
163764,unrelated
16566,unrelated
1759,unrelated
49729,agreed
272967,unrelated
182348,unrelated
123386,agreed
26055,unrelated
121763,agreed
305118,unrelated
38359,unrelated
2961,agreed
221964,unrelated
284318,agreed
132729,unrelated
1110,unrelated
288354,unrelated
314004,unrelated
71434,unrelated
169557,unrelated
29438,unrelated
133920,unrelated
314953,unrelated
134819,agreed
32168,unrelated
153250,unrelated
166070,agreed
16299,unrelated
138904,agreed
56522,unrelated
312105,unrelated
275223,unrelated
139730,unrelated
183336,agreed
54916,unrelated
266892,agreed
171494,unrelated
287408,agreed
115729,agreed
293131,unrelated
286965,unrelated
254032,unrelated
116758,agreed
267671,agreed
224283,agreed
293707,unrelated
90398,unrelated
258979,agreed
15241,agreed
320451,unrelated
128063,unrelated
239269,unrelated
184042,unrelated
168716,agreed
26094,unrelated
204033,agreed
159037,agreed
52455,unrelated
153695,agreed
154767,unrelated
98722,unrelated
91528,unrelated
43233,unrelated
123779,agreed
159190,unrelated
216022,unrelated
143800,unrelated
46594,unrelated
301170,unrelated
175461,unrelated
224585,unrelated
250644,unrelated
254956,agreed
253944,agreed
285449,unrelated
178093,unrelated
204880,agreed
185142,agreed
104206,agreed
207278,unrelated
240622,unrelated
53840,unrelated
127156,unrelated
92894,agreed
80411,agreed
139744,unrelated
134631,unrelated
247343,unrelated
106764,unrelated
74178,unrelated
267162,agreed
95259,unrelated
220226,unrelated
177646,unrelated
219600,unrelated
114866,unrelated
270787,agreed
282654,unrelated
20006,unrelated
193780,agreed
53833,unrelated
82193,unrelated
71141,disagreed
296222,unrelated
276420,unrelated
141019,agreed
284524,unrelated
159385,unrelated
78342,agreed
286601,unrelated
185044,agreed
91552,unrelated
145015,agreed
256917,unrelated
318005,unrelated
270032,unrelated
45001,agreed
276297,agreed
93864,unrelated
127341,unrelated
181164,agreed
69598,unrelated
146023,agreed
260170,unrelated
216942,unrelated
292484,agreed
64673,agreed
312532,disagreed
214928,unrelated
75213,agreed
270128,agreed
173056,unrelated
130475,unrelated
42380,unrelated
282911,agreed
108994,agreed
113056,agreed
268962,unrelated
223125,unrelated
263660,unrelated
232623,unrelated
1858,unrelated
267821,agreed
143170,unrelated
100699,unrelated
146932,agreed
318797,unrelated
129247,disagreed
16652,unrelated
105196,unrelated
238130,agreed
230318,unrelated
146724,agreed
22577,unrelated
183695,agreed
53846,unrelated
38872,unrelated
53461,agreed
225101,unrelated
102242,unrelated
44550,agreed
176234,unrelated
284479,unrelated
263804,unrelated
187568,agreed
304054,agreed
315215,agreed
129436,unrelated
78770,unrelated
159531,unrelated
36320,unrelated
215882,unrelated
126734,unrelated
230204,unrelated
24617,agreed
291902,unrelated
138421,unrelated
117371,unrelated
267246,unrelated
215682,unrelated
116411,agreed
302826,unrelated
188505,unrelated
138211,unrelated
285395,unrelated
143007,unrelated
39656,unrelated
33405,unrelated
288074,agreed
235101,agreed
161449,agreed
273723,unrelated
279459,unrelated
143035,unrelated
54795,unrelated
113073,agreed
319205,agreed
232030,unrelated
71598,unrelated
89373,agreed
136516,agreed
257882,unrelated
136670,unrelated
272454,unrelated
2783,unrelated
314837,agreed
16638,unrelated
222140,unrelated
127369,unrelated
136533,agreed
89863,unrelated
249120,unrelated
228436,unrelated
221029,agreed
55231,unrelated
31926,unrelated
223002,disagreed
166844,unrelated
237164,unrelated
33820,unrelated
165563,unrelated
197659,agreed
53226,unrelated
97388,agreed
36957,agreed
224973,unrelated
210439,agreed
310,unrelated
234879,agreed
5404,unrelated
249658,unrelated
41971,unrelated
305565,unrelated
252438,unrelated
304864,agreed
174698,unrelated
72954,agreed
163911,unrelated
252246,unrelated
216265,unrelated
236300,unrelated
25011,unrelated
274805,agreed
297234,unrelated
105518,agreed
234769,unrelated
148263,unrelated
274915,unrelated
61506,unrelated
17017,agreed
274934,unrelated
6392,unrelated
114999,unrelated
228072,unrelated
162785,agreed
99822,agreed
87488,agreed
292754,unrelated
34696,unrelated
143821,unrelated
37340,unrelated
99088,unrelated
249072,unrelated
111632,unrelated
174347,unrelated
164538,agreed
274142,unrelated
153333,unrelated
45485,unrelated
175440,unrelated
64115,unrelated
12765,unrelated
21283,unrelated
268778,agreed
5455,agreed
97083,unrelated
5515,agreed
272694,agreed
264867,unrelated
232803,unrelated
119621,unrelated
196130,unrelated
112002,unrelated
292995,agreed
63890,unrelated
98236,unrelated
169667,unrelated
230053,agreed
157511,unrelated
293340,unrelated
10223,unrelated
65828,agreed
83282,unrelated
221666,unrelated
226851,unrelated
232460,unrelated
140219,unrelated
76041,unrelated
53248,unrelated
6026,agreed
256055,unrelated
72015,unrelated
298538,unrelated
97468,agreed
135929,unrelated
256803,unrelated
111427,unrelated
101622,unrelated
99800,unrelated
238516,unrelated
92403,unrelated
129151,agreed
59372,unrelated
299555,agreed
29986,unrelated
203764,unrelated
291520,unrelated
261425,disagreed
63053,unrelated
96806,agreed
16458,unrelated
21552,unrelated
247509,unrelated
300561,unrelated
20091,agreed
258445,unrelated
307929,unrelated
99291,unrelated
215028,agreed
313995,unrelated
225424,unrelated
214710,unrelated
216734,unrelated
52375,unrelated
118048,unrelated
195145,agreed
24970,agreed
272742,unrelated
145191,unrelated
52597,unrelated
286189,unrelated
301991,unrelated
268323,agreed
298652,unrelated
298260,unrelated
209800,unrelated
170745,unrelated
292719,agreed
43465,agreed
243349,unrelated
232122,unrelated
40486,unrelated
249351,agreed
244075,agreed
81228,unrelated
91385,agreed
275942,unrelated
92661,agreed
142179,agreed
188014,unrelated
320403,unrelated
171233,unrelated
229427,agreed
246298,agreed
210610,agreed
186618,unrelated
78814,unrelated
251405,unrelated
7131,agreed
131510,unrelated
103788,unrelated
301189,unrelated
105954,unrelated
173076,unrelated
293913,unrelated
252546,unrelated
39427,agreed
228495,unrelated
128482,disagreed
99409,unrelated
188338,unrelated
249517,unrelated
127074,unrelated
107202,unrelated
279342,unrelated
42680,unrelated
76356,unrelated
123543,unrelated
272894,unrelated
12792,unrelated
303786,unrelated
127442,unrelated
40602,agreed
96080,unrelated
19150,unrelated
291120,unrelated
191634,unrelated
166013,unrelated
204736,agreed
230823,unrelated
29403,unrelated
243417,agreed
129804,agreed
226534,unrelated
265208,unrelated
213255,agreed
127988,unrelated
18213,unrelated
301321,unrelated
249044,unrelated
307137,unrelated
280919,agreed
138677,unrelated
103754,unrelated
277534,unrelated
62680,unrelated
186333,unrelated
310123,agreed
297053,unrelated
293055,unrelated
234062,unrelated
4751,agreed
95116,unrelated
216095,agreed
205551,unrelated
92193,agreed
289164,unrelated
43522,agreed
92469,agreed
87623,agreed
290648,unrelated
195821,unrelated
100214,unrelated
99359,unrelated
298394,unrelated
3264,unrelated
118119,unrelated
293425,unrelated
187459,unrelated
264132,unrelated
81136,unrelated
127538,unrelated
313559,unrelated
287069,agreed
297370,unrelated
287250,unrelated
189017,agreed
235948,unrelated
114725,unrelated
317675,agreed
170795,unrelated
99573,unrelated
320244,unrelated
214859,unrelated
168404,unrelated
159254,agreed
9795,unrelated
60629,unrelated
112202,agreed
110878,unrelated
45025,unrelated
64345,agreed
32658,unrelated
56464,unrelated
152966,unrelated
215211,unrelated
315677,unrelated
304882,unrelated
28611,unrelated
4066,unrelated
179048,unrelated
278290,unrelated
250187,unrelated
109089,unrelated
313184,unrelated
93329,unrelated
71562,unrelated
70712,unrelated
256977,unrelated
111362,unrelated
252813,unrelated
178415,unrelated
177494,agreed
113063,agreed
43406,unrelated
154586,agreed
83211,unrelated
308792,unrelated
11742,agreed
61313,unrelated
267074,agreed
73073,agreed
40150,agreed
168940,unrelated
214839,unrelated
143158,unrelated
18739,agreed
12122,unrelated
20222,agreed
189564,unrelated
59140,unrelated
82454,unrelated
44244,unrelated
253986,unrelated
64992,disagreed
23516,unrelated
153976,unrelated
170955,unrelated
279224,unrelated
159993,disagreed
252174,unrelated
78048,unrelated
67211,agreed
266882,agreed
299951,unrelated
312600,unrelated
201104,unrelated
57514,unrelated
145408,unrelated
85872,unrelated
201644,unrelated
26070,unrelated
316515,unrelated
304960,unrelated
54057,unrelated
250533,unrelated
8666,unrelated
92500,unrelated
99932,unrelated
95193,agreed
132301,unrelated
160506,unrelated
9443,unrelated
190143,unrelated
155122,agreed
265195,agreed
262686,agreed
320342,agreed
203591,unrelated
85192,agreed
29807,unrelated
174016,unrelated
292058,unrelated
228170,unrelated
316450,agreed
27943,unrelated
69089,agreed
101122,agreed
22780,unrelated
197489,unrelated
255946,unrelated
92762,unrelated
278367,unrelated
258703,unrelated
184368,unrelated
60843,unrelated
155965,agreed
68465,unrelated
29145,unrelated
292647,unrelated
312911,agreed
101958,unrelated
306207,unrelated
130041,unrelated
122612,unrelated
36381,unrelated
296412,unrelated
8177,agreed
70425,unrelated
99849,unrelated
317963,unrelated
189875,agreed
158207,unrelated
273336,unrelated
237273,unrelated
134321,unrelated
256221,unrelated
163664,unrelated
59397,unrelated
21420,unrelated
73158,unrelated
81849,unrelated
178055,unrelated
82705,unrelated
290190,unrelated
103047,unrelated
318571,unrelated
134134,unrelated
35060,unrelated
280712,unrelated
221627,unrelated
24028,unrelated
320811,unrelated
136445,unrelated
72557,unrelated
35627,agreed
24097,unrelated
1234,unrelated
184415,unrelated
85177,unrelated
163210,unrelated
246237,agreed
92363,agreed
318868,unrelated
185202,unrelated
234604,agreed
262912,unrelated
122951,agreed
126509,unrelated
221649,unrelated
166774,unrelated
123315,unrelated
7501,unrelated
141395,agreed
136171,unrelated
233154,unrelated
40103,agreed
256262,unrelated
233859,unrelated
183176,unrelated
178001,agreed
40233,unrelated
310602,unrelated
20241,unrelated
228116,unrelated
317083,agreed
235925,unrelated
87271,agreed
157372,unrelated
117447,unrelated
316486,unrelated
261578,disagreed
253544,unrelated
207338,unrelated
112435,unrelated
223623,agreed
283604,unrelated
9739,unrelated
39961,unrelated
190613,unrelated
129729,unrelated
203230,agreed
257178,agreed
147531,unrelated
43904,agreed
126023,agreed
114393,unrelated
67427,disagreed
135054,unrelated
66031,unrelated
175069,unrelated
131007,unrelated
57009,agreed
269549,unrelated
30790,unrelated
206283,agreed
51794,agreed
94066,unrelated
236691,unrelated
13412,unrelated
143801,unrelated
318393,agreed
73492,agreed
43721,unrelated
297883,unrelated
320859,unrelated
286405,unrelated
7162,unrelated
228493,unrelated
252565,unrelated
248620,unrelated
167110,unrelated
117236,unrelated
111606,agreed
94402,unrelated
19682,agreed
60745,unrelated
71354,unrelated
298719,unrelated
61746,agreed
127933,unrelated
79612,unrelated
200123,unrelated
19695,unrelated
183862,unrelated
288209,unrelated
210119,unrelated
312928,agreed
110824,unrelated
14210,unrelated
112317,unrelated
196884,unrelated
27426,unrelated
318621,agreed
163671,agreed
220302,unrelated
313541,unrelated
29805,unrelated
55055,unrelated
265167,agreed
21947,unrelated
207428,unrelated
129876,agreed
302833,disagreed
271435,agreed
166415,agreed
31939,unrelated
139174,unrelated
102320,unrelated
19553,unrelated
34531,agreed
204822,unrelated
194357,agreed
93440,agreed
229085,unrelated
318419,agreed
61636,unrelated
193994,agreed
81989,unrelated
23561,unrelated
161241,agreed
213605,unrelated
58763,unrelated
31935,agreed
315316,unrelated
65843,unrelated
40923,unrelated
59521,unrelated
214559,agreed
229127,agreed
277207,unrelated
33059,unrelated
144818,unrelated
